Group ID	Average H/M	Total H/M	Hit Proteins	Total Proteins	Hit Species	Total Species	A. thaliana Total	C. elegans Total	D. melanogaster Total	D. rerio Total	H. sapiens Total	S. cerevisiae Total	S. pombe Total	A. thaliana Hit	C. elegans Hit	D. melanogaster Hit	D. rerio Hit	H. sapiens Hit	S. cerevisiae Hit	S. pombe Hit	
KOG2653	1.0	1.0	10	10	7	7	1	3	1	3	1.0	1	1	1	1	1.0	1	1	1	1	1.0	1	1	1	1	1.0	1	1	1	1	1.0	1	2	1	2	1.0	1	1	1	1	1.0	
KOG3147	1.0	1.0	16	16	7	7	1	5	1	5	1.0	1	1	1	1	1.0	1	1	1	1	1.0	1	2	1	2	1.0	1	2	1	2	1.0	1	4	1	4	1.0	1	1	1	1	1.0	
KOG2366	1.0	1.0	12	12	6	6	1	4	1	4	1.0	1	1	1	1	1.0	1	2	1	2	1.0	1	2	1	2	1.0	1	2	1	2	1.0	0	0	0	0	0.0	1	1	1	1	1.0	
KOG2958	1.0	1.0	7	7	6	6	1	1	1	1	1.0	1	1	1	1	1.0	1	1	1	1	1.0	0	0	0	0	0.0	1	2	1	2	1.0	1	1	1	1	1.0	1	1	1	1	1.0	
KOG2537	1.0	1.0	8	8	7	7	1	1	1	1	1.0	1	1	1	1	1.0	1	1	1	1	1.0	1	1	1	1	1.0	1	1	1	1	1.0	1	1	1	1	1.0	1	2	1	2	1.0	
KOG1557	1.0	1.0	20	20	5	5	1	8	1	8	1.0	1	2	1	2	1.0	1	2	1	2	1.0	1	5	1	5	1.0	1	3	1	3	1.0	0	0	0	0	0.0	0	0	0	0	0.0	
KOG0631	1.0	1.0	13	13	7	7	1	4	1	4	1.0	1	1	1	1	1.0	1	1	1	1	1.0	1	2	1	2	1.0	1	2	1	2	1.0	1	2	1	2	1.0	1	1	1	1	1.0	
KOG0626	1.0	1.0	62	62	5	5	1	48	1	48	1.0	1	2	1	2	1.0	1	1	1	1	1.0	1	7	1	7	1.0	1	4	1	4	1.0	0	0	0	0	0.0	0	0	0	0	0.0	
KOG2670	1.0	1.0	20	20	7	7	1	3	1	3	1.0	1	1	1	1	1.0	1	1	1	1	1.0	1	5	1	5	1.0	1	4	1	4	1.0	1	4	1	4	1.0	1	2	1	2	1.0	
KOG3340	1.0	1.0	8	8	5	5	1	1	1	1	1.0	1	1	1	1	1.0	1	1	1	1	1.0	1	3	1	3	1.0	1	2	1	2	1.0	0	0	0	0	0.0	0	0	0	0	0.0	
KOG0563	1.0	1.0	17	17	7	7	1	6	1	6	1.0	1	1	1	1	1.0	1	2	1	2	1.0	1	2	1	2	1.0	1	2	1	2	1.0	1	1	1	1	1.0	1	3	1	3	1.0	
KOG2446	1.0	1.0	10	10	7	7	1	2	1	2	1.0	1	1	1	1	1.0	1	1	1	1	1.0	1	2	1	2	1.0	1	2	1	2	1.0	1	1	1	1	1.0	1	1	1	1	1.0	
KOG2787	1.0	1.0	9	9	4	4	1	3	1	3	1.0	0	0	0	0	0.0	1	1	1	1	1.0	1	2	1	2	1.0	1	3	1	3	1.0	0	0	0	0	0.0	0	0	0	0	0.0	
KOG2161	1.0	1.0	9	9	7	7	1	2	1	2	1.0	1	1	1	1	1.0	1	1	1	1	1.0	1	1	1	1	1.0	1	1	1	1	1.0	1	2	1	2	1.0	1	1	1	1	1.0	
KOG2720	1.0	1.0	6	6	5	5	1	2	1	2	1.0	1	1	1	1	1.0	1	1	1	1	1.0	1	1	1	1	1.0	1	1	1	1	1.0	0	0	0	0	0.0	0	0	0	0	0.0	
KOG0470	1.0	1.0	13	13	6	6	1	7	1	7	1.0	1	1	1	1	1.0	1	1	1	1	1.0	1	2	1	2	1.0	1	1	1	1	1.0	1	1	1	1	1.0	0	0	0	0	0.0	
KOG2517	1.0	1.0	22	22	6	6	1	2	1	2	1.0	1	3	1	3	1.0	1	5	1	5	1.0	1	4	1	4	1.0	1	5	1	5	1.0	1	3	1	3	1.0	0	0	0	0	0.0	
KOG1958	1.0	1.0	9	9	5	5	1	1	1	1	1.0	1	2	1	2	1.0	1	2	1	2	1.0	1	2	1	2	1.0	1	2	1	2	1.0	0	0	0	0	0.0	0	0	0	0	0.0	
KOG3354	1.0	1.0	5	5	5	5	1	1	1	1	1.0	1	1	1	1	1.0	0	0	0	0	0.0	0	0	0	0	0.0	1	1	1	1	1.0	1	1	1	1	1.0	1	1	1	1	1.0	
KOG2711	1.0	1.0	19	19	7	7	1	4	1	4	1.0	1	2	1	2	1.0	1	3	1	3	1.0	1	4	1	4	1.0	1	2	1	2	1.0	1	2	1	2	1.0	1	2	1	2	1.0	
KOG2951	1.0	1.0	16	16	6	6	1	3	1	3	1.0	1	1	1	1	1.0	1	6	1	6	1.0	1	2	1	2	1.0	1	2	1	2	1.0	1	2	1	2	1.0	0	0	0	0	0.0	
KOG1369	1.0	1.0	29	29	7	7	1	6	1	6	1.0	1	3	1	3	1.0	1	4	1	4	1.0	1	4	1	4	1.0	1	5	1	5	1.0	1	5	1	5	1.0	1	2	1	2	1.0	
KOG0693	1.0	1.0	7	7	5	5	1	3	1	3	1.0	1	1	1	1	1.0	1	1	1	1	1.0	0	0	0	0	0.0	1	1	1	1	1.0	1	1	1	1	1.0	0	0	0	0	0.0	
KOG4749	1.0	1.0	8	8	5	5	1	4	1	4	1.0	1	1	1	1	1.0	1	1	1	1	1.0	1	1	1	1	1.0	1	1	1	1	1.0	0	0	0	0	0.0	0	0	0	0	0.0	
KOG2323	1.0	1.0	30	30	7	7	1	14	1	14	1.0	1	2	1	2	1.0	1	6	1	6	1.0	1	3	1	3	1.0	1	2	1	2	1.0	1	2	1	2	1.0	1	1	1	1	1.0	
KOG1959	1.0	1.0	16	16	5	5	1	3	1	3	1.0	1	1	1	1	1.0	1	7	1	7	1.0	1	2	1	2	1.0	1	3	1	3	1.0	0	0	0	0	0.0	0	0	0	0	0.0	
KOG1496	1.0	1.0	10	10	5	5	1	4	1	4	1.0	1	1	1	1	1.0	1	1	1	1	1.0	1	2	1	2	1.0	1	2	1	2	1.0	0	0	0	0	0.0	0	0	0	0	0.0	
KOG1494	1.0	1.0	16	16	7	7	1	6	1	6	1.0	1	1	1	1	1.0	1	3	1	3	1.0	1	1	1	1	1.0	1	1	1	1	1.0	1	3	1	3	1.0	1	1	1	1	1.0	
KOG2791	1.0	1.0	6	6	5	5	1	1	1	1	1.0	1	1	1	1	1.0	1	1	1	1	1.0	1	2	1	2	1.0	1	1	1	1	1.0	0	0	0	0	0.0	0	0	0	0	0.0	
KOG2204	1.0	1.0	12	12	6	6	1	2	1	2	1.0	1	2	1	2	1.0	1	2	1	2	1.0	1	2	1	2	1.0	1	3	1	3	1.0	1	1	1	1	1.0	0	0	0	0	0.0	
KOG2431	1.0	1.0	9	9	7	7	1	1	1	1	1.0	1	2	1	2	1.0	1	1	1	1	1.0	1	2	1	2	1.0	1	1	1	1	1.0	1	1	1	1	1.0	1	1	1	1	1.0	
KOG2429	1.0	1.0	11	11	7	7	1	2	1	2	1.0	1	2	1	2	1.0	1	1	1	1	1.0	1	2	1	2	1.0	1	2	1	2	1.0	1	1	1	1	1.0	1	1	1	1	1.0	
KOG2757	1.0	1.0	9	9	7	7	1	2	1	2	1.0	1	2	1	2	1.0	1	1	1	1	1.0	1	1	1	1	1.0	1	1	1	1	1.0	1	1	1	1	1.0	1	1	1	1	1.0	
KOG2064	1.0	1.0	8	8	5	5	1	2	1	2	1.0	1	2	1	2	1.0	1	1	1	1	1.0	1	2	1	2	1.0	1	1	1	1	1.0	0	0	0	0	0.0	0	0	0	0	0.0	
KOG1367	1.0	1.0	11	11	7	7	1	3	1	3	1.0	1	1	1	1	1.0	1	2	1	2	1.0	1	1	1	1	1.0	1	2	1	2	1.0	1	1	1	1	1.0	1	1	1	1	1.0	
KOG0625	1.0	1.0	12	12	7	7	1	3	1	3	1.0	1	1	1	1	1.0	1	1	1	1	1.0	1	2	1	2	1.0	1	2	1	2	1.0	1	2	1	2	1.0	1	1	1	1	1.0	
KOG2099	1.0	1.0	12	12	6	6	1	2	1	2	1.0	1	1	1	1	1.0	1	1	1	1	1.0	1	4	1	4	1.0	1	3	1	3	1.0	1	1	1	1	1.0	0	0	0	0	0.0	
KOG3189	1.0	1.0	9	9	7	7	1	1	1	1	1.0	1	1	1	1	1.0	1	1	1	1	1.0	1	2	1	2	1.0	1	2	1	2	1.0	1	1	1	1	1.0	1	1	1	1	1.0	
KOG1066	1.0	1.0	12	12	7	7	1	2	1	2	1.0	1	2	1	2	1.0	1	1	1	1	1.0	1	3	1	3	1.0	1	2	1	2	1.0	1	1	1	1	1.0	1	1	1	1	1.0	
KOG3111	1.0	1.0	10	10	7	7	1	3	1	3	1.0	1	1	1	1	1.0	1	1	1	1	1.0	1	1	1	1	1.0	1	2	1	2	1.0	1	1	1	1	1.0	1	1	1	1	1.0	
KOG1643	1.0	1.0	9	9	7	7	1	2	1	2	1.0	1	1	1	1	1.0	1	1	1	1	1.0	1	2	1	2	1.0	1	1	1	1	1.0	1	1	1	1	1.0	1	1	1	1	1.0	
KOG1050	1.0	1.0	35	35	5	5	1	21	1	21	1.0	1	2	1	2	1.0	1	3	1	3	1.0	0	0	0	0	0.0	0	0	0	0	0.0	1	4	1	4	1.0	1	5	1	5	1.0	
KOG0602	1.0	1.0	13	13	7	7	1	1	1	1	1.0	1	5	1	5	1.0	1	2	1	2	1.0	1	1	1	1	1.0	1	1	1	1	1.0	1	2	1	2	1.0	1	1	1	1	1.0	
KOG2638	1.0	1.0	12	12	7	7	1	2	1	2	1.0	1	2	1	2	1.0	1	1	1	1	1.0	1	2	1	2	1.0	1	1	1	1	1.0	1	2	1	2	1.0	1	2	1	2	1.0	
KOG1057	1.0	1.0	11	11	7	7	1	2	1	2	1.0	1	1	1	1	1.0	1	1	1	1	1.0	1	3	1	3	1.0	1	2	1	2	1.0	1	1	1	1	1.0	1	1	1	1	1.0	
KOG2531	1.0	1.0	8	8	7	7	1	1	1	1	1.0	1	1	1	1	1.0	1	2	1	2	1.0	1	1	1	1	1.0	1	1	1	1	1.0	1	1	1	1	1.0	1	1	1	1	1.0	
KOG1495	1.0	1.0	15	15	6	6	1	1	1	1	1.0	1	1	1	1	1.0	1	2	1	2	1.0	1	4	1	4	1.0	1	6	1	6	1.0	0	0	0	0	0.0	1	1	1	1	1.0	
KOG1604	1.0	1.0	15	15	6	6	1	4	1	4	1.0	1	1	1	1	1.0	1	5	1	5	1.0	1	1	1	1	1.0	1	1	1	1	1.0	1	3	1	3	1.0	0	0	0	0	0.0	
KOG1220	1.0	1.0	11	11	7	7	1	2	1	2	1.0	1	1	1	1	1.0	1	2	1	2	1.0	1	2	1	2	1.0	1	2	1	2	1.0	1	1	1	1	1.0	1	1	1	1	1.0	
KOG2426	1.0	1.0	9	9	6	6	1	2	1	2	1.0	1	1	1	1	1.0	0	0	0	0	0.0	1	1	1	1	1.0	1	1	1	1	1.0	1	2	1	2	1.0	1	2	1	2	1.0	
KOG2119	1.0	1.0	9	9	5	5	1	4	1	4	1.0	1	2	1	2	1.0	1	1	1	1	1.0	1	1	1	1	1.0	1	1	1	1	1.0	0	0	0	0	0.0	0	0	0	0	0.0	
KOG2772	1.0	1.0	8	8	6	6	1	2	1	2	1.0	1	1	1	1	1.0	1	1	1	1	1.0	0	0	0	0	0.0	1	1	1	1	1.0	1	2	1	2	1.0	1	1	1	1	1.0	
KOG1794	1.0	1.0	6	6	5	5	1	1	1	1	1.0	1	2	1	2	1.0	1	1	1	1	1.0	1	1	1	1	1.0	1	1	1	1	1.0	0	0	0	0	0.0	0	0	0	0	0.0	
KOG2024	1.0	1.0	6	6	5	5	1	1	1	1	1.0	1	1	1	1	1.0	1	2	1	2	1.0	1	1	1	1	1.0	1	1	1	1	1.0	0	0	0	0	0.0	0	0	0	0	0.0	
KOG2244	1.0	1.0	5	5	5	5	1	1	1	1	1.0	1	1	1	1	1.0	1	1	1	1	1.0	1	1	1	1	1.0	1	1	1	1	1.0	0	0	0	0	0.0	0	0	0	0	0.0	
KOG2947	1.0	1.0	8	8	4	4	1	2	1	2	1.0	0	0	0	0	0.0	1	4	1	4	1.0	1	1	1	1	1.0	1	1	1	1	1.0	0	0	0	0	0.0	0	0	0	0	0.0	
KOG4184	1.0	1.0	5	5	4	4	0	0	0	0	0.0	1	1	1	1	1.0	1	1	1	1	1.0	1	2	1	2	1.0	1	1	1	1	1.0	0	0	0	0	0.0	0	0	0	0	0.0	
KOG3916	1.0	1.0	16	16	4	4	0	0	0	0	0.0	1	2	1	2	1.0	1	2	1	2	1.0	1	6	1	6	1.0	1	6	1	6	1.0	0	0	0	0	0.0	0	0	0	0	0.0	
KOG1207	1.0	1.0	4	4	4	4	0	0	0	0	0.0	1	1	1	1	1.0	1	1	1	1	1.0	1	1	1	1	1.0	1	1	1	1	1.0	0	0	0	0	0.0	0	0	0	0	0.0	
KOG3981	1.0	1.0	4	4	4	4	0	0	0	0	0.0	1	1	1	1	1.0	1	1	1	1	1.0	1	1	1	1	1.0	1	1	1	1	1.0	0	0	0	0	0.0	0	0	0	0	0.0	
KOG0451	1.0	1.0	4	4	4	4	0	0	0	0	0.0	1	1	1	1	1.0	1	1	1	1	1.0	1	1	1	1	1.0	1	1	1	1	1.0	0	0	0	0	0.0	0	0	0	0	0.0	
KOG3148	1.0	1.0	6	6	4	4	0	0	0	0	0.0	1	1	1	1	1.0	1	1	1	1	1.0	1	2	1	2	1.0	1	2	1	2	1.0	0	0	0	0	0.0	0	0	0	0	0.0	
KOG3742	1.0	1.0	8	8	5	5	0	0	0	0	0.0	1	1	1	1	1.0	1	1	1	1	1.0	1	2	1	2	1.0	1	2	1	2	1.0	1	2	1	2	1.0	0	0	0	0	0.0	
KOG1976	1.0	1.0	5	5	4	4	0	0	0	0	0.0	1	2	1	2	1.0	1	1	1	1	1.0	1	1	1	1	1.0	1	1	1	1	1.0	0	0	0	0	0.0	0	0	0	0	0.0	
KOG3849	1.0	1.0	4	4	4	4	0	0	0	0	0.0	1	1	1	1	1.0	1	1	1	1	1.0	1	1	1	1	1.0	1	1	1	1	1.0	0	0	0	0	0.0	0	0	0	0	0.0	
ENOG502QPS6	1.0	1.0	4	4	4	4	0	0	0	0	0.0	1	1	1	1	1.0	1	1	1	1	1.0	1	1	1	1	1.0	1	1	1	1	1.0	0	0	0	0	0.0	0	0	0	0	0.0	
KOG0369	1.0	1.0	8	8	6	6	0	0	0	0	0.0	1	1	1	1	1.0	1	1	1	1	1.0	1	2	1	2	1.0	1	1	1	1	1.0	1	2	1	2	1.0	1	1	1	1	1.0	
KOG3917	1.0	1.0	4	4	4	4	0	0	0	0	0.0	1	1	1	1	1.0	1	1	1	1	1.0	1	1	1	1	1.0	1	1	1	1	1.0	0	0	0	0	0.0	0	0	0	0	0.0	
KOG0566	1.0	1.0	9	9	5	5	0	0	0	0	0.0	1	1	1	1	1.0	1	1	1	1	1.0	0	0	0	0	0.0	1	2	1	2	1.0	1	3	1	3	1.0	1	2	1	2	1.0	
KOG0599	1.0	1.0	7	7	4	4	0	0	0	0	0.0	1	1	1	1	1.0	1	1	1	1	1.0	1	3	1	3	1.0	1	2	1	2	1.0	0	0	0	0	0.0	0	0	0	0	0.0	
KOG3749	1.0	1.0	9	9	4	4	0	0	0	0	0.0	1	3	1	3	1.0	1	2	1	2	1.0	1	2	1	2	1.0	1	2	1	2	1.0	0	0	0	0	0.0	0	0	0	0	0.0	
KOG2212	1.0	1.0	9	9	4	4	0	0	0	0	0.0	1	1	1	1	1.0	1	2	1	2	1.0	1	3	1	3	1.0	1	3	1	3	1.0	0	0	0	0	0.0	0	0	0	0	0.0	
KOG3853	1.0	1.0	4	4	4	4	0	0	0	0	0.0	1	1	1	1	1.0	1	1	1	1	1.0	1	1	1	1	1.0	1	1	1	1	1.0	0	0	0	0	0.0	0	0	0	0	0.0	
KOG3099	1.0	1.0	7	7	4	4	0	0	0	0	0.0	1	1	1	1	1.0	1	2	1	2	1.0	1	2	1	2	1.0	1	2	1	2	1.0	0	0	0	0	0.0	0	0	0	0	0.0	
KOG4572	1.0	1.0	4	4	4	4	0	0	0	0	0.0	1	1	1	1	1.0	1	1	1	1	1.0	1	1	1	1	1.0	1	1	1	1	1.0	0	0	0	0	0.0	0	0	0	0	0.0	
KOG2430	1.0	1.0	5	5	4	4	0	0	0	0	0.0	1	1	1	1	1.0	1	1	1	1	1.0	1	2	1	2	1.0	1	1	1	1	1.0	0	0	0	0	0.0	0	0	0	0	0.0	
KOG3625	1.0	1.0	6	6	5	5	0	0	0	0	0.0	1	1	1	1	1.0	1	1	1	1	1.0	1	2	1	2	1.0	1	1	1	1	1.0	1	1	1	1	1.0	0	0	0	0	0.0	
KOG4125	1.0	1.0	4	4	4	4	0	0	0	0	0.0	0	0	0	0	0.0	1	1	1	1	1.0	1	1	1	1	1.0	1	1	1	1	1.0	1	1	1	1	1.0	0	0	0	0	0.0	
KOG4499	1.0	1.0	5	5	4	4	0	0	0	0	0.0	0	0	0	0	0.0	1	2	1	2	1.0	1	1	1	1	1.0	1	1	1	1	1.0	1	1	1	1	1.0	0	0	0	0	0.0	
KOG4342	1.0	1.0	4	4	4	4	0	0	0	0	0.0	0	0	0	0	0.0	0	0	0	0	0.0	1	1	1	1	1.0	1	1	1	1	1.0	1	1	1	1	1.0	1	1	1	1	1.0	
KOG1371	0.99107	0.95652	22	23	7	7	1	15	1	16	0.9375	1	1	1	1	1.0	1	1	1	1	1.0	1	1	1	1	1.0	1	1	1	1	1.0	1	1	1	1	1.0	1	2	1	2	1.0	
KOG2440	0.9881	0.96296	26	27	7	7	1	11	1	12	0.91667	1	2	1	2	1.0	1	1	1	1	1.0	1	6	1	6	1.0	1	3	1	3	1.0	1	2	1	2	1.0	1	1	1	1	1.0	
KOG1476	0.97143	0.95238	20	21	5	5	1	4	1	4	1.0	1	6	1	7	0.85714	1	3	1	3	1.0	1	4	1	4	1.0	1	3	1	3	1.0	0	0	0	0	0.0	0	0	0	0	0.0	
KOG0496	0.96667	0.88571	31	35	5	5	1	20	1	24	0.83333	1	2	1	2	1.0	1	2	1	2	1.0	1	3	1	3	1.0	1	4	1	4	1.0	0	0	0	0	0.0	0	0	0	0	0.0	
KOG1458	0.96429	0.92857	13	14	7	7	1	4	1	4	1.0	1	1	1	1	1.0	1	1	1	1	1.0	1	3	1	4	0.75	1	2	1	2	1.0	1	1	1	1	1.0	1	1	1	1	1.0	
KOG1429	0.96	0.85714	12	14	5	5	1	8	1	10	0.8	1	1	1	1	1.0	1	1	1	1	1.0	1	1	1	1	1.0	1	1	1	1	1.0	0	0	0	0	0.0	0	0	0	0	0.0	
KOG0471	0.95238	0.97368	37	38	7	7	1	3	1	3	1.0	1	2	1	3	0.66667	1	11	1	11	1.0	1	5	1	5	1.0	1	2	1	2	1.0	1	6	1	6	1.0	1	8	1	8	1.0	
KOG0657	0.95238	0.95833	23	24	7	7	1	7	1	7	1.0	1	4	1	4	1.0	1	3	1	3	1.0	1	2	1	2	1.0	1	2	1	3	0.66667	1	3	1	3	1.0	1	2	1	2	1.0	
KOG2855	0.95238	0.78947	15	19	7	7	1	8	1	12	0.66667	1	1	1	1	1.0	1	2	1	2	1.0	1	1	1	1	1.0	1	1	1	1	1.0	1	1	1	1	1.0	1	1	1	1	1.0	
KOG2806	0.95116	0.8961	69	77	6	6	1	9	1	9	1.0	1	32	1	37	0.86486	1	16	1	19	0.84211	1	5	1	5	1.0	1	6	1	6	1.0	1	1	1	1	1.0	0	0	0	0	0.0	
KOG3703	0.95	0.90909	10	11	4	4	0	0	0	0	0.0	1	1	1	1	1.0	1	1	1	1	1.0	1	4	1	5	0.8	1	4	1	4	1.0	0	0	0	0	0.0	0	0	0	0	0.0	
KOG1065	0.94444	0.95455	21	22	6	6	1	3	1	3	1.0	1	2	1	3	0.66667	1	2	1	2	1.0	1	6	1	6	1.0	1	5	1	5	1.0	0	0	0	0	0.0	1	3	1	3	1.0	
KOG3075	0.92857	0.8	8	10	7	7	1	2	1	4	0.5	1	1	1	1	1.0	1	1	1	1	1.0	1	1	1	1	1.0	1	1	1	1	1.0	1	1	1	1	1.0	1	1	1	1	1.0	
KOG2499	0.92	0.84615	11	13	5	5	1	3	1	3	1.0	1	1	1	1	1.0	1	3	1	5	0.6	1	2	1	2	1.0	1	2	1	2	1.0	0	0	0	0	0.0	0	0	0	0	0.0	
KOG2617	0.90476	0.875	14	16	7	7	1	5	1	6	0.83333	1	1	1	1	1.0	1	2	1	2	1.0	1	1	1	1	1.0	1	1	1	2	0.5	1	3	1	3	1.0	1	1	1	1	1.0	
KOG0234	0.90476	0.92	23	25	7	7	1	1	1	3	0.33333	1	2	1	2	1.0	1	1	1	1	1.0	1	7	1	7	1.0	1	4	1	4	1.0	1	4	1	4	1.0	1	4	1	4	1.0	
KOG1573	0.9	0.88889	8	9	5	5	1	4	1	4	1.0	1	1	1	2	0.5	1	1	1	1	1.0	1	1	1	1	1.0	1	1	1	1	1.0	0	0	0	0	0.0	0	0	0	0	0.0	
KOG2091	0.9	0.83333	5	6	5	5	1	1	1	1	1.0	1	1	1	2	0.5	1	1	1	1	1.0	1	1	1	1	1.0	1	1	1	1	1.0	0	0	0	0	0.0	0	0	0	0	0.0	
KOG3892	0.875	0.8	4	5	4	4	0	0	0	0	0.0	1	1	1	1	1.0	1	1	1	1	1.0	1	1	1	1	1.0	1	1	1	2	0.5	0	0	0	0	0.0	0	0	0	0	0.0	
KOG0024	0.87143	0.8	12	15	7	7	1	1	1	1	1.0	1	2	1	2	1.0	1	3	1	3	1.0	1	1	1	1	1.0	1	1	1	1	1.0	1	3	1	5	0.6	1	1	1	2	0.5	
KOG0524	0.85714	0.88889	8	9	6	7	1	3	1	3	1.0	1	1	1	1	1.0	0	0	1	1	0.0	1	1	1	1	1.0	1	1	1	1	1.0	1	1	1	1	1.0	1	1	1	1	1.0	
KOG3635	0.85417	0.83333	10	12	4	4	0	0	0	0	0.0	1	2	1	2	1.0	1	2	1	3	0.66667	1	3	1	4	0.75	1	3	1	3	1.0	0	0	0	0	0.0	0	0	0	0	0.0	
KOG2230	0.8	0.8	4	5	4	5	1	1	1	1	1.0	1	1	1	1	1.0	0	0	1	1	0.0	1	1	1	1	1.0	1	1	1	1	1.0	0	0	0	0	0.0	0	0	0	0	0.0	
KOG0565	0.77308	0.6087	28	46	7	7	1	8	1	15	0.53333	1	3	1	3	1.0	1	3	1	4	0.75	1	6	1	13	0.46154	1	6	1	9	0.66667	1	1	1	1	1.0	1	1	1	1	1.0	
KOG1699	0.75	0.85714	6	7	3	4	1	4	1	4	1.0	0	0	0	0	0.0	0	0	1	1	0.0	1	1	1	1	1.0	1	1	1	1	1.0	0	0	0	0	0.0	0	0	0	0	0.0	
ENOG502QRCP	0.75	0.875	7	8	3	4	0	0	0	0	0.0	1	4	1	4	1.0	0	0	1	1	0.0	1	2	1	2	1.0	1	1	1	1	1.0	0	0	0	0	0.0	0	0	0	0	0.0	
KOG1526	0.71429	0.71429	10	14	5	7	0	0	1	3	0.0	1	2	1	2	1.0	1	1	1	1	1.0	1	2	1	2	1.0	1	2	1	2	1.0	1	3	1	3	1.0	0	0	1	1	0.0	
KOG0225	0.71429	0.66667	8	12	5	7	1	3	1	3	1.0	1	1	1	1	1.0	0	0	1	2	0.0	0	0	1	2	0.0	1	2	1	2	1.0	1	1	1	1	1.0	1	1	1	1	1.0	
KOG4651	0.6975	0.47917	23	48	4	4	0	0	0	0	0.0	1	1	1	25	0.04	1	3	1	4	0.75	1	12	1	12	1.0	1	7	1	7	1.0	0	0	0	0	0.0	0	0	0	0	0.0	
KOG1950	0.6875	0.70968	22	31	6	7	1	13	1	16	0.8125	1	1	1	3	0.33333	1	1	1	1	1.0	1	3	1	3	1.0	1	2	1	2	1.0	1	2	1	3	0.66667	0	0	1	3	0.0	
KOG0787	0.68571	0.5	9	18	5	7	0	0	1	1	0.0	1	1	1	1	1.0	1	1	1	1	1.0	0	0	1	7	0.0	1	4	1	5	0.8	1	2	1	2	1.0	1	1	1	1	1.0	
KOG0235	0.66667	0.66667	18	27	6	6	1	2	1	5	0.4	0	0	0	0	0.0	1	3	1	3	1.0	1	4	1	6	0.66667	1	4	1	5	0.8	1	4	1	5	0.8	1	1	1	3	0.33333	
KOG3986	0.64773	0.55556	15	27	5	5	0	0	0	0	0.0	1	2	1	2	1.0	1	1	1	2	0.5	1	4	1	11	0.36364	1	5	1	8	0.625	1	3	1	4	0.75	0	0	0	0	0.0	
KOG3922	0.625	0.55556	5	9	4	4	0	0	0	0	0.0	1	1	1	1	1.0	1	1	1	2	0.5	1	2	1	3	0.66667	1	1	1	3	0.33333	0	0	0	0	0.0	0	0	0	0	0.0	
KOG0042	0.61905	0.45455	5	11	5	7	1	1	1	1	1.0	1	1	1	3	0.33333	0	0	1	3	0.0	0	0	1	1	0.0	1	1	1	1	1.0	1	1	1	1	1.0	1	1	1	1	1.0	
KOG0831	0.54592	0.38095	8	21	5	7	1	1	1	1	1.0	0	0	1	4	0.0	0	0	1	3	0.0	1	1	1	4	0.25	1	4	1	7	0.57143	1	1	1	1	1.0	1	1	1	1	1.0	
KOG2287	0.54146	0.51429	36	70	6	6	1	1	1	7	0.14286	1	1	1	18	0.05556	1	3	1	8	0.375	1	18	1	22	0.81818	1	12	1	14	0.85714	0	0	0	0	0.0	1	1	1	1	1.0	
KOG2692	0.53857	0.54	27	50	3	4	0	0	1	3	0.0	0	0	0	0	0.0	1	1	1	1	1.0	1	11	1	25	0.44	1	15	1	21	0.71429	0	0	0	0	0.0	0	0	0	0	0.0	
KOG3211	0.53333	0.5	5	10	4	5	0	0	1	2	0.0	1	1	1	1	1.0	1	1	1	2	0.5	1	2	1	3	0.66667	1	1	1	2	0.5	0	0	0	0	0.0	0	0	0	0	0.0	
KOG4644	0.5	0.5	2	4	2	4	1	1	1	1	1.0	0	0	1	1	0.0	0	0	0	0	0.0	0	0	1	1	0.0	1	1	1	1	1.0	0	0	0	0	0.0	0	0	0	0	0.0	
KOG1022	0.5	0.42857	3	7	3	4	1	1	1	2	0.5	0	0	0	0	0.0	1	1	1	1	1.0	0	0	1	2	0.0	1	1	1	2	0.5	0	0	0	0	0.0	0	0	0	0	0.0	
KOG2741	0.5	0.25	3	12	3	6	0	0	1	4	0.0	0	0	0	0	0.0	0	0	1	3	0.0	0	0	1	2	0.0	1	1	1	1	1.0	1	1	1	1	1.0	1	1	1	1	1.0	
KOG3737	0.5	0.5	2	4	2	4	0	0	0	0	0.0	0	0	1	1	0.0	1	1	1	1	1.0	0	0	1	1	0.0	1	1	1	1	1.0	0	0	0	0	0.0	0	0	0	0	0.0	
KOG3593	0.5	0.4	2	5	2	4	0	0	0	0	0.0	0	0	1	2	0.0	0	0	1	1	0.0	1	1	1	1	1.0	1	1	1	1	1.0	0	0	0	0	0.0	0	0	0	0	0.0	
KOG2666	0.48	0.44444	4	9	3	5	1	2	1	5	0.4	0	0	1	1	0.0	1	1	1	1	1.0	0	0	1	1	0.0	1	1	1	1	1.0	0	0	0	0	0.0	0	0	0	0	0.0	
KOG4258	0.45833	0.36364	4	11	3	4	0	0	0	0	0.0	1	1	1	1	1.0	0	0	1	3	0.0	1	2	1	4	0.5	1	1	1	3	0.33333	0	0	0	0	0.0	0	0	0	0	0.0	
KOG1260	0.4375	0.375	3	8	3	4	1	1	1	4	0.25	1	1	1	1	1.0	0	0	0	0	0.0	0	0	0	0	0.0	0	0	0	0	0.0	1	1	1	2	0.5	0	0	1	1	0.0	
KOG2882	0.42857	0.2381	5	21	3	7	0	0	1	2	0.0	0	0	1	5	0.0	0	0	1	8	0.0	1	2	1	2	1.0	1	2	1	2	1.0	1	1	1	1	1.0	0	0	1	1	0.0	
KOG2661	0.4	0.4	2	5	2	5	0	0	1	1	0.0	0	0	0	0	0.0	0	0	0	0	0.0	1	1	1	1	1.0	1	1	1	1	1.0	0	0	1	1	0.0	0	0	1	1	0.0	
KOG4571	0.375	0.2	2	10	2	4	0	0	0	0	0.0	0	0	1	3	0.0	1	1	1	1	1.0	0	0	1	4	0.0	1	1	1	2	0.5	0	0	0	0	0.0	0	0	0	0	0.0	
KOG1021	0.35	0.25532	12	47	3	5	1	10	1	40	0.25	0	0	1	1	0.0	1	1	1	1	1.0	0	0	1	3	0.0	1	1	1	2	0.5	0	0	0	0	0.0	0	0	0	0	0.0	
KOG2619	0.34167	0.28571	10	35	3	5	1	2	1	3	0.66667	1	1	1	6	0.16667	0	0	1	4	0.0	0	0	1	14	0.0	1	7	1	8	0.875	0	0	0	0	0.0	0	0	0	0	0.0	
KOG0374	0.32143	0.1125	9	80	3	7	0	0	1	17	0.0	0	0	1	37	0.0	0	0	1	10	0.0	1	5	1	5	1.0	1	3	1	3	1.0	1	1	1	4	0.25	0	0	1	4	0.0	
KOG2571	0.30556	0.33333	6	18	3	6	0	0	0	0	0.0	0	0	1	2	0.0	0	0	1	2	0.0	1	2	1	6	0.33333	1	3	1	3	1.0	0	0	1	3	0.0	1	1	1	2	0.5	
KOG0557	0.28571	0.4375	7	16	3	7	1	5	1	5	1.0	1	1	1	2	0.5	0	0	1	1	0.0	0	0	1	2	0.0	1	1	1	2	0.5	0	0	1	2	0.0	0	0	1	2	0.0	
KOG0450	0.28571	0.25	3	12	2	7	0	0	1	2	0.0	1	1	1	1	1.0	0	0	1	2	0.0	0	0	1	3	0.0	1	2	1	2	1.0	0	0	1	1	0.0	0	0	1	1	0.0	
KOG1764	0.26786	0.25926	7	27	4	7	1	3	1	8	0.375	0	0	1	5	0.0	0	0	1	1	0.0	0	0	1	5	0.0	1	2	1	3	0.66667	1	1	1	3	0.33333	1	1	1	2	0.5	
KOG1577	0.26667	0.2	12	60	3	7	0	0	1	10	0.0	0	0	1	13	0.0	0	0	1	8	0.0	0	0	1	7	0.0	1	2	1	10	0.2	1	5	1	6	0.83333	1	5	1	6	0.83333	
KOG0799	0.25714	0.06522	3	46	2	5	0	0	1	11	0.0	0	0	1	20	0.0	1	1	1	1	1.0	0	0	1	7	0.0	1	2	1	7	0.28571	0	0	0	0	0.0	0	0	0	0	0.0	
KOG1310	0.25	0.28571	2	7	2	6	0	0	1	1	0.0	0	0	1	1	0.0	1	1	1	1	1.0	0	0	1	1	0.0	1	1	1	2	0.5	0	0	0	0	0.0	0	0	1	1	0.0	
KOG4824	0.25	0.11111	1	9	1	4	0	0	1	2	0.0	0	0	0	0	0.0	0	0	1	3	0.0	0	0	1	3	0.0	1	1	1	1	1.0	0	0	0	0	0.0	0	0	0	0	0.0	
KOG2558	0.25	0.25	1	4	1	4	1	1	1	1	1.0	0	0	0	0	0.0	0	0	1	1	0.0	0	0	1	1	0.0	0	0	1	1	0.0	0	0	0	0	0.0	0	0	0	0	0.0	
KOG1576	0.25	0.14286	1	7	1	4	1	1	1	1	1.0	0	0	1	1	0.0	0	0	1	4	0.0	0	0	0	0	0.0	0	0	0	0	0.0	0	0	1	1	0.0	0	0	0	0	0.0	
KOG4587	0.25	0.125	1	8	1	4	0	0	0	0	0.0	1	1	1	1	1.0	0	0	1	1	0.0	0	0	1	2	0.0	0	0	1	4	0.0	0	0	0	0	0.0	0	0	0	0	0.0	
KOG2264	0.25	0.25	1	4	1	4	0	0	0	0	0.0	0	0	1	1	0.0	1	1	1	1	1.0	0	0	1	1	0.0	0	0	1	1	0.0	0	0	0	0	0.0	0	0	0	0	0.0	
KOG3705	0.25	0.2	1	5	1	4	0	0	0	0	0.0	0	0	1	2	0.0	0	0	1	1	0.0	0	0	1	1	0.0	1	1	1	1	1.0	0	0	0	0	0.0	0	0	0	0	0.0	
KOG3738	0.25	0.22222	2	9	1	4	0	0	0	0	0.0	0	0	1	1	0.0	1	2	1	2	1.0	0	0	1	3	0.0	0	0	1	3	0.0	0	0	0	0	0.0	0	0	0	0	0.0	
KOG3935	0.25	0.2	1	5	1	4	0	0	0	0	0.0	0	0	1	2	0.0	0	0	1	1	0.0	0	0	1	1	0.0	1	1	1	1	1.0	0	0	0	0	0.0	0	0	0	0	0.0	
KOG2193	0.25	0.11111	1	9	1	4	0	0	0	0	0.0	0	0	1	1	0.0	1	1	1	1	1.0	0	0	1	4	0.0	0	0	1	3	0.0	0	0	0	0	0.0	0	0	0	0	0.0	
KOG3866	0.25	0.11111	1	9	1	4	0	0	0	0	0.0	0	0	1	1	0.0	1	1	1	1	1.0	0	0	1	3	0.0	0	0	1	4	0.0	0	0	0	0	0.0	0	0	0	0	0.0	
KOG1259	0.25	0.25	1	4	1	4	0	0	0	0	0.0	0	0	1	1	0.0	0	0	1	1	0.0	0	0	1	1	0.0	1	1	1	1	1.0	0	0	0	0	0.0	0	0	0	0	0.0	
KOG4041	0.25	0.16667	1	6	1	4	0	0	0	0	0.0	0	0	1	1	0.0	0	0	1	3	0.0	0	0	1	1	0.0	1	1	1	1	1.0	0	0	0	0	0.0	0	0	0	0	0.0	
KOG3698	0.25	0.16667	1	6	1	4	0	0	0	0	0.0	1	1	1	1	1.0	0	0	1	1	0.0	0	0	1	3	0.0	0	0	1	1	0.0	0	0	0	0	0.0	0	0	0	0	0.0	
KOG3736	0.24198	0.21154	11	52	2	4	0	0	0	0	0.0	0	0	1	7	0.0	1	10	1	11	0.90909	0	0	1	17	0.0	1	1	1	17	0.05882	0	0	0	0	0.0	0	0	0	0	0.0	
KOG2397	0.21429	0.18182	2	11	2	7	0	0	1	2	0.0	0	0	1	1	0.0	0	0	1	2	0.0	0	0	1	2	0.0	1	1	1	2	0.5	1	1	1	1	1.0	0	0	1	1	0.0	
KOG0288	0.2	0.125	1	8	1	5	0	0	1	1	0.0	0	0	1	2	0.0	1	1	1	1	1.0	0	0	1	2	0.0	0	0	1	2	0.0	0	0	0	0	0.0	0	0	0	0	0.0	
KOG1422	0.2	0.21053	4	19	1	5	1	4	1	4	1.0	0	0	1	2	0.0	0	0	1	1	0.0	0	0	1	6	0.0	0	0	1	6	0.0	0	0	0	0	0.0	0	0	0	0	0.0	
KOG0406	0.2	0.04545	2	44	1	5	0	0	1	31	0.0	0	0	1	5	0.0	0	0	1	4	0.0	0	0	1	2	0.0	1	2	1	2	1.0	0	0	0	0	0.0	0	0	0	0	0.0	
KOG3466	0.2	0.2	1	5	1	5	1	1	1	1	1.0	0	0	1	1	0.0	0	0	1	1	0.0	0	0	1	1	0.0	0	0	1	1	0.0	0	0	0	0	0.0	0	0	0	0	0.0	
KOG4626	0.2	0.11111	1	9	1	5	0	0	1	2	0.0	1	1	1	1	1.0	0	0	1	1	0.0	0	0	1	3	0.0	0	0	1	2	0.0	0	0	0	0	0.0	0	0	0	0	0.0	
KOG0637	0.2	0.40909	9	22	1	5	1	9	1	9	1.0	0	0	0	0	0.0	0	0	1	2	0.0	0	0	1	6	0.0	0	0	1	4	0.0	0	0	0	0	0.0	0	0	1	1	0.0	
KOG0751	0.2	0.28571	2	7	1	5	0	0	0	0	0.0	0	0	1	1	0.0	0	0	1	1	0.0	0	0	1	2	0.0	1	2	1	2	1.0	0	0	1	1	0.0	0	0	0	0	0.0	
KOG4841	0.2	0.2	1	5	1	5	0	0	0	0	0.0	0	0	1	1	0.0	0	0	1	1	0.0	0	0	1	1	0.0	1	1	1	1	1.0	0	0	0	0	0.0	0	0	1	1	0.0	
KOG1192	0.17227	0.01805	5	277	2	6	1	4	1	119	0.03361	0	0	1	76	0.0	0	0	1	36	0.0	0	0	1	24	0.0	0	0	1	21	0.0	1	1	1	1	1.0	0	0	0	0	0.0	
KOG3041	0.16667	0.16667	1	6	1	6	0	0	1	1	0.0	0	0	1	1	0.0	0	0	0	0	0.0	0	0	1	1	0.0	1	1	1	1	1.0	0	0	1	1	0.0	0	0	1	1	0.0	
KOG2953	0.16667	0.07692	1	13	1	6	0	0	1	5	0.0	0	0	1	1	0.0	0	0	1	1	0.0	0	0	1	2	0.0	0	0	1	3	0.0	1	1	1	1	1.0	0	0	0	0	0.0	
KOG0690	0.16667	0.22222	2	9	1	4	0	0	0	0	0.0	0	0	1	2	0.0	0	0	1	1	0.0	0	0	1	3	0.0	1	2	1	3	0.66667	0	0	0	0	0.0	0	0	0	0	0.0	
KOG3754	0.16667	0.16667	1	6	1	6	0	0	0	0	0.0	0	0	1	1	0.0	0	0	1	1	0.0	0	0	1	1	0.0	1	1	1	1	1.0	0	0	1	1	0.0	0	0	1	1	0.0	
KOG2914	0.15	0.26087	6	23	2	7	1	2	1	8	0.25	0	0	1	1	0.0	0	0	1	5	0.0	0	0	1	1	0.0	0	0	1	1	0.0	1	4	1	5	0.8	0	0	1	2	0.0	
KOG0368	0.14286	0.08333	1	12	1	7	0	0	1	2	0.0	0	0	1	2	0.0	1	1	1	1	1.0	0	0	1	2	0.0	0	0	1	2	0.0	0	0	1	2	0.0	0	0	1	1	0.0	
KOG3439	0.14286	0.11111	1	9	1	7	0	0	1	3	0.0	0	0	1	1	0.0	1	1	1	1	1.0	0	0	1	1	0.0	0	0	1	1	0.0	0	0	1	1	0.0	0	0	1	1	0.0	
KOG2993	0.14286	0.11111	1	9	1	7	0	0	1	1	0.0	0	0	1	1	0.0	1	1	1	1	1.0	0	0	1	2	0.0	0	0	1	2	0.0	0	0	1	1	0.0	0	0	1	1	0.0	
KOG2981	0.14286	0.14286	1	7	1	7	0	0	1	1	0.0	0	0	1	1	0.0	1	1	1	1	1.0	0	0	1	1	0.0	0	0	1	1	0.0	0	0	1	1	0.0	0	0	1	1	0.0	
KOG2976	0.14286	0.14286	1	7	1	7	0	0	1	1	0.0	0	0	1	1	0.0	1	1	1	1	1.0	0	0	1	1	0.0	0	0	1	1	0.0	0	0	1	1	0.0	0	0	1	1	0.0	
KOG2173	0.14286	0.125	1	8	1	7	0	0	1	1	0.0	0	0	1	1	0.0	1	1	1	1	1.0	0	0	1	2	0.0	0	0	1	1	0.0	0	0	1	1	0.0	0	0	1	1	0.0	
KOG2751	0.14286	0.14286	1	7	1	7	0	0	1	1	0.0	0	0	1	1	0.0	1	1	1	1	1.0	0	0	1	1	0.0	0	0	1	1	0.0	0	0	1	1	0.0	0	0	1	1	0.0	
KOG0100	0.14286	0.07692	1	13	1	7	0	0	1	3	0.0	0	0	1	2	0.0	0	0	1	1	0.0	0	0	1	2	0.0	0	0	1	3	0.0	1	1	1	1	1.0	0	0	1	1	0.0	
KOG1270	0.14286	0.11111	1	9	1	7	0	0	1	2	0.0	0	0	1	1	0.0	0	0	1	1	0.0	0	0	1	1	0.0	1	1	1	1	1.0	0	0	1	1	0.0	0	0	1	2	0.0	
KOG1381	0.14286	0.14286	1	7	1	7	0	0	1	1	0.0	0	0	1	1	0.0	0	0	1	1	0.0	0	0	1	1	0.0	1	1	1	1	1.0	0	0	1	1	0.0	0	0	1	1	0.0	
KOG0380	0.14286	0.0625	1	16	1	7	1	1	1	1	1.0	0	0	1	2	0.0	0	0	1	2	0.0	0	0	1	4	0.0	0	0	1	3	0.0	0	0	1	2	0.0	0	0	1	2	0.0	
KOG2421	0.14286	0.2	3	15	1	7	1	3	1	3	1.0	0	0	1	2	0.0	0	0	1	5	0.0	0	0	1	1	0.0	0	0	1	1	0.0	0	0	1	2	0.0	0	0	1	1	0.0	
KOG2258	0.14286	0.30303	10	33	1	7	1	10	1	10	1.0	0	0	1	4	0.0	0	0	1	1	0.0	0	0	1	10	0.0	0	0	1	6	0.0	0	0	1	1	0.0	0	0	1	1	0.0	
KOG0785	0.14286	0.08333	1	12	1	7	0	0	1	2	0.0	0	0	1	1	0.0	0	0	1	3	0.0	0	0	1	1	0.0	1	1	1	1	1.0	0	0	1	2	0.0	0	0	1	2	0.0	
KOG4102	0.14286	0.1	1	10	1	7	0	0	1	1	0.0	0	0	1	3	0.0	0	0	1	2	0.0	0	0	1	1	0.0	0	0	1	1	0.0	1	1	1	1	1.0	0	0	1	1	0.0	
KOG1027	0.14286	0.07692	1	13	1	7	0	0	1	3	0.0	0	0	1	1	0.0	0	0	1	1	0.0	0	0	1	3	0.0	0	0	1	3	0.0	1	1	1	1	1.0	0	0	1	1	0.0	
KOG2839	0.14286	0.04167	1	24	1	7	0	0	1	7	0.0	0	0	1	2	0.0	0	0	1	2	0.0	0	0	1	5	0.0	0	0	1	6	0.0	1	1	1	1	1.0	0	0	1	1	0.0	
KOG2754	0.14286	0.14286	1	7	1	7	1	1	1	1	1.0	0	0	1	1	0.0	0	0	1	1	0.0	0	0	1	1	0.0	0	0	1	1	0.0	0	0	1	1	0.0	0	0	1	1	0.0	
KOG2086	0.14286	0.05882	1	17	1	7	0	0	1	4	0.0	0	0	1	1	0.0	0	0	1	3	0.0	0	0	1	3	0.0	0	0	1	4	0.0	1	1	1	1	1.0	0	0	1	1	0.0	
KOG0756	0.14286	0.07143	1	14	1	7	0	0	1	1	0.0	0	0	1	2	0.0	0	0	1	1	0.0	0	0	1	3	0.0	1	1	1	1	1.0	0	0	1	4	0.0	0	0	1	2	0.0	
KOG1822	0.14286	0.11111	1	9	1	7	1	1	1	1	1.0	0	0	1	1	0.0	0	0	1	1	0.0	0	0	1	2	0.0	0	0	1	2	0.0	0	0	1	1	0.0	0	0	1	1	0.0	
KOG1879	0.14286	0.1	1	10	1	7	0	0	1	1	0.0	0	0	1	2	0.0	0	0	1	1	0.0	0	0	1	2	0.0	0	0	1	2	0.0	1	1	1	1	1.0	0	0	1	1	0.0	
KOG4067	0.14286	0.14286	1	7	1	7	0	0	1	1	0.0	0	0	1	1	0.0	0	0	1	1	0.0	0	0	1	1	0.0	0	0	1	1	0.0	1	1	1	1	1.0	0	0	1	1	0.0	
KOG1183	0.14286	0.14286	1	7	1	7	0	0	1	1	0.0	0	0	1	1	0.0	0	0	1	1	0.0	0	0	1	1	0.0	1	1	1	1	1.0	0	0	1	1	0.0	0	0	1	1	0.0	
KOG1292	0.13333	0.08	2	25	1	5	0	0	1	12	0.0	0	0	1	6	0.0	0	0	1	1	0.0	0	0	1	3	0.0	1	2	1	3	0.66667	0	0	0	0	0.0	0	0	0	0	0.0	
KOG1616	0.125	0.30435	7	23	1	7	1	7	1	8	0.875	0	0	1	3	0.0	0	0	1	1	0.0	0	0	1	3	0.0	0	0	1	2	0.0	0	0	1	5	0.0	0	0	1	1	0.0	
KOG2391	0.125	0.16667	2	12	2	6	0	0	1	3	0.0	0	0	1	1	0.0	0	0	1	1	0.0	1	1	1	4	0.25	1	1	1	2	0.5	0	0	1	1	0.0	0	0	0	0	0.0	
KOG3010	0.125	0.07692	1	13	1	4	0	0	1	6	0.0	0	0	0	0	0.0	0	0	0	0	0.0	0	0	1	3	0.0	0	0	0	0	0.0	0	0	1	2	0.0	1	1	1	2	0.5	
KOG0140	0.125	0.11111	1	9	1	4	0	0	0	0	0.0	0	0	1	4	0.0	0	0	1	1	0.0	0	0	1	2	0.0	1	1	1	2	0.5	0	0	0	0	0.0	0	0	0	0	0.0	
KOG4846	0.125	0.1	1	10	1	4	0	0	0	0	0.0	0	0	1	2	0.0	0	0	1	1	0.0	0	0	1	5	0.0	1	1	1	2	0.5	0	0	0	0	0.0	0	0	0	0	0.0	
ENOG502QUNU	0.125	0.125	1	8	1	4	0	0	0	0	0.0	0	0	1	1	0.0	0	0	1	1	0.0	0	0	1	4	0.0	1	1	1	2	0.5	0	0	0	0	0.0	0	0	0	0	0.0	
KOG1322	0.11111	0.46667	7	15	1	7	1	7	1	9	0.77778	0	0	1	1	0.0	0	0	1	1	0.0	0	0	1	1	0.0	0	0	1	1	0.0	0	0	1	1	0.0	0	0	1	1	0.0	
KOG0523	0.10476	0.1875	3	16	2	7	1	2	1	5	0.4	0	0	1	1	0.0	0	0	1	2	0.0	0	0	1	2	0.0	1	1	1	3	0.33333	0	0	1	2	0.0	0	0	1	1	0.0	
KOG0452	0.1	0.18182	2	11	1	5	1	2	1	4	0.5	0	0	1	1	0.0	0	0	1	2	0.0	0	0	1	2	0.0	0	0	1	2	0.0	0	0	0	0	0.0	0	0	0	0	0.0	
KOG1051	0.1	0.04545	1	22	1	5	0	0	1	16	0.0	0	0	0	0	0.0	0	0	0	0	0.0	0	0	1	1	0.0	0	0	1	1	0.0	1	1	1	2	0.5	0	0	1	2	0.0	
KOG0133	0.1	0.04167	1	24	1	5	0	0	1	7	0.0	0	0	0	0	0.0	0	0	1	4	0.0	0	0	1	10	0.0	1	1	1	2	0.5	0	0	1	1	0.0	0	0	0	0	0.0	
KOG1431	0.1	0.125	1	8	1	5	1	1	1	2	0.5	0	0	1	1	0.0	0	0	1	1	0.0	0	0	1	3	0.0	0	0	1	1	0.0	0	0	0	0	0.0	0	0	0	0	0.0	
KOG3009	0.1	0.16667	1	6	1	5	1	1	1	2	0.5	0	0	1	1	0.0	0	0	1	1	0.0	0	0	1	1	0.0	0	0	0	0	0.0	0	0	0	0	0.0	0	0	1	1	0.0	
KOG3491	0.1	0.1	1	10	1	5	0	0	1	1	0.0	0	0	1	2	0.0	0	0	1	1	0.0	0	0	1	4	0.0	1	1	1	2	0.5	0	0	0	0	0.0	0	0	0	0	0.0	
KOG0569	0.1	0.1	5	50	1	5	0	0	0	0	0.0	0	0	1	20	0.0	0	0	1	5	0.0	0	0	1	13	0.0	1	5	1	10	0.5	0	0	1	2	0.0	0	0	0	0	0.0	
KOG0224	0.1	0.05	1	20	1	5	0	0	0	0	0.0	0	0	1	5	0.0	0	0	0	0	0.0	0	0	1	6	0.0	0	0	1	5	0.0	1	1	1	2	0.5	0	0	1	2	0.0	
KOG3359	0.1	0.0625	1	16	1	5	0	0	0	0	0.0	0	0	0	0	0.0	0	0	1	2	0.0	0	0	1	2	0.0	1	1	1	2	0.5	0	0	1	7	0.0	0	0	1	3	0.0	
KOG0658	0.09524	0.06061	2	33	1	7	0	0	1	10	0.0	0	0	1	7	0.0	0	0	1	3	0.0	0	0	1	4	0.0	1	2	1	3	0.66667	0	0	1	4	0.0	0	0	1	2	0.0	
KOG0853	0.09524	0.45455	10	22	1	7	1	10	1	15	0.66667	0	0	1	2	0.0	0	0	1	1	0.0	0	0	1	1	0.0	0	0	1	1	0.0	0	0	1	1	0.0	0	0	1	1	0.0	
KOG2946	0.09524	0.18182	2	11	1	7	1	2	1	3	0.66667	0	0	1	3	0.0	0	0	1	1	0.0	0	0	1	1	0.0	0	0	1	1	0.0	0	0	1	1	0.0	0	0	1	1	0.0	
KOG1412	0.08333	0.125	1	8	1	6	0	0	0	0	0.0	0	0	1	1	0.0	0	0	1	1	0.0	0	0	1	2	0.0	1	1	1	2	0.5	0	0	1	1	0.0	0	0	1	1	0.0	
KOG3588	0.08333	0.11111	2	18	1	4	0	0	0	0	0.0	0	0	1	1	0.0	0	0	1	2	0.0	0	0	1	9	0.0	1	2	1	6	0.33333	0	0	0	0	0.0	0	0	0	0	0.0	
KOG1621	0.08333	0.09091	1	11	1	4	0	0	0	0	0.0	0	0	1	1	0.0	0	0	1	2	0.0	0	0	1	5	0.0	1	1	1	3	0.33333	0	0	0	0	0.0	0	0	0	0	0.0	
KOG3753	0.08333	0.11111	1	9	1	4	0	0	0	0	0.0	0	0	1	1	0.0	0	0	1	1	0.0	0	0	1	4	0.0	1	1	1	3	0.33333	0	0	0	0	0.0	0	0	0	0	0.0	
KOG4157	0.08333	0.0625	1	16	1	6	0	0	0	0	0.0	0	0	1	1	0.0	1	1	1	2	0.5	0	0	1	4	0.0	0	0	1	4	0.0	0	0	1	4	0.0	0	0	1	1	0.0	
KOG4428	0.08333	0.125	1	8	1	4	0	0	0	0	0.0	0	0	1	1	0.0	0	0	1	1	0.0	0	0	1	3	0.0	1	1	1	3	0.33333	0	0	0	0	0.0	0	0	0	0	0.0	
KOG1202	0.08333	0.11111	1	9	1	4	0	0	0	0	0.0	0	0	1	3	0.0	1	1	1	3	0.33333	0	0	1	2	0.0	0	0	1	1	0.0	0	0	0	0	0.0	0	0	0	0	0.0	
KOG3716	0.08333	0.06667	1	15	1	4	0	0	0	0	0.0	0	0	1	6	0.0	0	0	1	1	0.0	0	0	1	5	0.0	1	1	1	3	0.33333	0	0	0	0	0.0	0	0	0	0	0.0	
KOG3765	0.07738	0.06897	2	29	2	4	0	0	0	0	0.0	0	0	1	9	0.0	0	0	1	7	0.0	1	1	1	7	0.14286	1	1	1	6	0.16667	0	0	0	0	0.0	0	0	0	0	0.0	
KOG2110	0.07143	0.08333	1	12	1	7	0	0	1	1	0.0	0	0	1	1	0.0	1	1	1	2	0.5	0	0	1	2	0.0	0	0	1	2	0.0	0	0	1	2	0.0	0	0	1	2	0.0	
KOG0595	0.07143	0.04762	1	21	1	7	0	0	1	4	0.0	0	0	1	1	0.0	1	1	1	2	0.5	0	0	1	7	0.0	0	0	1	5	0.0	0	0	1	1	0.0	0	0	1	1	0.0	
KOG0495	0.07143	0.125	1	8	1	7	1	1	1	2	0.5	0	0	1	1	0.0	0	0	1	1	0.0	0	0	1	1	0.0	0	0	1	1	0.0	0	0	1	1	0.0	0	0	1	1	0.0	
KOG1444	0.07143	0.04762	1	21	1	7	0	0	1	6	0.0	1	1	1	2	0.5	0	0	1	1	0.0	0	0	1	4	0.0	0	0	1	4	0.0	0	0	1	3	0.0	0	0	1	1	0.0	
KOG0784	0.07143	0.0625	1	16	1	7	0	0	1	4	0.0	0	0	1	3	0.0	0	0	1	3	0.0	0	0	1	2	0.0	1	1	1	2	0.5	0	0	1	1	0.0	0	0	1	1	0.0	
KOG2944	0.07143	0.1	1	10	1	7	0	0	1	2	0.0	0	0	1	1	0.0	0	0	1	1	0.0	0	0	1	2	0.0	1	1	1	2	0.5	0	0	1	1	0.0	0	0	1	1	0.0	
KOG0372	0.07143	0.07692	1	13	1	7	0	0	1	2	0.0	0	0	1	2	0.0	0	0	1	2	0.0	0	0	1	2	0.0	0	0	1	1	0.0	1	1	1	2	0.5	0	0	1	2	0.0	
KOG1715	0.07143	0.06667	1	15	1	7	0	0	1	8	0.0	0	0	1	1	0.0	0	0	1	1	0.0	0	0	1	1	0.0	1	1	1	2	0.5	0	0	1	1	0.0	0	0	1	1	0.0	
KOG3202	0.07143	0.05263	1	19	1	7	0	0	1	5	0.0	1	1	1	2	0.5	0	0	1	2	0.0	0	0	1	3	0.0	0	0	1	3	0.0	0	0	1	2	0.0	0	0	1	2	0.0	
KOG1250	0.07143	0.09091	1	11	1	7	0	0	1	1	0.0	0	0	1	2	0.0	0	0	1	1	0.0	0	0	1	2	0.0	1	1	1	2	0.5	0	0	1	2	0.0	0	0	1	1	0.0	
KOG2793	0.07143	0.04167	1	24	1	7	0	0	1	6	0.0	1	1	1	2	0.5	0	0	1	1	0.0	0	0	1	5	0.0	0	0	1	6	0.0	0	0	1	2	0.0	0	0	1	2	0.0	
KOG2788	0.07143	0.11111	1	9	1	7	1	1	1	2	0.5	0	0	1	2	0.0	0	0	1	1	0.0	0	0	1	1	0.0	0	0	1	1	0.0	0	0	1	1	0.0	0	0	1	1	0.0	
KOG3860	0.07143	0.08333	1	12	1	7	0	0	1	1	0.0	0	0	1	2	0.0	0	0	1	1	0.0	0	0	1	3	0.0	0	0	1	2	0.0	1	1	1	2	0.5	0	0	1	1	0.0	
KOG0737	0.07143	0.05	1	20	1	7	0	0	1	11	0.0	1	1	1	2	0.5	0	0	1	2	0.0	0	0	1	2	0.0	0	0	1	1	0.0	0	0	1	1	0.0	0	0	1	1	0.0	
KOG2349	0.06818	0.07692	3	39	2	4	0	0	0	0	0.0	0	0	1	2	0.0	0	0	1	15	0.0	1	1	1	11	0.09091	1	2	1	11	0.18182	0	0	0	0	0.0	0	0	0	0	0.0	
KOG2234	0.06667	0.07692	2	26	1	6	0	0	1	6	0.0	0	0	1	7	0.0	0	0	1	2	0.0	0	0	1	5	0.0	1	2	1	5	0.4	0	0	0	0	0.0	0	0	1	1	0.0	
KOG2246	0.06667	0.02222	1	45	1	5	0	0	1	13	0.0	0	0	1	10	0.0	0	0	1	12	0.0	0	0	1	7	0.0	1	1	1	3	0.33333	0	0	0	0	0.0	0	0	0	0	0.0	
KOG1089	0.06548	0.08	2	25	2	6	0	0	0	0	0.0	1	1	1	4	0.25	0	0	1	3	0.0	0	0	1	9	0.0	1	1	1	7	0.14286	0	0	1	1	0.0	0	0	1	1	0.0	
KOG1674	0.06349	0.16667	4	24	1	7	0	0	1	9	0.0	0	0	1	1	0.0	0	0	1	1	0.0	0	0	1	1	0.0	0	0	1	1	0.0	1	4	1	9	0.44444	0	0	1	2	0.0	
KOG0904	0.0625	0.08333	1	12	1	4	0	0	0	0	0.0	0	0	1	1	0.0	0	0	1	1	0.0	0	0	1	6	0.0	1	1	1	4	0.25	0	0	0	0	0.0	0	0	0	0	0.0	
KOG0759	0.05556	0.04545	1	22	1	6	0	0	1	4	0.0	0	0	1	2	0.0	0	0	1	9	0.0	0	0	1	3	0.0	1	1	1	3	0.33333	0	0	1	1	0.0	0	0	0	0	0.0	
KOG0583	0.05235	0.02373	7	295	4	7	1	3	1	41	0.07317	0	0	1	13	0.0	0	0	1	7	0.0	0	0	1	193	0.0	1	2	1	19	0.10526	1	1	1	13	0.07692	1	1	1	9	0.11111	
KOG1619	0.05	0.0625	1	16	1	5	1	1	1	4	0.25	0	0	1	3	0.0	0	0	1	2	0.0	0	0	1	4	0.0	0	0	1	3	0.0	0	0	0	0	0.0	0	0	0	0	0.0	
KOG4735	0.05	0.01408	1	71	1	4	1	1	1	5	0.2	0	0	1	56	0.0	0	0	1	5	0.0	0	0	1	5	0.0	0	0	0	0	0.0	0	0	0	0	0.0	0	0	0	0	0.0	
KOG3811	0.05	0.07143	1	14	1	4	0	0	0	0	0.0	0	0	1	4	0.0	0	0	1	1	0.0	0	0	1	4	0.0	1	1	1	5	0.2	0	0	0	0	0.0	0	0	0	0	0.0	
KOG2252	0.05	0.04762	1	21	1	4	0	0	0	0	0.0	0	0	1	7	0.0	0	0	1	2	0.0	0	0	1	7	0.0	1	1	1	5	0.2	0	0	0	0	0.0	0	0	0	0	0.0	
KOG0193	0.05	0.05556	1	18	1	4	0	0	0	0	0.0	0	0	1	3	0.0	0	0	1	2	0.0	0	0	1	8	0.0	1	1	1	5	0.2	0	0	0	0	0.0	0	0	0	0	0.0	
KOG1419	0.05	0.05	1	20	1	4	0	0	0	0	0.0	0	0	1	3	0.0	0	0	1	1	0.0	0	0	1	11	0.0	1	1	1	5	0.2	0	0	0	0	0.0	0	0	0	0	0.0	
KOG2283	0.0496	0.12	3	25	2	7	0	0	1	3	0.0	0	0	1	1	0.0	0	0	1	2	0.0	1	2	1	9	0.22222	1	1	1	8	0.125	0	0	1	1	0.0	0	0	1	1	0.0	
KOG1716	0.04935	0.04819	4	83	2	7	1	3	1	10	0.3	0	0	1	5	0.0	0	0	1	6	0.0	0	0	1	34	0.0	1	1	1	22	0.04545	0	0	1	4	0.0	0	0	1	2	0.0	
KOG1947	0.04762	0.00926	1	108	1	7	0	0	1	48	0.0	0	0	1	6	0.0	0	0	1	14	0.0	0	0	1	18	0.0	0	0	1	17	0.0	1	1	1	3	0.33333	0	0	1	2	0.0	
KOG1046	0.04762	0.01667	1	60	1	7	0	0	1	2	0.0	0	0	1	12	0.0	0	0	1	21	0.0	0	0	1	13	0.0	0	0	1	8	0.0	1	1	1	3	0.33333	0	0	1	1	0.0	
KOG1550	0.04762	0.07692	2	26	1	7	0	0	1	5	0.0	0	0	1	1	0.0	0	0	1	1	0.0	0	0	1	4	0.0	0	0	1	5	0.0	0	0	1	4	0.0	1	2	1	6	0.33333	
KOG1626	0.04762	0.11765	2	17	1	7	1	2	1	6	0.33333	0	0	1	1	0.0	0	0	1	1	0.0	0	0	1	3	0.0	0	0	1	2	0.0	0	0	1	2	0.0	0	0	1	2	0.0	
KOG1257	0.04762	0.04762	1	21	1	7	0	0	1	6	0.0	0	0	1	1	0.0	0	0	1	5	0.0	0	0	1	3	0.0	1	1	1	3	0.33333	0	0	1	1	0.0	0	0	1	2	0.0	
KOG3158	0.04762	0.08333	1	12	1	7	0	0	1	2	0.0	0	0	1	1	0.0	0	0	1	1	0.0	0	0	1	3	0.0	1	1	1	3	0.33333	0	0	1	1	0.0	0	0	1	1	0.0	
KOG2061	0.04762	0.07692	1	13	1	7	0	0	1	2	0.0	0	0	1	1	0.0	0	0	1	2	0.0	0	0	1	2	0.0	1	1	1	3	0.33333	0	0	1	1	0.0	0	0	1	2	0.0	
KOG0254	0.04444	0.03727	6	161	2	7	0	0	1	53	0.0	0	0	1	4	0.0	0	0	1	28	0.0	0	0	1	6	0.0	1	1	1	5	0.2	1	5	1	45	0.11111	0	0	1	20	0.0	
KOG1404	0.04167	0.1	1	10	1	6	1	1	1	4	0.25	0	0	1	1	0.0	0	0	1	1	0.0	0	0	1	1	0.0	0	0	1	1	0.0	0	0	0	0	0.0	0	0	1	2	0.0	
KOG1012	0.04167	0.03125	1	32	1	6	0	0	1	15	0.0	0	0	0	0	0.0	0	0	1	1	0.0	0	0	1	6	0.0	1	1	1	4	0.25	0	0	1	3	0.0	0	0	1	3	0.0	
KOG1334	0.04167	0.09091	1	11	1	4	0	0	1	3	0.0	0	0	0	0	0.0	0	0	1	1	0.0	0	0	1	1	0.0	1	1	1	6	0.16667	0	0	0	0	0.0	0	0	0	0	0.0	
KOG1325	0.04167	0.04762	1	21	1	4	0	0	0	0	0.0	0	0	0	0	0.0	0	0	0	0	0.0	0	0	1	6	0.0	1	1	1	6	0.16667	0	0	1	4	0.0	0	0	1	5	0.0	
KOG2369	0.04082	0.125	2	16	1	7	1	2	1	7	0.28571	0	0	1	1	0.0	0	0	1	2	0.0	0	0	1	2	0.0	0	0	1	2	0.0	0	0	1	1	0.0	0	0	1	1	0.0	
KOG0620	0.03571	0.04167	1	24	1	7	1	1	1	4	0.25	0	0	1	2	0.0	0	0	1	3	0.0	0	0	1	6	0.0	0	0	1	6	0.0	0	0	1	2	0.0	0	0	1	1	0.0	
KOG3085	0.03571	0.05	1	20	1	7	0	0	1	4	0.0	0	0	1	4	0.0	0	0	1	3	0.0	0	0	1	3	0.0	1	1	1	4	0.25	0	0	1	1	0.0	0	0	1	1	0.0	
KOG2533	0.03571	0.02273	1	44	1	7	0	0	1	5	0.0	0	0	1	5	0.0	0	0	1	1	0.0	0	0	1	6	0.0	1	1	1	4	0.25	0	0	1	10	0.0	0	0	1	13	0.0	
KOG4384	0.03571	0.05556	1	18	1	4	0	0	0	0	0.0	0	0	1	1	0.0	0	0	1	4	0.0	0	0	1	6	0.0	1	1	1	7	0.14286	0	0	0	0	0.0	0	0	0	0	0.0	
KOG4471	0.03333	0.05882	1	17	1	5	0	0	1	2	0.0	0	0	1	1	0.0	0	0	1	2	0.0	0	0	1	6	0.0	1	1	1	6	0.16667	0	0	0	0	0.0	0	0	0	0	0.0	
KOG2450	0.03175	0.04444	2	45	1	7	0	0	1	6	0.0	0	0	1	5	0.0	0	0	1	8	0.0	0	0	1	9	0.0	1	2	1	9	0.22222	0	0	1	5	0.0	0	0	1	3	0.0	
KOG0094	0.02857	0.04	1	25	1	7	1	1	1	5	0.2	0	0	1	3	0.0	0	0	1	2	0.0	0	0	1	7	0.0	0	0	1	6	0.0	0	0	1	1	0.0	0	0	1	1	0.0	
KOG1318	0.02778	0.05	1	20	1	6	0	0	0	0	0.0	0	0	1	1	0.0	0	0	1	2	0.0	0	0	1	8	0.0	1	1	1	6	0.16667	0	0	1	2	0.0	0	0	1	1	0.0	
KOG1216	0.02519	0.03896	3	77	2	6	0	0	1	1	0.0	0	0	1	21	0.0	0	0	1	10	0.0	1	1	1	25	0.04	1	2	1	18	0.11111	0	0	1	2	0.0	0	0	0	0	0.0	
KOG0409	0.025	0.0625	1	16	1	5	1	1	1	8	0.125	0	0	1	1	0.0	0	0	1	2	0.0	0	0	1	3	0.0	0	0	1	2	0.0	0	0	0	0	0.0	0	0	0	0	0.0	
KOG1515	0.025	0.08108	3	37	1	6	1	3	1	20	0.15	0	0	1	4	0.0	0	0	0	0	0.0	0	0	1	4	0.0	0	0	1	5	0.0	0	0	1	1	0.0	0	0	1	3	0.0	
KOG0725	0.02381	0.00855	1	117	1	7	0	0	1	50	0.0	0	0	1	32	0.0	0	0	1	7	0.0	0	0	1	10	0.0	0	0	1	10	0.0	0	0	1	2	0.0	1	1	1	6	0.16667	
KOG1218	0.02273	0.02941	2	68	1	4	0	0	0	0	0.0	1	2	1	22	0.09091	0	0	1	15	0.0	0	0	1	16	0.0	0	0	1	15	0.0	0	0	0	0	0.0	0	0	0	0	0.0	
KOG4161	0.02222	0.04167	1	24	1	5	0	0	1	8	0.0	0	0	1	1	0.0	0	0	1	2	0.0	0	0	1	4	0.0	1	1	1	9	0.11111	0	0	0	0	0.0	0	0	0	0	0.0	
KOG4270	0.02222	0.02857	1	35	1	5	0	0	1	6	0.0	0	0	1	1	0.0	0	0	1	1	0.0	0	0	1	18	0.0	1	1	1	9	0.11111	0	0	0	0	0.0	0	0	0	0	0.0	
KOG0266	0.02041	0.03333	2	60	1	7	1	2	1	14	0.14286	0	0	1	5	0.0	0	0	1	5	0.0	0	0	1	13	0.0	0	0	1	17	0.0	0	0	1	3	0.0	0	0	1	3	0.0	
KOG2693	0.01786	0.04	1	25	1	7	0	0	1	1	0.0	0	0	1	5	0.0	0	0	1	3	0.0	0	0	1	6	0.0	1	1	1	8	0.125	0	0	1	1	0.0	0	0	1	1	0.0	
KOG0773	0.01587	0.02778	2	72	1	6	1	2	1	21	0.09524	0	0	1	3	0.0	0	0	1	7	0.0	0	0	1	21	0.0	0	0	1	16	0.0	0	0	1	4	0.0	0	0	0	0	0.0	
KOG4015	0.01562	0.02083	1	48	1	4	0	0	0	0	0.0	0	0	1	9	0.0	0	0	1	1	0.0	0	0	1	22	0.0	1	1	1	16	0.0625	0	0	0	0	0.0	0	0	0	0	0.0	
KOG3827	0.01562	0.02	1	50	1	4	0	0	0	0	0.0	0	0	1	3	0.0	0	0	1	3	0.0	0	0	1	28	0.0	1	1	1	16	0.0625	0	0	0	0	0.0	0	0	0	0	0.0	
KOG4203	0.01429	0.02564	1	39	1	7	1	1	1	10	0.1	0	0	1	4	0.0	0	0	1	3	0.0	0	0	1	10	0.0	0	0	1	5	0.0	0	0	1	3	0.0	0	0	1	4	0.0	
KOG0660	0.01429	0.01515	1	66	1	7	0	0	1	21	0.0	0	0	1	8	0.0	0	0	1	5	0.0	0	0	1	13	0.0	1	1	1	10	0.1	0	0	1	6	0.0	0	0	1	3	0.0	
KOG0001	0.01429	0.01562	1	64	1	7	0	0	1	30	0.0	0	0	1	11	0.0	0	0	1	4	0.0	0	0	1	6	0.0	1	1	1	10	0.1	0	0	1	2	0.0	0	0	1	1	0.0	
KOG1215	0.01389	0.01613	1	62	1	4	0	0	0	0	0.0	0	0	1	9	0.0	0	0	1	13	0.0	0	0	1	22	0.0	1	1	1	18	0.05556	0	0	0	0	0.0	0	0	0	0	0.0	
KOG1238	0.01333	0.03704	1	27	1	5	0	0	1	9	0.0	0	0	1	1	0.0	1	1	1	15	0.06667	0	0	1	1	0.0	0	0	1	1	0.0	0	0	0	0	0.0	0	0	0	0	0.0	
KOG0229	0.01299	0.02703	1	37	1	7	1	1	1	11	0.09091	0	0	1	2	0.0	0	0	1	3	0.0	0	0	1	12	0.0	0	0	1	7	0.0	0	0	1	1	0.0	0	0	1	1	0.0	
KOG1414	0.01099	0.02326	1	43	1	7	0	0	1	2	0.0	0	0	1	2	0.0	0	0	1	3	0.0	0	0	1	16	0.0	1	1	1	13	0.07692	0	0	1	3	0.0	0	0	1	4	0.0	
KOG1426	0.01099	0.01613	1	62	1	7	0	0	1	14	0.0	0	0	1	5	0.0	0	0	1	8	0.0	0	0	1	17	0.0	1	1	1	13	0.07692	0	0	1	3	0.0	0	0	1	2	0.0	
KOG0167	0.01087	0.03704	2	54	1	4	1	2	1	46	0.04348	0	0	0	0	0.0	0	0	1	2	0.0	0	0	1	3	0.0	0	0	1	3	0.0	0	0	0	0	0.0	0	0	0	0	0.0	
KOG2579	0.01042	0.01205	1	83	1	4	0	0	0	0	0.0	0	0	1	6	0.0	0	0	1	14	0.0	0	0	1	39	0.0	1	1	1	24	0.04167	0	0	0	0	0.0	0	0	0	0	0.0	
KOG1721	0.01025	0.00156	3	1927	2	7	0	0	1	63	0.0	1	1	1	90	0.01111	0	0	1	227	0.0	0	0	1	798	0.0	0	0	1	703	0.0	1	2	1	33	0.06061	0	0	1	13	0.0	
KOG0017	0.0098	0.0241	4	166	1	6	1	4	1	68	0.05882	0	0	1	6	0.0	0	0	0	0	0.0	0	0	1	5	0.0	0	0	1	8	0.0	0	0	1	75	0.0	0	0	1	4	0.0	
KOG2294	0.00961	0.0229	3	131	2	7	0	0	1	2	0.0	0	0	1	12	0.0	0	0	1	14	0.0	1	1	1	54	0.01852	1	2	1	41	0.04878	0	0	1	4	0.0	0	0	1	4	0.0	
KOG0489	0.00806	0.01087	1	92	1	4	0	0	0	0	0.0	0	0	1	7	0.0	0	0	1	17	0.0	0	0	1	37	0.0	1	1	1	31	0.03226	0	0	0	0	0.0	0	0	0	0	0.0	
KOG3575	0.00658	0.00325	1	308	1	4	0	0	0	0	0.0	0	0	1	206	0.0	0	0	1	14	0.0	0	0	1	50	0.0	1	1	1	38	0.02632	0	0	0	0	0.0	0	0	0	0	0.0	
KOG1176	0.00493	0.01695	1	59	1	7	1	1	1	29	0.03448	0	0	1	11	0.0	0	0	1	15	0.0	0	0	1	1	0.0	0	0	1	1	0.0	0	0	1	1	0.0	0	0	1	1	0.0	
KOG4441	0.00435	0.0084	1	119	1	5	0	0	1	2	0.0	0	0	1	10	0.0	0	0	1	7	0.0	0	0	1	54	0.0	1	1	1	46	0.02174	0	0	0	0	0.0	0	0	0	0	0.0	
KOG0192	0.0037	0.00952	1	105	1	5	1	1	1	54	0.01852	0	0	1	6	0.0	0	0	1	8	0.0	0	0	1	18	0.0	0	0	1	19	0.0	0	0	0	0	0.0	0	0	0	0	0.0	
KOG1263	0.00366	0.01818	1	55	1	7	1	1	1	39	0.02564	0	0	1	1	0.0	0	0	1	5	0.0	0	0	1	3	0.0	0	0	1	3	0.0	0	0	1	3	0.0	0	0	1	1	0.0	
KOG1075	0.00287	0.0098	1	102	1	4	1	1	1	87	0.01149	0	0	1	10	0.0	0	0	0	0	0.0	0	0	1	4	0.0	0	0	1	1	0.0	0	0	0	0	0.0	0	0	0	0	0.0	
KOG3594	0.00258	0.00495	1	202	1	4	0	0	0	0	0.0	0	0	1	7	0.0	0	0	1	11	0.0	0	0	1	87	0.0	1	1	1	97	0.01031	0	0	0	0	0.0	0	0	0	0	0.0	
KOG3656	0.00246	0.00253	2	792	1	4	0	0	0	0	0.0	0	0	1	99	0.0	0	0	1	58	0.0	0	0	1	432	0.0	1	2	1	203	0.00985	0	0	0	0	0.0	0	0	0	0	0.0	
KOG0698	0.0023	0.0101	1	99	1	7	1	1	1	62	0.01613	0	0	1	5	0.0	0	0	1	5	0.0	0	0	1	10	0.0	0	0	1	8	0.0	0	0	1	5	0.0	0	0	1	4	0.0	
KOG1339	0.00204	0.00787	1	127	1	7	1	1	1	70	0.01429	0	0	1	18	0.0	0	0	1	13	0.0	0	0	1	5	0.0	0	0	1	10	0.0	0	0	1	9	0.0	0	0	1	2	0.0	
KOG2177	0.00131	0.00273	1	366	1	7	0	0	1	1	0.0	0	0	1	25	0.0	0	0	1	10	0.0	0	0	1	219	0.0	1	1	1	109	0.00917	0	0	1	1	0.0	0	0	1	1	0.0	
KOG1187	0.00085	0.00395	1	253	1	5	1	1	1	235	0.00426	0	0	1	1	0.0	0	0	1	2	0.0	0	0	1	8	0.0	0	0	1	7	0.0	0	0	0	0	0.0	0	0	0	0	0.0	
