GENE PRODUCT DB	GENE PRODUCT ID	SYMBOL	GO TERM	GO NAME	TAXON ID	GENE_PRODUCT_SYNONYMS	GO ASPECT
UniProtKB	A0A024R2T1	GPX1	GO:0004602		9606	GPX1,hCG_20134	F
UniProtKB	A0A024R2T1	GPX1	GO:0004601		9606	GPX1,hCG_20134	F
UniProtKB	A0A024R2T1	GPX1	GO:0098869		9606	GPX1,hCG_20134	P
UniProtKB	A0A024R2T1	GPX1	GO:0098869		9606	GPX1,hCG_20134	P
UniProtKB	A0A024R5R2	DUOX1	GO:0004601		9606	DUOX1,hCG_1818278	F
UniProtKB	A0A024R5R2	DUOX1	GO:0004601		9606	DUOX1,hCG_1818278	F
UniProtKB	A0A024R5R2	DUOX1	GO:0098869		9606	DUOX1,hCG_1818278	P
UniProtKB	A0A024R5R2	DUOX1	GO:0098869		9606	DUOX1,hCG_1818278	P
UniProtKB	A0A024R677	GPX2	GO:0004602		9606	GPX2,hCG_40439	F
UniProtKB	A0A024R677	GPX2	GO:0004601		9606	GPX2,hCG_40439	F
UniProtKB	A0A024R677	GPX2	GO:0098869		9606	GPX2,hCG_40439	P
UniProtKB	A0A024R677	GPX2	GO:0098869		9606	GPX2,hCG_40439	P
UniProtKB	A0A024R7F2	PRDX2	GO:0016209		9606	PRDX2,hCG_172488	F
UniProtKB	A0A024R7F2	PRDX2	GO:0098869		9606	PRDX2,hCG_172488	P
UniProtKB	A0A024R7F2	PRDX2	GO:0098869		9606	PRDX2,hCG_172488	P
UniProtKB	A0A024R7F2	PRDX2	GO:0004601		9606	PRDX2,hCG_172488	F
UniProtKB	A0A024R9C8	TP53INP1	GO:0016209		9606	TP53INP1,hCG_15935	F
UniProtKB	A0A024R9C8	TP53INP1	GO:0098869		9606	TP53INP1,hCG_15935	P
UniProtKB	A0A024R9N2	FANCC	GO:0019430		9606	FANCC,hCG_32888	P
UniProtKB	A0A024RAM2	GLRX	GO:0004362		9606	GLRX,hCG_36838	F
UniProtKB	A0A024RAM2	GLRX	GO:0098869		9606	GLRX,hCG_36838	P
UniProtKB	A0A024RBK9	TXNRD1	GO:0004791		9606	TXNRD1,hCG_1812757	F
UniProtKB	A0A024RBK9	TXNRD1	GO:0004791		9606	TXNRD1,hCG_1812757	F
UniProtKB	A0A024RBK9	TXNRD1	GO:0098869		9606	TXNRD1,hCG_1812757	P
UniProtKB	A0A024RBK9	TXNRD1	GO:0098869		9606	TXNRD1,hCG_1812757	P
UniProtKB	A0A059U7G5	A0A059U7G5	GO:0004601		9606		F
UniProtKB	A0A059U7G5	A0A059U7G5	GO:0004601		9606		F
UniProtKB	A0A059U7G5	A0A059U7G5	GO:0098869		9606		P
UniProtKB	A0A059U7G5	A0A059U7G5	GO:0098869		9606		P
UniProtKB	A0A087X247	GPX4	GO:0004602		9606	GPX4	F
UniProtKB	A0A087X247	GPX4	GO:0004601		9606	GPX4	F
UniProtKB	A0A087X247	GPX4	GO:0098869		9606	GPX4	P
UniProtKB	A0A087X247	GPX4	GO:0098869		9606	GPX4	P
UniProtKB	A0A087X296	PTGS1	GO:0004601		9606	PTGS1	F
UniProtKB	A0A087X296	PTGS1	GO:0004601		9606	PTGS1	F
UniProtKB	A0A087X296	PTGS1	GO:0098869		9606	PTGS1	P
UniProtKB	A0A087X296	PTGS1	GO:0098869		9606	PTGS1	P
UniProtKB	A0A096LPK7	TXNRD2	GO:0004791		9606	TXNRD2	F
UniProtKB	A0A096LPK7	TXNRD2	GO:0004791		9606	TXNRD2	F
UniProtKB	A0A096LPK7	TXNRD2	GO:0098869		9606	TXNRD2	P
UniProtKB	A0A096LPK7	TXNRD2	GO:0098869		9606	TXNRD2	P
UniProtKB	A0A0A0MRQ5	PRDX1	GO:0051920		9606	PRDX1	F
UniProtKB	A0A0A0MRQ5	PRDX1	GO:0016209		9606	PRDX1	F
UniProtKB	A0A0A0MRQ5	PRDX1	GO:0098869		9606	PRDX1	P
UniProtKB	A0A0A0MRQ5	PRDX1	GO:0098869		9606	PRDX1	P
UniProtKB	A0A0A0MSI0	PRDX1	GO:0016209		9606	PRDX1	F
UniProtKB	A0A0A0MSI0	PRDX1	GO:0098869		9606	PRDX1	P
UniProtKB	A0A0A0MSI0	PRDX1	GO:0098869		9606	PRDX1	P
UniProtKB	A0A0A0MSI0	PRDX1	GO:0004601		9606	PRDX1	F
UniProtKB	A0A0A0MTT1	GPX4	GO:0004602		9606	GPX4	F
UniProtKB	A0A0A0MTT1	GPX4	GO:0004601		9606	GPX4	F
UniProtKB	A0A0A0MTT1	GPX4	GO:0098869		9606	GPX4	P
UniProtKB	A0A0A0MTT1	GPX4	GO:0098869		9606	GPX4	P
UniProtKB	A0A0C4DGL8	HP	GO:0016209		9606	HP	F
UniProtKB	A0A0C4DGL8	HP	GO:0098869		9606	HP	P
UniProtKB	A0A0G2JNN7	TPO	GO:0004447		9606	TPO	F
UniProtKB	A0A0G2JNN7	TPO	GO:0004601		9606	TPO	F
UniProtKB	A0A0G2JNN7	TPO	GO:0004601		9606	TPO	F
UniProtKB	A0A0G2JNN7	TPO	GO:0098869		9606	TPO	P
UniProtKB	A0A0G2JNN7	TPO	GO:0098869		9606	TPO	P
UniProtKB	A0A0G2JNN7	TPO	GO:0098869		9606	TPO	P
UniProtKB	A0A0G2JP53	TPO	GO:0004447		9606	TPO	F
UniProtKB	A0A0G2JP53	TPO	GO:0004601		9606	TPO	F
UniProtKB	A0A0G2JP53	TPO	GO:0004601		9606	TPO	F
UniProtKB	A0A0G2JP53	TPO	GO:0004447		9606	TPO	F
UniProtKB	A0A0G2JP53	TPO	GO:0098869		9606	TPO	P
UniProtKB	A0A0G2JP53	TPO	GO:0098869		9606	TPO	P
UniProtKB	A0A0G2JP53	TPO	GO:0098869		9606	TPO	P
UniProtKB	A0A0G2JP53	TPO	GO:0098869		9606	TPO	P
UniProtKB	A0A0G2JR31	TPO	GO:0004447		9606	TPO	F
UniProtKB	A0A0G2JR31	TPO	GO:0004601		9606	TPO	F
UniProtKB	A0A0G2JR31	TPO	GO:0004601		9606	TPO	F
UniProtKB	A0A0G2JR31	TPO	GO:0004447		9606	TPO	F
UniProtKB	A0A0G2JR31	TPO	GO:0098869		9606	TPO	P
UniProtKB	A0A0G2JR31	TPO	GO:0098869		9606	TPO	P
UniProtKB	A0A0G2JR31	TPO	GO:0098869		9606	TPO	P
UniProtKB	A0A0G2JR31	TPO	GO:0098869		9606	TPO	P
UniProtKB	A0A0G2JR79	TPO	GO:0004447		9606	TPO	F
UniProtKB	A0A0G2JR79	TPO	GO:0004601		9606	TPO	F
UniProtKB	A0A0G2JR79	TPO	GO:0004601		9606	TPO	F
UniProtKB	A0A0G2JR79	TPO	GO:0098869		9606	TPO	P
UniProtKB	A0A0G2JR79	TPO	GO:0098869		9606	TPO	P
UniProtKB	A0A0G2JR79	TPO	GO:0098869		9606	TPO	P
UniProtKB	A0A0G2JR90	TPO	GO:0004447		9606	TPO	F
UniProtKB	A0A0G2JR90	TPO	GO:0004601		9606	TPO	F
UniProtKB	A0A0G2JR90	TPO	GO:0004601		9606	TPO	F
UniProtKB	A0A0G2JR90	TPO	GO:0004447		9606	TPO	F
UniProtKB	A0A0G2JR90	TPO	GO:0098869		9606	TPO	P
UniProtKB	A0A0G2JR90	TPO	GO:0098869		9606	TPO	P
UniProtKB	A0A0G2JR90	TPO	GO:0098869		9606	TPO	P
UniProtKB	A0A0G2JR90	TPO	GO:0098869		9606	TPO	P
UniProtKB	A0A0G2JRX3	TPO	GO:0004447		9606	TPO	F
UniProtKB	A0A0G2JRX3	TPO	GO:0004601		9606	TPO	F
UniProtKB	A0A0G2JRX3	TPO	GO:0004601		9606	TPO	F
UniProtKB	A0A0G2JRX3	TPO	GO:0004447		9606	TPO	F
UniProtKB	A0A0G2JRX3	TPO	GO:0098869		9606	TPO	P
UniProtKB	A0A0G2JRX3	TPO	GO:0098869		9606	TPO	P
UniProtKB	A0A0G2JRX3	TPO	GO:0098869		9606	TPO	P
UniProtKB	A0A0G2JRX3	TPO	GO:0098869		9606	TPO	P
UniProtKB	A0A0G2JRZ1	TPO	GO:0004447		9606	TPO	F
UniProtKB	A0A0G2JRZ1	TPO	GO:0004601		9606	TPO	F
UniProtKB	A0A0G2JRZ1	TPO	GO:0004601		9606	TPO	F
UniProtKB	A0A0G2JRZ1	TPO	GO:0004447		9606	TPO	F
UniProtKB	A0A0G2JRZ1	TPO	GO:0098869		9606	TPO	P
UniProtKB	A0A0G2JRZ1	TPO	GO:0098869		9606	TPO	P
UniProtKB	A0A0G2JRZ1	TPO	GO:0098869		9606	TPO	P
UniProtKB	A0A0G2JRZ1	TPO	GO:0098869		9606	TPO	P
UniProtKB	A0A0G2JS21	TPO	GO:0004447		9606	TPO	F
UniProtKB	A0A0G2JS21	TPO	GO:0004601		9606	TPO	F
UniProtKB	A0A0G2JS21	TPO	GO:0004601		9606	TPO	F
UniProtKB	A0A0G2JS21	TPO	GO:0098869		9606	TPO	P
UniProtKB	A0A0G2JS21	TPO	GO:0098869		9606	TPO	P
UniProtKB	A0A0G2JS21	TPO	GO:0098869		9606	TPO	P
UniProtKB	A0A0S2Z583	RDH11	GO:0110095		9606	RDH11	P
UniProtKB	A0A0S2Z613	RDH12	GO:0110095		9606	RDH12	P
UniProtKB	A0A140VJJ2	ESD	GO:0046294		9606	ESD,hCG_29992	P
UniProtKB	A0A140VJU8	A0A140VJU8	GO:0004784		9606		F
UniProtKB	A0A140VJU8	A0A140VJU8	GO:0004784		9606		F
UniProtKB	A0A140VJU8	A0A140VJU8	GO:0004784		9606		F
UniProtKB	A0A140VJU8	A0A140VJU8	GO:0004784		9606		F
UniProtKB	A0A140VJU8	A0A140VJU8	GO:0004784		9606		F
UniProtKB	A0A140VJU8	A0A140VJU8	GO:0019430		9606		P
UniProtKB	A0A140VJU8	A0A140VJU8	GO:0019430		9606		P
UniProtKB	A0A140VJU8	A0A140VJU8	GO:0019430		9606		P
UniProtKB	A0A140VJU8	A0A140VJU8	GO:0019430		9606		P
UniProtKB	A0A140VJU8	A0A140VJU8	GO:0019430		9606		P
UniProtKB	A0A140VJY7	A0A140VJY7	GO:0004601		9606		F
UniProtKB	A0A140VJY7	A0A140VJY7	GO:0098869		9606		P
UniProtKB	A0A140VKC9	A0A140VKC9	GO:0004791		9606		F
UniProtKB	A0A140VKC9	A0A140VKC9	GO:0004791		9606		F
UniProtKB	A0A140VKC9	A0A140VKC9	GO:0098869		9606		P
UniProtKB	A0A140VKC9	A0A140VKC9	GO:0098869		9606		P
UniProtKB	A0A182DWF2	TXNRD2	GO:0004791		9606	TXNRD2	F
UniProtKB	A0A182DWF2	TXNRD2	GO:0004791		9606	TXNRD2	F
UniProtKB	A0A182DWF2	TXNRD2	GO:0098869		9606	TXNRD2	P
UniProtKB	A0A182DWF2	TXNRD2	GO:0098869		9606	TXNRD2	P
UniProtKB	A0A182DWF3	TXNRD2	GO:0004791		9606	TXNRD2	F
UniProtKB	A0A182DWF3	TXNRD2	GO:0004791		9606	TXNRD2	F
UniProtKB	A0A182DWF3	TXNRD2	GO:0098869		9606	TXNRD2	P
UniProtKB	A0A182DWF3	TXNRD2	GO:0098869		9606	TXNRD2	P
UniProtKB	A0A182DWH6	GPX6	GO:0004602		9606	GPX6	F
UniProtKB	A0A182DWH6	GPX6	GO:0004601		9606	GPX6	F
UniProtKB	A0A182DWH6	GPX6	GO:0098869		9606	GPX6	P
UniProtKB	A0A182DWH6	GPX6	GO:0098869		9606	GPX6	P
UniProtKB	A0A182DWI3	TXNRD1	GO:0004791		9606	TXNRD1	F
UniProtKB	A0A182DWI3	TXNRD1	GO:0004791		9606	TXNRD1	F
UniProtKB	A0A182DWI3	TXNRD1	GO:0098869		9606	TXNRD1	P
UniProtKB	A0A182DWI3	TXNRD1	GO:0098869		9606	TXNRD1	P
UniProtKB	A0A1C9J7V9	cat	GO:0004601		9606	cat	F
UniProtKB	A0A1C9J7V9	cat	GO:0004096		9606	cat	F
UniProtKB	A0A1C9J7V9	cat	GO:0098869		9606	cat	P
UniProtKB	A0A1C9J7V9	cat	GO:0098869		9606	cat	P
UniProtKB	A0A1K0FUB6	GLNF	GO:0004096		9606	GLNF	F
UniProtKB	A0A1K0FUB6	GLNF	GO:0004601		9606	GLNF	F
UniProtKB	A0A1K0FUB6	GLNF	GO:0047888		9606	GLNF	F
UniProtKB	A0A1K0FUB6	GLNF	GO:0098869		9606	GLNF	P
UniProtKB	A0A2R8Y6B6	GPX1	GO:0004602		9606	GPX1	F
UniProtKB	A0A2R8Y6B6	GPX1	GO:0004601		9606	GPX1	F
UniProtKB	A0A2R8Y6B6	GPX1	GO:0098869		9606	GPX1	P
UniProtKB	A0A2R8Y6B6	GPX1	GO:0098869		9606	GPX1	P
UniProtKB	A0A2R8YDM0	PTGS1	GO:0004601		9606	PTGS1	F
UniProtKB	A0A2R8YDM0	PTGS1	GO:0004601		9606	PTGS1	F
UniProtKB	A0A2R8YDM0	PTGS1	GO:0098869		9606	PTGS1	P
UniProtKB	A0A2R8YDM0	PTGS1	GO:0098869		9606	PTGS1	P
UniProtKB	A0A2R8YF59	GSR	GO:0004362		9606	GSR	F
UniProtKB	A0A2R8YF59	GSR	GO:0098869		9606	GSR	P
UniProtKB	A0A384MDN8	A0A384MDN8	GO:0046223		9606		P
UniProtKB	A0A384MTR2	PRDX3	GO:0016209		9606	PRDX3,hCG_37898	F
UniProtKB	A0A384MTR2	PRDX3	GO:0051920		9606	PRDX3,hCG_37898	F
UniProtKB	A0A384MTR2	PRDX3	GO:0016209		9606	PRDX3,hCG_37898	F
UniProtKB	A0A384MTR2	PRDX3	GO:0004601		9606	PRDX3,hCG_37898	F
UniProtKB	A0A384MTR2	PRDX3	GO:0098869		9606	PRDX3,hCG_37898	P
UniProtKB	A0A384MTR2	PRDX3	GO:0098869		9606	PRDX3,hCG_37898	P
UniProtKB	A0A384MTR2	PRDX3	GO:0098869		9606	PRDX3,hCG_37898	P
UniProtKB	A0A384MTR2	PRDX3	GO:0098869		9606	PRDX3,hCG_37898	P
UniProtKB	A0A384MTR2	PRDX3	GO:0098869		9606	PRDX3,hCG_37898	P
UniProtKB	A0A384MTR2	PRDX3	GO:0004601		9606	PRDX3,hCG_37898	F
UniProtKB	A0A384MTT0	A0A384MTT0	GO:0004602		9606		F
UniProtKB	A0A384MTT0	A0A384MTT0	GO:0004601		9606		F
UniProtKB	A0A384MTT0	A0A384MTT0	GO:0098869		9606		P
UniProtKB	A0A384MTT0	A0A384MTT0	GO:0098869		9606		P
UniProtKB	A0A384NL29	A0A384NL29	GO:0004784		9606		F
UniProtKB	A0A384NL29	A0A384NL29	GO:0004784		9606		F
UniProtKB	A0A384NL29	A0A384NL29	GO:0019430		9606		P
UniProtKB	A0A384NL29	A0A384NL29	GO:0019430		9606		P
UniProtKB	A0A384NL29	A0A384NL29	GO:0004784		9606		F
UniProtKB	A0A384NL29	A0A384NL29	GO:0004784		9606		F
UniProtKB	A0A384NL29	A0A384NL29	GO:0004784		9606		F
UniProtKB	A0A384NPQ2	A0A384NPQ2	GO:0016209		9606		F
UniProtKB	A0A384NPQ2	A0A384NPQ2	GO:0051920		9606		F
UniProtKB	A0A384NPQ2	A0A384NPQ2	GO:0016209		9606		F
UniProtKB	A0A384NPQ2	A0A384NPQ2	GO:0004601		9606		F
UniProtKB	A0A384NPQ2	A0A384NPQ2	GO:0019430		9606		P
UniProtKB	A0A384NPQ2	A0A384NPQ2	GO:0004601		9606		F
UniProtKB	A0A384NPQ2	A0A384NPQ2	GO:0004601		9606		F
UniProtKB	A0A384P5Q0	A0A384P5Q0	GO:0004096		9606		F
UniProtKB	A0A384P5Q0	A0A384P5Q0	GO:0004601		9606		F
UniProtKB	A0A384P5Q0	A0A384P5Q0	GO:0004096		9606		F
UniProtKB	A0A384P5Q0	A0A384P5Q0	GO:0004096		9606		F
UniProtKB	A0A384P5Q0	A0A384P5Q0	GO:0004096		9606		F
UniProtKB	A0A384P5Q0	A0A384P5Q0	GO:0004096		9606		F
UniProtKB	A0A384P5Q0	A0A384P5Q0	GO:0098869		9606		P
UniProtKB	A0A384P5Q0	A0A384P5Q0	GO:0098869		9606		P
UniProtKB	A0A384P5Q0	A0A384P5Q0	GO:0098869		9606		P
UniProtKB	A0A384P5Q0	A0A384P5Q0	GO:0098869		9606		P
UniProtKB	A0A384P5Q0	A0A384P5Q0	GO:0098869		9606		P
UniProtKB	A0A384P5Q0	A0A384P5Q0	GO:0098869		9606		P
UniProtKB	A0A3B3ITJ0	CAT	GO:0004096		9606	CAT	F
UniProtKB	A0A3B3ITJ0	CAT	GO:0004601		9606	CAT	F
UniProtKB	A0A3B3ITJ0	CAT	GO:0098869		9606	CAT	P
UniProtKB	A0A3B3ITJ0	CAT	GO:0098869		9606	CAT	P
UniProtKB	A0A3G5AJB3	DUOX2	GO:0004601		9606	DUOX2	F
UniProtKB	A0A3G5AJB3	DUOX2	GO:0004601		9606	DUOX2	F
UniProtKB	A0A3G5AJB3	DUOX2	GO:0098869		9606	DUOX2	P
UniProtKB	A0A3G5AJB3	DUOX2	GO:0098869		9606	DUOX2	P
UniProtKB	A0A3T0CIT9	TPO	GO:0004447		9606	TPO	F
UniProtKB	A0A3T0CIT9	TPO	GO:0004601		9606	TPO	F
UniProtKB	A0A3T0CIT9	TPO	GO:0004601		9606	TPO	F
UniProtKB	A0A3T0CIT9	TPO	GO:0098869		9606	TPO	P
UniProtKB	A0A3T0CIT9	TPO	GO:0098869		9606	TPO	P
UniProtKB	A0A3T0CIT9	TPO	GO:0098869		9606	TPO	P
UniProtKB	A0A4Y1U0K4	MnSOD	GO:0004784		9606	MnSOD	F
UniProtKB	A0A4Y1U0K4	MnSOD	GO:0019430		9606	MnSOD	P
UniProtKB	A0A4Y1U1I6	MnSOD	GO:0004784		9606	MnSOD	F
UniProtKB	A0A4Y1U1I6	MnSOD	GO:0019430		9606	MnSOD	P
UniProtKB	A0A4Y1U1P4	MnSOD	GO:0004784		9606	MnSOD	F
UniProtKB	A0A4Y1U1P4	MnSOD	GO:0019430		9606	MnSOD	P
UniProtKB	A0A4Y1U4I2	MnSOD	GO:0004784		9606	MnSOD	F
UniProtKB	A0A4Y1U4I2	MnSOD	GO:0019430		9606	MnSOD	P
UniProtKB	A0A4Y1U5Z3	MnSOD	GO:0004784		9606	MnSOD	F
UniProtKB	A0A4Y1U5Z3	MnSOD	GO:0019430		9606	MnSOD	P
UniProtKB	A0A7I2UQ36	GPX1	GO:0004602		9606	GPX1	F
UniProtKB	A0A7I2UQ36	GPX1	GO:0004601		9606	GPX1	F
UniProtKB	A0A7I2UQ36	GPX1	GO:0098869		9606	GPX1	P
UniProtKB	A0A7I2UQ36	GPX1	GO:0098869		9606	GPX1	P
UniProtKB	A0A7I2YMD7	GPX1	GO:0004602		9606	GPX1	F
UniProtKB	A0A7I2YMD7	GPX1	GO:0004601		9606	GPX1	F
UniProtKB	A0A7I2YMD7	GPX1	GO:0098869		9606	GPX1	P
UniProtKB	A0A7I2YMD7	GPX1	GO:0098869		9606	GPX1	P
UniProtKB	A0A7P0T828	PTGS2	GO:0004601		9606	PTGS2	F
UniProtKB	A0A7P0T828	PTGS2	GO:0004601		9606	PTGS2	F
UniProtKB	A0A7P0T828	PTGS2	GO:0098869		9606	PTGS2	P
UniProtKB	A0A7P0T828	PTGS2	GO:0098869		9606	PTGS2	P
UniProtKB	A0M8X1	TPO	GO:0004447		9606	TPO	F
UniProtKB	A0M8X1	TPO	GO:0004601		9606	TPO	F
UniProtKB	A0M8X1	TPO	GO:0004601		9606	TPO	F
UniProtKB	A0M8X1	TPO	GO:0004447		9606	TPO	F
UniProtKB	A0M8X1	TPO	GO:0098869		9606	TPO	P
UniProtKB	A0M8X1	TPO	GO:0098869		9606	TPO	P
UniProtKB	A0M8X1	TPO	GO:0098869		9606	TPO	P
UniProtKB	A0M8X1	TPO	GO:0098869		9606	TPO	P
UniProtKB	A1KZ92	PXDNL	GO:0004601		9606	PXDNL,VPO2	F
UniProtKB	A1KZ92	PXDNL	GO:0004601		9606	PXDNL,VPO2	F
UniProtKB	A1KZ92	PXDNL	GO:0004601		9606	PXDNL,VPO2	F
UniProtKB	A1KZ92	PXDNL	GO:0098869		9606	PXDNL,VPO2	P
UniProtKB	A1KZ92	PXDNL	GO:0098869		9606	PXDNL,VPO2	P
UniProtKB	A1KZ92	PXDNL	GO:0098869		9606	PXDNL,VPO2	P
UniProtKB	A1L3X4	MT1DP	GO:0010273		9606	MT1DP,MTM	P
UniProtKB	A2NU82	A2NU82	GO:0004601		9606		F
UniProtKB	A2NU82	A2NU82	GO:0098869		9606		P
UniProtKB	A3KN74	GPX6	GO:0004601		9606	GPX6,hCG_1643762	F
UniProtKB	A3KN74	GPX6	GO:0004602		9606	GPX6,hCG_1643762	F
UniProtKB	A3KN74	GPX6	GO:0004602		9606	GPX6,hCG_1643762	F
UniProtKB	A3KN74	GPX6	GO:0004601		9606	GPX6,hCG_1643762	F
UniProtKB	A3KN74	GPX6	GO:0098869		9606	GPX6,hCG_1643762	P
UniProtKB	A3KN74	GPX6	GO:0098869		9606	GPX6,hCG_1643762	P
UniProtKB	A3KN74	GPX6	GO:0098869		9606	GPX6,hCG_1643762	P
UniProtKB	A3KN74	GPX6	GO:0098869		9606	GPX6,hCG_1643762	P
UniProtKB	A4UCS5	A4UCS5	GO:0016209		9606		F
UniProtKB	A4UCS5	A4UCS5	GO:0098869		9606		P
UniProtKB	A4UCS5	A4UCS5	GO:0098869		9606		P
UniProtKB	A4UCS5	A4UCS5	GO:0004601		9606		F
UniProtKB	A6NG45	PRDX4	GO:0016209		9606	PRDX4	F
UniProtKB	A6NG45	PRDX4	GO:0098869		9606	PRDX4	P
UniProtKB	A6NG45	PRDX4	GO:0098869		9606	PRDX4	P
UniProtKB	A6NG45	PRDX4	GO:0004601		9606	PRDX4	F
UniProtKB	A6NIW5	PRDX2	GO:0016209		9606	PRDX2,hCG_172488	F
UniProtKB	A6NIW5	PRDX2	GO:0098869		9606	PRDX2,hCG_172488	P
UniProtKB	A6NIW5	PRDX2	GO:0098869		9606	PRDX2,hCG_172488	P
UniProtKB	A6NIW5	PRDX2	GO:0004601		9606	PRDX2,hCG_172488	F
UniProtKB	A6NJJ0	PRDX4	GO:0016209		9606	PRDX4	F
UniProtKB	A6NJJ0	PRDX4	GO:0098869		9606	PRDX4	P
UniProtKB	A6NJJ0	PRDX4	GO:0098869		9606	PRDX4	P
UniProtKB	A6NJJ0	PRDX4	GO:0004601		9606	PRDX4	F
UniProtKB	A8K2V7	A8K2V7	GO:0004601		9606		F
UniProtKB	A8K2V7	A8K2V7	GO:0004601		9606		F
UniProtKB	A8K2V7	A8K2V7	GO:0098869		9606		P
UniProtKB	A8K2V7	A8K2V7	GO:0098869		9606		P
UniProtKB	B2R4P2	B2R4P2	GO:0016209		9606		F
UniProtKB	B2R4P2	B2R4P2	GO:0051920		9606		F
UniProtKB	B2R4P2	B2R4P2	GO:0016209		9606		F
UniProtKB	B2R4P2	B2R4P2	GO:0004601		9606		F
UniProtKB	B2R4P2	B2R4P2	GO:0004601		9606		F
UniProtKB	B2R4P2	B2R4P2	GO:0098869		9606		P
UniProtKB	B2R4P2	B2R4P2	GO:0098869		9606		P
UniProtKB	B2R4P2	B2R4P2	GO:0098869		9606		P
UniProtKB	B2R4P2	B2R4P2	GO:0098869		9606		P
UniProtKB	B2R4P2	B2R4P2	GO:0098869		9606		P
UniProtKB	B2R4P2	B2R4P2	GO:0098869		9606		P
UniProtKB	B2R4P2	B2R4P2	GO:0004601		9606		F
UniProtKB	B2R5P6	B2R5P6	GO:0004791		9606		F
UniProtKB	B2R5P6	B2R5P6	GO:0004791		9606		F
UniProtKB	B2R5P6	B2R5P6	GO:0098869		9606		P
UniProtKB	B2R5P6	B2R5P6	GO:0098869		9606		P
UniProtKB	B2R983	B2R983	GO:0045174		9606		F
UniProtKB	B2R983	B2R983	GO:0045174		9606		F
UniProtKB	B2R983	B2R983	GO:0098869		9606		P
UniProtKB	B2R983	B2R983	GO:0098869		9606		P
UniProtKB	B2R983	B2R983	GO:0098869		9606		P
UniProtKB	B2R983	B2R983	GO:0045174		9606		F
UniProtKB	B2R9V7	B2R9V7	GO:0004784		9606		F
UniProtKB	B2R9V7	B2R9V7	GO:0004784		9606		F
UniProtKB	B2R9V7	B2R9V7	GO:0004784		9606		F
UniProtKB	B2R9V7	B2R9V7	GO:0019430		9606		P
UniProtKB	B2R9V7	B2R9V7	GO:0019430		9606		P
UniProtKB	B2R9V7	B2R9V7	GO:0019430		9606		P
UniProtKB	B3KPZ2	B3KPZ2	GO:0004362		9606		F
UniProtKB	B3KPZ2	B3KPZ2	GO:0098869		9606		P
UniProtKB	B3KS91	B3KS91	GO:0004602		9606		F
UniProtKB	B3KS91	B3KS91	GO:0004601		9606		F
UniProtKB	B3KS91	B3KS91	GO:0098869		9606		P
UniProtKB	B3KS91	B3KS91	GO:0098869		9606		P
UniProtKB	B3KUQ5	B3KUQ5	GO:0004791		9606		F
UniProtKB	B3KUQ5	B3KUQ5	GO:0004791		9606		F
UniProtKB	B3KUQ5	B3KUQ5	GO:0098869		9606		P
UniProtKB	B3KUQ5	B3KUQ5	GO:0098869		9606		P
UniProtKB	B4DF70	B4DF70	GO:0016209		9606		F
UniProtKB	B4DF70	B4DF70	GO:0016209		9606		F
UniProtKB	B4DF70	B4DF70	GO:0004601		9606		F
UniProtKB	B4DF70	B4DF70	GO:0004601		9606		F
UniProtKB	B4DF70	B4DF70	GO:0098869		9606		P
UniProtKB	B4DF70	B4DF70	GO:0098869		9606		P
UniProtKB	B4DF70	B4DF70	GO:0098869		9606		P
UniProtKB	B4DF70	B4DF70	GO:0098869		9606		P
UniProtKB	B4DF70	B4DF70	GO:0098869		9606		P
UniProtKB	B4DF70	B4DF70	GO:0004601		9606		F
UniProtKB	B4DPY0	B4DPY0	GO:0004602		9606		F
UniProtKB	B4DPY0	B4DPY0	GO:0004601		9606		F
UniProtKB	B4DPY0	B4DPY0	GO:0004602		9606		F
UniProtKB	B4DPY0	B4DPY0	GO:0098869		9606		P
UniProtKB	B4DPY0	B4DPY0	GO:0098869		9606		P
UniProtKB	B4DPY0	B4DPY0	GO:0098869		9606		P
UniProtKB	B4DRZ5	B4DRZ5	GO:0004791		9606		F
UniProtKB	B4DRZ5	B4DRZ5	GO:0004791		9606		F
UniProtKB	B4DRZ5	B4DRZ5	GO:0098869		9606		P
UniProtKB	B4DRZ5	B4DRZ5	GO:0098869		9606		P
UniProtKB	B4DU59	B4DU59	GO:0045174		9606		F
UniProtKB	B4DU59	B4DU59	GO:0045174		9606		F
UniProtKB	B4DU59	B4DU59	GO:0098869		9606		P
UniProtKB	B4DU59	B4DU59	GO:0098869		9606		P
UniProtKB	B4DUH9	B4DUH9	GO:0004601		9606		F
UniProtKB	B4DUH9	B4DUH9	GO:0036393		9606		F
UniProtKB	B4DUH9	B4DUH9	GO:0004601		9606		F
UniProtKB	B4DUH9	B4DUH9	GO:0098869		9606		P
UniProtKB	B4DUH9	B4DUH9	GO:0098869		9606		P
UniProtKB	B4DUK1	B4DUK1	GO:0016209		9606		F
UniProtKB	B4DUK1	B4DUK1	GO:0098869		9606		P
UniProtKB	B4DUK1	B4DUK1	GO:0098869		9606		P
UniProtKB	B4DUK1	B4DUK1	GO:0004601		9606		F
UniProtKB	B4DWK8	B4DWK8	GO:0004096		9606		F
UniProtKB	B4DWK8	B4DWK8	GO:0004601		9606		F
UniProtKB	B4DWK8	B4DWK8	GO:0004096		9606		F
UniProtKB	B4DWK8	B4DWK8	GO:0004096		9606		F
UniProtKB	B4DWK8	B4DWK8	GO:0098869		9606		P
UniProtKB	B4DWK8	B4DWK8	GO:0098869		9606		P
UniProtKB	B4DWK8	B4DWK8	GO:0098869		9606		P
UniProtKB	B4DWK8	B4DWK8	GO:0098869		9606		P
UniProtKB	B4DX84	B4DX84	GO:1990961		9606		P
UniProtKB	B4E1M1	B4E1M1	GO:0004601		9606		F
UniProtKB	B4E1M1	B4E1M1	GO:0036393		9606		F
UniProtKB	B4E1M1	B4E1M1	GO:0004601		9606		F
UniProtKB	B4E1M1	B4E1M1	GO:0098869		9606		P
UniProtKB	B4E1M1	B4E1M1	GO:0098869		9606		P
UniProtKB	B7Z2S5	B7Z2S5	GO:0004791		9606		F
UniProtKB	B7Z2S5	B7Z2S5	GO:0004791		9606		F
UniProtKB	B7Z2S5	B7Z2S5	GO:0098869		9606		P
UniProtKB	B7Z2S5	B7Z2S5	GO:0098869		9606		P
UniProtKB	C9J511	TPO	GO:0004447		9606	TPO	F
UniProtKB	C9J511	TPO	GO:0004601		9606	TPO	F
UniProtKB	C9J511	TPO	GO:0098869		9606	TPO	P
UniProtKB	C9J511	TPO	GO:0098869		9606	TPO	P
UniProtKB	C9JAE6	SLC47A2	GO:1990961		9606	SLC47A2	P
UniProtKB	D3DQH2	GPX3	GO:0004601		9606	GPX3,hCG_39155	F
UniProtKB	D3DQH2	GPX3	GO:0098869		9606	GPX3,hCG_39155	P
UniProtKB	D3DQK5	hCG_1979388	GO:0004362		9606	hCG_1979388	F
UniProtKB	D3DQK5	hCG_1979388	GO:0098869		9606	hCG_1979388	P
UniProtKB	D3YTF8	TXNRD2	GO:0004791		9606	TXNRD2	F
UniProtKB	D3YTF8	TXNRD2	GO:0004791		9606	TXNRD2	F
UniProtKB	D3YTF8	TXNRD2	GO:0098869		9606	TXNRD2	P
UniProtKB	D3YTF8	TXNRD2	GO:0098869		9606	TXNRD2	P
UniProtKB	D6W5Y2	GPX4	GO:0004601		9606	GPX4,hCG_21576	F
UniProtKB	D6W5Y2	GPX4	GO:0098869		9606	GPX4,hCG_21576	P
UniProtKB	D9MWI3	PTGS2	GO:0004601		9606	PTGS2	F
UniProtKB	D9MWI3	PTGS2	GO:0098869		9606	PTGS2	P
UniProtKB	E5RG32	GPX3	GO:0004602		9606	GPX3	F
UniProtKB	E5RG32	GPX3	GO:0004601		9606	GPX3	F
UniProtKB	E5RG32	GPX3	GO:0098869		9606	GPX3	P
UniProtKB	E5RG32	GPX3	GO:0098869		9606	GPX3	P
UniProtKB	E7ETY7	GPX8	GO:0004602		9606	GPX8	F
UniProtKB	E7ETY7	GPX8	GO:0004601		9606	GPX8	F
UniProtKB	E7ETY7	GPX8	GO:0004602		9606	GPX8	F
UniProtKB	E7ETY7	GPX8	GO:0098869		9606	GPX8	P
UniProtKB	E7ETY7	GPX8	GO:0098869		9606	GPX8	P
UniProtKB	E7ETY7	GPX8	GO:0098869		9606	GPX8	P
UniProtKB	E7EX57	SLC47A1	GO:1990961		9606	SLC47A1	P
UniProtKB	E9PFM6	TPO	GO:0004447		9606	TPO	F
UniProtKB	E9PFM6	TPO	GO:0098869		9606	TPO	P
UniProtKB	E9PIR7	TXNRD1	GO:0004791		9606	TXNRD1	F
UniProtKB	E9PIR7	TXNRD1	GO:0004791		9606	TXNRD1	F
UniProtKB	E9PIR7	TXNRD1	GO:0098869		9606	TXNRD1	P
UniProtKB	E9PIR7	TXNRD1	GO:0098869		9606	TXNRD1	P
UniProtKB	F5GXZ9	SOD2	GO:0004784		9606	SOD2	F
UniProtKB	F5GXZ9	SOD2	GO:0019430		9606	SOD2	P
UniProtKB	F5GYZ5	SOD2	GO:0004784		9606	SOD2	F
UniProtKB	F5GYZ5	SOD2	GO:0004784		9606	SOD2	F
UniProtKB	F5GYZ5	SOD2	GO:0004784		9606	SOD2	F
UniProtKB	F5GYZ5	SOD2	GO:0019430		9606	SOD2	P
UniProtKB	F5GYZ5	SOD2	GO:0019430		9606	SOD2	P
UniProtKB	F5GYZ5	SOD2	GO:0019430		9606	SOD2	P
UniProtKB	F5H386	LPO	GO:0004601		9606	LPO	F
UniProtKB	F5H386	LPO	GO:0036393		9606	LPO	F
UniProtKB	F5H386	LPO	GO:0004601		9606	LPO	F
UniProtKB	F5H386	LPO	GO:0098869		9606	LPO	P
UniProtKB	F5H386	LPO	GO:0098869		9606	LPO	P
UniProtKB	F5H3C5	SOD2	GO:0004784		9606	SOD2	F
UniProtKB	F5H3C5	SOD2	GO:0004784		9606	SOD2	F
UniProtKB	F5H3C5	SOD2	GO:0004784		9606	SOD2	F
UniProtKB	F5H3C5	SOD2	GO:0019430		9606	SOD2	P
UniProtKB	F5H3C5	SOD2	GO:0019430		9606	SOD2	P
UniProtKB	F5H3C5	SOD2	GO:0019430		9606	SOD2	P
UniProtKB	F5H4R2	SOD2	GO:0004784		9606	SOD2	F
UniProtKB	F5H4R2	SOD2	GO:0004784		9606	SOD2	F
UniProtKB	F5H4R2	SOD2	GO:0004784		9606	SOD2	F
UniProtKB	F5H4R2	SOD2	GO:0019430		9606	SOD2	P
UniProtKB	F5H4R2	SOD2	GO:0019430		9606	SOD2	P
UniProtKB	F5H4R2	SOD2	GO:0019430		9606	SOD2	P
UniProtKB	G3V323	GPX2	GO:0004602		9606	GPX2	F
UniProtKB	G3V323	GPX2	GO:0004601		9606	GPX2	F
UniProtKB	G3V323	GPX2	GO:0098869		9606	GPX2	P
UniProtKB	G3V323	GPX2	GO:0098869		9606	GPX2	P
UniProtKB	G3V4J6	GPX2	GO:0004602		9606	GPX2	F
UniProtKB	G3V4J6	GPX2	GO:0004601		9606	GPX2	F
UniProtKB	G3V4J6	GPX2	GO:0098869		9606	GPX2	P
UniProtKB	G3V4J6	GPX2	GO:0098869		9606	GPX2	P
UniProtKB	G5E9P6	SOD2	GO:0004784		9606	SOD2,hCG_34035	F
UniProtKB	G5E9P6	SOD2	GO:0019430		9606	SOD2,hCG_34035	P
UniProtKB	G8JLJ2	SOD2	GO:0004784		9606	SOD2	F
UniProtKB	G8JLJ2	SOD2	GO:0004784		9606	SOD2	F
UniProtKB	G8JLJ2	SOD2	GO:0004784		9606	SOD2	F
UniProtKB	G8JLJ2	SOD2	GO:0019430		9606	SOD2	P
UniProtKB	G8JLJ2	SOD2	GO:0019430		9606	SOD2	P
UniProtKB	G8JLJ2	SOD2	GO:0019430		9606	SOD2	P
UniProtKB	H0Y300	HP	GO:0016209		9606	HP	F
UniProtKB	H0Y300	HP	GO:0098869		9606	HP	P
UniProtKB	H0Y3I2	LPO	GO:0004601		9606	LPO	F
UniProtKB	H0Y3I2	LPO	GO:0036393		9606	LPO	F
UniProtKB	H0Y3I2	LPO	GO:0004601		9606	LPO	F
UniProtKB	H0Y3I2	LPO	GO:0098869		9606	LPO	P
UniProtKB	H0Y3I2	LPO	GO:0098869		9606	LPO	P
UniProtKB	H0Y6H4	TPO	GO:0004447		9606	TPO	F
UniProtKB	H0Y6H4	TPO	GO:0004601		9606	TPO	F
UniProtKB	H0Y6H4	TPO	GO:0004601		9606	TPO	F
UniProtKB	H0Y6H4	TPO	GO:0098869		9606	TPO	P
UniProtKB	H0Y6H4	TPO	GO:0098869		9606	TPO	P
UniProtKB	H0Y6H4	TPO	GO:0098869		9606	TPO	P
UniProtKB	H0YAV0	PXDNL	GO:0004601		9606	PXDNL	F
UniProtKB	H0YAV0	PXDNL	GO:0004601		9606	PXDNL	F
UniProtKB	H0YAV0	PXDNL	GO:0098869		9606	PXDNL	P
UniProtKB	H0YAV0	PXDNL	GO:0098869		9606	PXDNL	P
UniProtKB	H0YBE4	GPX3	GO:0004602		9606	GPX3	F
UniProtKB	H0YBE4	GPX3	GO:0004601		9606	GPX3	F
UniProtKB	H0YBE4	GPX3	GO:0098869		9606	GPX3	P
UniProtKB	H0YBE4	GPX3	GO:0098869		9606	GPX3	P
UniProtKB	H0YBI6	TXNRD3	GO:0004791		9606	TXNRD3	F
UniProtKB	H0YBI6	TXNRD3	GO:0004791		9606	TXNRD3	F
UniProtKB	H0YBI6	TXNRD3	GO:0098869		9606	TXNRD3	P
UniProtKB	H0YBI6	TXNRD3	GO:0098869		9606	TXNRD3	P
UniProtKB	H0YBQ0	TXNRD3	GO:0004791		9606	TXNRD3	F
UniProtKB	H0YBQ0	TXNRD3	GO:0004791		9606	TXNRD3	F
UniProtKB	H0YBQ0	TXNRD3	GO:0098869		9606	TXNRD3	P
UniProtKB	H0YBQ0	TXNRD3	GO:0098869		9606	TXNRD3	P
UniProtKB	H0YC19	GPX3	GO:0004602		9606	GPX3	F
UniProtKB	H0YC19	GPX3	GO:0004601		9606	GPX3	F
UniProtKB	H0YC19	GPX3	GO:0098869		9606	GPX3	P
UniProtKB	H0YC19	GPX3	GO:0098869		9606	GPX3	P
UniProtKB	H0YC68	GSR	GO:0004362		9606	GSR	F
UniProtKB	H0YC68	GSR	GO:0098869		9606	GSR	P
UniProtKB	H0YJK8	GPX2	GO:0004602		9606	GPX2	F
UniProtKB	H0YJK8	GPX2	GO:0004601		9606	GPX2	F
UniProtKB	H0YJK8	GPX2	GO:0098869		9606	GPX2	P
UniProtKB	H0YJK8	GPX2	GO:0098869		9606	GPX2	P
UniProtKB	H0YK19	DUOX1	GO:0004601		9606	DUOX1	F
UniProtKB	H0YK19	DUOX1	GO:0004601		9606	DUOX1	F
UniProtKB	H0YK19	DUOX1	GO:0098869		9606	DUOX1	P
UniProtKB	H0YK19	DUOX1	GO:0098869		9606	DUOX1	P
UniProtKB	H3BS21	HP	GO:0016209		9606	HP	F
UniProtKB	H3BS21	HP	GO:0098869		9606	HP	P
UniProtKB	H7BYH4	SOD1	GO:0004784		9606	SOD1	F
UniProtKB	H7BYH4	SOD1	GO:0004784		9606	SOD1	F
UniProtKB	H7BYH4	SOD1	GO:0019430		9606	SOD1	P
UniProtKB	H7BYH4	SOD1	GO:0019430		9606	SOD1	P
UniProtKB	H7BZT7	ESD	GO:0046294		9606	ESD	P
UniProtKB	H7C1F5	TPO	GO:0004447		9606	TPO	F
UniProtKB	H7C1F5	TPO	GO:0004601		9606	TPO	F
UniProtKB	H7C1F5	TPO	GO:0004601		9606	TPO	F
UniProtKB	H7C1F5	TPO	GO:0004447		9606	TPO	F
UniProtKB	H7C1F5	TPO	GO:0098869		9606	TPO	P
UniProtKB	H7C1F5	TPO	GO:0098869		9606	TPO	P
UniProtKB	H7C1F5	TPO	GO:0098869		9606	TPO	P
UniProtKB	H7C1F5	TPO	GO:0098869		9606	TPO	P
UniProtKB	H7C1W1	PXDN	GO:0004601		9606	PXDN	F
UniProtKB	H7C1W1	PXDN	GO:0098869		9606	PXDN	P
UniProtKB	H7C300	PXDN	GO:0004601		9606	PXDN	F
UniProtKB	H7C300	PXDN	GO:0098869		9606	PXDN	P
UniProtKB	H7C3T4	PRDX4	GO:0016209		9606	PRDX4	F
UniProtKB	H7C3T4	PRDX4	GO:0051920		9606	PRDX4	F
UniProtKB	H7C3T4	PRDX4	GO:0016209		9606	PRDX4	F
UniProtKB	H7C3T4	PRDX4	GO:0004601		9606	PRDX4	F
UniProtKB	H7C3T4	PRDX4	GO:0098869		9606	PRDX4	P
UniProtKB	H7C3T4	PRDX4	GO:0098869		9606	PRDX4	P
UniProtKB	H7C3T4	PRDX4	GO:0098869		9606	PRDX4	P
UniProtKB	H7C3T4	PRDX4	GO:0098869		9606	PRDX4	P
UniProtKB	H7C3T4	PRDX4	GO:0098869		9606	PRDX4	P
UniProtKB	H7C3T4	PRDX4	GO:0004601		9606	PRDX4	F
UniProtKB	H7C3W2	PXDN	GO:0004601		9606	PXDN	F
UniProtKB	H7C3W2	PXDN	GO:0098869		9606	PXDN	P
UniProtKB	H7C5B6	TPO	GO:0004447		9606	TPO	F
UniProtKB	H7C5B6	TPO	GO:0004601		9606	TPO	F
UniProtKB	H7C5B6	TPO	GO:0004601		9606	TPO	F
UniProtKB	H7C5B6	TPO	GO:0098869		9606	TPO	P
UniProtKB	H7C5B6	TPO	GO:0098869		9606	TPO	P
UniProtKB	H7C5B6	TPO	GO:0098869		9606	TPO	P
UniProtKB	I3L0K2	TXNDC17	GO:0004601		9606	TXNDC17	F
UniProtKB	I3L0K2	TXNDC17	GO:0098869		9606	TXNDC17	P
UniProtKB	I3L2R6	TXNDC17	GO:0004601		9606	TXNDC17	F
UniProtKB	I3L2R6	TXNDC17	GO:0098869		9606	TXNDC17	P
UniProtKB	I3L3M7	TXNDC17	GO:0004601		9606	TXNDC17	F
UniProtKB	I3L3M7	TXNDC17	GO:0098869		9606	TXNDC17	P
UniProtKB	J3KNB5	GPX8	GO:0004602		9606	GPX8	F
UniProtKB	J3KNB5	GPX8	GO:0004601		9606	GPX8	F
UniProtKB	J3KNB5	GPX8	GO:0098869		9606	GPX8	P
UniProtKB	J3KNB5	GPX8	GO:0098869		9606	GPX8	P
UniProtKB	J3KT11	LPO	GO:0004601		9606	LPO	F
UniProtKB	J3KT11	LPO	GO:0036393		9606	LPO	F
UniProtKB	J3KT11	LPO	GO:0004601		9606	LPO	F
UniProtKB	J3KT11	LPO	GO:0098869		9606	LPO	P
UniProtKB	J3KT11	LPO	GO:0098869		9606	LPO	P
UniProtKB	J3QLC9	HP	GO:0016209		9606	HP	F
UniProtKB	J3QLC9	HP	GO:0098869		9606	HP	P
UniProtKB	J3QR68	HP	GO:0016209		9606	HP	F
UniProtKB	J3QR68	HP	GO:0098869		9606	HP	P
UniProtKB	J3QSD8	LPO	GO:0004601		9606	LPO	F
UniProtKB	J3QSD8	LPO	GO:0036393		9606	LPO	F
UniProtKB	J3QSD8	LPO	GO:0004601		9606	LPO	F
UniProtKB	J3QSD8	LPO	GO:0098869		9606	LPO	P
UniProtKB	J3QSD8	LPO	GO:0098869		9606	LPO	P
UniProtKB	J3QSF7	MPO	GO:0004601		9606	MPO	F
UniProtKB	J3QSF7	MPO	GO:0004601		9606	MPO	F
UniProtKB	J3QSF7	MPO	GO:0098869		9606	MPO	P
UniProtKB	J3QSF7	MPO	GO:0098869		9606	MPO	P
UniProtKB	K4DIA6	PXDNL	GO:0004601		9606	PXDNL	F
UniProtKB	K4DIA6	PXDNL	GO:0004601		9606	PXDNL	F
UniProtKB	K4DIA6	PXDNL	GO:0098869		9606	PXDNL	P
UniProtKB	K4DIA6	PXDNL	GO:0098869		9606	PXDNL	P
UniProtKB	K7EJ20	GPX4	GO:0004602		9606	GPX4	F
UniProtKB	K7EJ20	GPX4	GO:0004601		9606	GPX4	F
UniProtKB	K7EJ20	GPX4	GO:0098869		9606	GPX4	P
UniProtKB	K7EJ20	GPX4	GO:0098869		9606	GPX4	P
UniProtKB	K7EKX7	GPX4	GO:0004602		9606	GPX4	F
UniProtKB	K7EKX7	GPX4	GO:0004601		9606	GPX4	F
UniProtKB	K7EKX7	GPX4	GO:0098869		9606	GPX4	P
UniProtKB	K7EKX7	GPX4	GO:0098869		9606	GPX4	P
UniProtKB	K7ENB4	GPX4	GO:0004602		9606	GPX4	F
UniProtKB	K7ENB4	GPX4	GO:0004601		9606	GPX4	F
UniProtKB	K7ENB4	GPX4	GO:0098869		9606	GPX4	P
UniProtKB	K7ENB4	GPX4	GO:0098869		9606	GPX4	P
UniProtKB	K7ERP4	GPX4	GO:0004602		9606	GPX4	F
UniProtKB	K7ERP4	GPX4	GO:0004601		9606	GPX4	F
UniProtKB	K7ERP4	GPX4	GO:0098869		9606	GPX4	P
UniProtKB	K7ERP4	GPX4	GO:0098869		9606	GPX4	P
UniProtKB	O00476	SLC17A3	GO:1990961		9606	SLC17A3,NPT4	P
UniProtKB	O14618	CCS	GO:0019430		9606	CCS	P
UniProtKB	O14618	CCS	GO:0004784		9606	CCS	F
UniProtKB	O14684	PTGES	GO:0004602		9606	PTGES,MGST1L1,MPGES1,PGES,PIG12	F
UniProtKB	O14684	PTGES	GO:0098869		9606	PTGES,MGST1L1,MPGES1,PGES,PIG12	P
UniProtKB	O14880	MGST3	GO:0004602		9606	MGST3	F
UniProtKB	O14880	MGST3	GO:0004602		9606	MGST3	F
UniProtKB	O14880	MGST3	GO:0098869		9606	MGST3	P
UniProtKB	O14880	MGST3	GO:0098869		9606	MGST3	P
UniProtKB	O15247	CLIC2	GO:0004602		9606	CLIC2	F
UniProtKB	O15247	CLIC2	GO:0098869		9606	CLIC2	P
UniProtKB	O43396	TXNL1	GO:0004791		9606	TXNL1,TRP32,TXL,TXNL	F
UniProtKB	O43708	GSTZ1	GO:0004602		9606	GSTZ1,MAAI	F
UniProtKB	O43708	GSTZ1	GO:0098869		9606	GSTZ1,MAAI	P
UniProtKB	O60218	AKR1B10	GO:0110095		9606	AKR1B10,AKR1B11	P
UniProtKB	O60218	AKR1B10	GO:0110095		9606	AKR1B10,AKR1B11	P
UniProtKB	O60613	SELENOF	GO:0008379		9606	SELENOF,SEP15	F
UniProtKB	O60613	SELENOF	GO:0098869		9606	SELENOF,SEP15	P
UniProtKB	O75715	GPX5	GO:0004601		9606	GPX5	F
UniProtKB	O75715	GPX5	GO:0004602		9606	GPX5	F
UniProtKB	O75715	GPX5	GO:0004602		9606	GPX5	F
UniProtKB	O75715	GPX5	GO:0004601		9606	GPX5	F
UniProtKB	O75715	GPX5	GO:0004602		9606	GPX5	F
UniProtKB	O75715	GPX5	GO:0004602		9606	GPX5	F
UniProtKB	O75715	GPX5	GO:0004602		9606	GPX5	F
UniProtKB	O75715	GPX5	GO:0098869		9606	GPX5	P
UniProtKB	O75715	GPX5	GO:0098869		9606	GPX5	P
UniProtKB	O75715	GPX5	GO:0098869		9606	GPX5	P
UniProtKB	O75715	GPX5	GO:0098869		9606	GPX5	P
UniProtKB	O75715	GPX5	GO:0098869		9606	GPX5	P
UniProtKB	O75715	GPX5	GO:0098869		9606	GPX5	P
UniProtKB	O75715	GPX5	GO:0098869		9606	GPX5	P
UniProtKB	O76082	SLC22A5	GO:1990961		9606	SLC22A5,OCTN2	P
UniProtKB	O95154	AKR7A3	GO:0046223		9606	AKR7A3,AFAR2	P
UniProtKB	O95445	APOM	GO:0016209		9606	APOM,G3A,NG20,HSPC336	F
UniProtKB	O95445	APOM	GO:0016209		9606	APOM,G3A,NG20,HSPC336	F
UniProtKB	O95445	APOM	GO:0098869		9606	APOM,G3A,NG20,HSPC336	P
UniProtKB	O95445	APOM	GO:0098869		9606	APOM,G3A,NG20,HSPC336	P
UniProtKB	P00352	ALDH1A1	GO:0110095		9606	ALDH1A1,ALDC,ALDH1,PUMB1	P
UniProtKB	P00390	GSR	GO:0004362		9606	GSR,GLUR,GRD1	F
UniProtKB	P00390	GSR	GO:0004362		9606	GSR,GLUR,GRD1	F
UniProtKB	P00390	GSR	GO:0004362		9606	GSR,GLUR,GRD1	F
UniProtKB	P00390	GSR	GO:0004362		9606	GSR,GLUR,GRD1	F
UniProtKB	P00390	GSR	GO:0004362		9606	GSR,GLUR,GRD1	F
UniProtKB	P00390	GSR	GO:0004362		9606	GSR,GLUR,GRD1	F
UniProtKB	P00390	GSR	GO:0098869		9606	GSR,GLUR,GRD1	P
UniProtKB	P00390	GSR	GO:0098869		9606	GSR,GLUR,GRD1	P
UniProtKB	P00390	GSR	GO:0098869		9606	GSR,GLUR,GRD1	P
UniProtKB	P00390	GSR	GO:0098869		9606	GSR,GLUR,GRD1	P
UniProtKB	P00390	GSR	GO:0098869		9606	GSR,GLUR,GRD1	P
UniProtKB	P00390	GSR	GO:0098869		9606	GSR,GLUR,GRD1	P
UniProtKB	P00441	SOD1	GO:0004784		9606	SOD1	F
UniProtKB	P00441	SOD1	GO:0019430		9606	SOD1	P
UniProtKB	P00441	SOD1	GO:0019430		9606	SOD1	P
UniProtKB	P00441	SOD1	GO:0004784		9606	SOD1	F
UniProtKB	P00441	SOD1	GO:0004784		9606	SOD1	F
UniProtKB	P00441	SOD1	GO:0016209		9606	SOD1	F
UniProtKB	P00441	SOD1	GO:0004784		9606	SOD1	F
UniProtKB	P00441	SOD1	GO:0019430		9606	SOD1	P
UniProtKB	P00441	SOD1	GO:0019430		9606	SOD1	P
UniProtKB	P00441	SOD1	GO:0004784		9606	SOD1	F
UniProtKB	P00441	SOD1	GO:0004784		9606	SOD1	F
UniProtKB	P00441	SOD1	GO:0004784		9606	SOD1	F
UniProtKB	P00441	SOD1	GO:0004784		9606	SOD1	F
UniProtKB	P00441	SOD1	GO:0004784		9606	SOD1	F
UniProtKB	P00441	SOD1	GO:0004784		9606	SOD1	F
UniProtKB	P00441	SOD1	GO:0019430		9606	SOD1	P
UniProtKB	P00738	HP	GO:0016209		9606	HP	F
UniProtKB	P00738	HP	GO:0098869		9606	HP	P
UniProtKB	P02008	HBZ	GO:0004601		9606	HBZ,HBZ2	F
UniProtKB	P02008	HBZ	GO:0098869		9606	HBZ,HBZ2	P
UniProtKB	P02042	HBD	GO:0004601		9606	HBD	F
UniProtKB	P02042	HBD	GO:0098869		9606	HBD	P
UniProtKB	P02100	HBE1	GO:0004601		9606	HBE1,HBE	F
UniProtKB	P02100	HBE1	GO:0098869		9606	HBE1,HBE	P
UniProtKB	P02649	APOE	GO:0016209		9606	APOE	F
UniProtKB	P02649	APOE	GO:0098869		9606	APOE	P
UniProtKB	P02760:PRO_0000017886	AMBP	GO:0098869		9606	AMBP,HCP,ITIL	P
UniProtKB	P02760:PRO_0000017886	AMBP	GO:0098869		9606	AMBP,HCP,ITIL	P
UniProtKB	P02760:PRO_0000017886	AMBP	GO:0016209		9606	AMBP,HCP,ITIL	F
UniProtKB	P02760:PRO_0000017886	AMBP	GO:0016209		9606	AMBP,HCP,ITIL	F
UniProtKB	P02768	ALB	GO:0098869		9606	ALB,GIG20,GIG42,PRO0903,PRO1708,PRO2044,PRO2619,PRO2675,UNQ696/PRO1341	P
UniProtKB	P02768	ALB	GO:0016209		9606	ALB,GIG20,GIG42,PRO0903,PRO1708,PRO2044,PRO2619,PRO2675,UNQ696/PRO1341	F
UniProtKB	P02795	MT2A	GO:0010273		9606	MT2A,CES1,MT2	P
UniProtKB	P04040	CAT	GO:0004096		9606	CAT	F
UniProtKB	P04040	CAT	GO:0004096		9606	CAT	F
UniProtKB	P04040	CAT	GO:0004601		9606	CAT	F
UniProtKB	P04040	CAT	GO:0004096		9606	CAT	F
UniProtKB	P04040	CAT	GO:0004096		9606	CAT	F
UniProtKB	P04040	CAT	GO:0004096		9606	CAT	F
UniProtKB	P04040	CAT	GO:0061692		9606	CAT	P
UniProtKB	P04040	CAT	GO:0004096		9606	CAT	F
UniProtKB	P04040	CAT	GO:0016209		9606	CAT	F
UniProtKB	P04040	CAT	GO:0004096		9606	CAT	F
UniProtKB	P04040	CAT	GO:0004096		9606	CAT	F
UniProtKB	P04040	CAT	GO:0004096		9606	CAT	F
UniProtKB	P04179	SOD2	GO:0004784		9606	SOD2	F
UniProtKB	P04179	SOD2	GO:0004784		9606	SOD2	F
UniProtKB	P04179	SOD2	GO:0004784		9606	SOD2	F
UniProtKB	P04179	SOD2	GO:0019430		9606	SOD2	P
UniProtKB	P04179	SOD2	GO:0019430		9606	SOD2	P
UniProtKB	P04179	SOD2	GO:0004784		9606	SOD2	F
UniProtKB	P04179	SOD2	GO:0004784		9606	SOD2	F
UniProtKB	P04179	SOD2	GO:0004784		9606	SOD2	F
UniProtKB	P04179	SOD2	GO:0019430		9606	SOD2	P
UniProtKB	P04179	SOD2	GO:0004784		9606	SOD2	F
UniProtKB	P04179	SOD2	GO:0004784		9606	SOD2	F
UniProtKB	P04179	SOD2	GO:0004784		9606	SOD2	F
UniProtKB	P04731	MT1A	GO:0010273		9606	MT1A,MT1S	P
UniProtKB	P04732	MT1E	GO:0010273		9606	MT1E	P
UniProtKB	P04733	MT1F	GO:0010273		9606	MT1F,PRO0376	P
UniProtKB	P05164	MPO	GO:0004601		9606	MPO	F
UniProtKB	P05164	MPO	GO:0004601		9606	MPO	F
UniProtKB	P05164	MPO	GO:0004601		9606	MPO	F
UniProtKB	P05164	MPO	GO:0004601		9606	MPO	F
UniProtKB	P05164	MPO	GO:0004601		9606	MPO	F
UniProtKB	P05164	MPO	GO:0004601		9606	MPO	F
UniProtKB	P05164	MPO	GO:0019430		9606	MPO	P
UniProtKB	P05164	MPO	GO:0004601		9606	MPO	F
UniProtKB	P05164	MPO	GO:0004601		9606	MPO	F
UniProtKB	P05164	MPO	GO:0004601		9606	MPO	F
UniProtKB	P06702	S100A9	GO:0016209		9606	S100A9,CAGB,CFAG,MRP14	F
UniProtKB	P06702	S100A9	GO:0098869		9606	S100A9,CAGB,CFAG,MRP14	P
UniProtKB	P06727	APOA4	GO:0016209		9606	APOA4	F
UniProtKB	P06727	APOA4	GO:0019430		9606	APOA4	P
UniProtKB	P07148	FABP1	GO:0098869		9606	FABP1,FABPL	P
UniProtKB	P07148	FABP1	GO:0016209		9606	FABP1,FABPL	F
UniProtKB	P07202	TPO	GO:0004601		9606	TPO	F
UniProtKB	P07202	TPO	GO:0004447		9606	TPO	F
UniProtKB	P07202	TPO	GO:0004601		9606	TPO	F
UniProtKB	P07202	TPO	GO:0004601		9606	TPO	F
UniProtKB	P07202	TPO	GO:0004601		9606	TPO	F
UniProtKB	P07202	TPO	GO:0004447		9606	TPO	F
UniProtKB	P07202	TPO	GO:0004601		9606	TPO	F
UniProtKB	P07202	TPO	GO:0004601		9606	TPO	F
UniProtKB	P07202	TPO	GO:0004601		9606	TPO	F
UniProtKB	P07202	TPO	GO:0004601		9606	TPO	F
UniProtKB	P07202	TPO	GO:0004601		9606	TPO	F
UniProtKB	P07202	TPO	GO:0098869		9606	TPO	P
UniProtKB	P07202	TPO	GO:0098869		9606	TPO	P
UniProtKB	P07202	TPO	GO:0098869		9606	TPO	P
UniProtKB	P07202	TPO	GO:0098869		9606	TPO	P
UniProtKB	P07202	TPO	GO:0098869		9606	TPO	P
UniProtKB	P07202	TPO	GO:0098869		9606	TPO	P
UniProtKB	P07202	TPO	GO:0098869		9606	TPO	P
UniProtKB	P07202	TPO	GO:0098869		9606	TPO	P
UniProtKB	P07202	TPO	GO:0098869		9606	TPO	P
UniProtKB	P07202	TPO	GO:0098869		9606	TPO	P
UniProtKB	P07202	TPO	GO:0098869		9606	TPO	P
UniProtKB	P07203	GPX1	GO:0004601		9606	GPX1	F
UniProtKB	P07203	GPX1	GO:0004602		9606	GPX1	F
UniProtKB	P07203	GPX1	GO:0047066		9606	GPX1	F
UniProtKB	P07203	GPX1	GO:0004602		9606	GPX1	F
UniProtKB	P07203	GPX1	GO:0004601		9606	GPX1	F
UniProtKB	P07203	GPX1	GO:0004602		9606	GPX1	F
UniProtKB	P07203	GPX1	GO:0004602		9606	GPX1	F
UniProtKB	P07203	GPX1	GO:0004602		9606	GPX1	F
UniProtKB	P07203	GPX1	GO:0004602		9606	GPX1	F
UniProtKB	P07203	GPX1	GO:0004602		9606	GPX1	F
UniProtKB	P07203	GPX1	GO:0098869		9606	GPX1	P
UniProtKB	P07203	GPX1	GO:0098869		9606	GPX1	P
UniProtKB	P07203	GPX1	GO:0098869		9606	GPX1	P
UniProtKB	P07203	GPX1	GO:0098869		9606	GPX1	P
UniProtKB	P07203	GPX1	GO:0098869		9606	GPX1	P
UniProtKB	P07203	GPX1	GO:0098869		9606	GPX1	P
UniProtKB	P07203	GPX1	GO:0098869		9606	GPX1	P
UniProtKB	P07203	GPX1	GO:0098869		9606	GPX1	P
UniProtKB	P07203	GPX1	GO:0098869		9606	GPX1	P
UniProtKB	P07438	MT1B	GO:0010273		9606	MT1B,MT1Q	P
UniProtKB	P08183	ABCB1	GO:1990961		9606	ABCB1,MDR1,PGY1	P
UniProtKB	P08183	ABCB1	GO:1990961		9606	ABCB1,MDR1,PGY1	P
UniProtKB	P08183	ABCB1	GO:1990961		9606	ABCB1,MDR1,PGY1	P
UniProtKB	P08183	ABCB1	GO:1990961		9606	ABCB1,MDR1,PGY1	P
UniProtKB	P08183	ABCB1	GO:1990961		9606	ABCB1,MDR1,PGY1	P
UniProtKB	P08263	GSTA1	GO:0004601		9606	GSTA1	F
UniProtKB	P08263	GSTA1	GO:0004602		9606	GSTA1	F
UniProtKB	P08263	GSTA1	GO:0098869		9606	GSTA1	P
UniProtKB	P08263	GSTA1	GO:0098869		9606	GSTA1	P
UniProtKB	P08294	SOD3	GO:0019430		9606	SOD3	P
UniProtKB	P08294	SOD3	GO:0004784		9606	SOD3	F
UniProtKB	P08294	SOD3	GO:0004784		9606	SOD3	F
UniProtKB	P08294	SOD3	GO:0016209		9606	SOD3	F
UniProtKB	P08294	SOD3	GO:0004784		9606	SOD3	F
UniProtKB	P08294	SOD3	GO:0004784		9606	SOD3	F
UniProtKB	P08294	SOD3	GO:0004784		9606	SOD3	F
UniProtKB	P08294	SOD3	GO:0004784		9606	SOD3	F
UniProtKB	P08294	SOD3	GO:0004784		9606	SOD3	F
UniProtKB	P08319	ADH4	GO:0046294		9606	ADH4	P
UniProtKB	P09105	HBQ1	GO:0004601		9606	HBQ1	F
UniProtKB	P09105	HBQ1	GO:0098869		9606	HBQ1	P
UniProtKB	P09211	GSTP1	GO:0004602		9606	GSTP1,FAEES3,GST3	F
UniProtKB	P09211	GSTP1	GO:0098869		9606	GSTP1,FAEES3,GST3	P
UniProtKB	P09488	GSTM1	GO:0070458		9606	GSTM1,GST1	P
UniProtKB	P0DM35	MT1HL1	GO:0010273		9606	MT1HL1	P
UniProtKB	P10599	TXN	GO:0004791		9606	TXN,TRDX,TRX,TRX1	F
UniProtKB	P10599	TXN	GO:0098869		9606	TXN,TRDX,TRX,TRX1	P
UniProtKB	P10620	MGST1	GO:0098869		9606	MGST1,GST12,MGST	P
UniProtKB	P10620	MGST1	GO:0004602		9606	MGST1,GST12,MGST	F
UniProtKB	P10768	ESD	GO:0046294		9606	ESD	P
UniProtKB	P11309	PIM1	GO:1990748		9606	PIM1	P
UniProtKB	P11678	EPX	GO:0004601		9606	EPX,EPER,EPO,EPP	F
UniProtKB	P11678	EPX	GO:0004601		9606	EPX,EPER,EPO,EPP	F
UniProtKB	P11678	EPX	GO:0004601		9606	EPX,EPER,EPO,EPP	F
UniProtKB	P11678	EPX	GO:0004601		9606	EPX,EPER,EPO,EPP	F
UniProtKB	P11678	EPX	GO:0004601		9606	EPX,EPER,EPO,EPP	F
UniProtKB	P11678	EPX	GO:0098869		9606	EPX,EPER,EPO,EPP	P
UniProtKB	P11678	EPX	GO:0098869		9606	EPX,EPER,EPO,EPP	P
UniProtKB	P11678	EPX	GO:0098869		9606	EPX,EPER,EPO,EPP	P
UniProtKB	P11678	EPX	GO:0098869		9606	EPX,EPER,EPO,EPP	P
UniProtKB	P11678	EPX	GO:0098869		9606	EPX,EPER,EPO,EPP	P
UniProtKB	P11766	ADH5	GO:0046294		9606	ADH5,ADHX,FDH	P
UniProtKB	P11766	ADH5	GO:0046294		9606	ADH5,ADHX,FDH	P
UniProtKB	P13640	MT1G	GO:0010273		9606	MT1G,MT1K,MT1M	P
UniProtKB	P14550	AKR1A1	GO:0110095		9606	AKR1A1,ALDR1,ALR	P
UniProtKB	P14550	AKR1A1	GO:0110095		9606	AKR1A1,ALDR1,ALR	P
UniProtKB	P14550	AKR1A1	GO:0110095		9606	AKR1A1,ALDR1,ALR	P
UniProtKB	P15559	NQO1	GO:0019430		9606	NQO1,DIA4,NMOR1	P
UniProtKB	P15559	NQO1	GO:0004784		9606	NQO1,DIA4,NMOR1	F
UniProtKB	P18283	GPX2	GO:0004601		9606	GPX2	F
UniProtKB	P18283	GPX2	GO:0004602		9606	GPX2	F
UniProtKB	P18283	GPX2	GO:0004602		9606	GPX2	F
UniProtKB	P18283	GPX2	GO:0004601		9606	GPX2	F
UniProtKB	P18283	GPX2	GO:0004602		9606	GPX2	F
UniProtKB	P18283	GPX2	GO:0004602		9606	GPX2	F
UniProtKB	P18283	GPX2	GO:0004602		9606	GPX2	F
UniProtKB	P18283	GPX2	GO:0098869		9606	GPX2	P
UniProtKB	P18283	GPX2	GO:0098869		9606	GPX2	P
UniProtKB	P18283	GPX2	GO:0098869		9606	GPX2	P
UniProtKB	P18283	GPX2	GO:0098869		9606	GPX2	P
UniProtKB	P18283	GPX2	GO:0098869		9606	GPX2	P
UniProtKB	P18283	GPX2	GO:0098869		9606	GPX2	P
UniProtKB	P18283	GPX2	GO:0098869		9606	GPX2	P
UniProtKB	P20292	ALOX5AP	GO:0004602		9606	ALOX5AP,FLAP	F
UniProtKB	P20292	ALOX5AP	GO:0098869		9606	ALOX5AP,FLAP	P
UniProtKB	P21266	GSTM3	GO:0070458		9606	GSTM3,GST5	P
UniProtKB	P22079	LPO	GO:0004601		9606	LPO,SAPX	F
UniProtKB	P22079	LPO	GO:0036393		9606	LPO,SAPX	F
UniProtKB	P22079	LPO	GO:0004601		9606	LPO,SAPX	F
UniProtKB	P22079	LPO	GO:0036393		9606	LPO,SAPX	F
UniProtKB	P22079	LPO	GO:0004601		9606	LPO,SAPX	F
UniProtKB	P22079	LPO	GO:0004601		9606	LPO,SAPX	F
UniProtKB	P22079	LPO	GO:0098869		9606	LPO,SAPX	P
UniProtKB	P22079	LPO	GO:0098869		9606	LPO,SAPX	P
UniProtKB	P22079	LPO	GO:0098869		9606	LPO,SAPX	P
UniProtKB	P22079	LPO	GO:0098869		9606	LPO,SAPX	P
UniProtKB	P22079	LPO	GO:0036393		9606	LPO,SAPX	F
UniProtKB	P22352	GPX3	GO:0004601		9606	GPX3,GPXP	F
UniProtKB	P22352	GPX3	GO:0004602		9606	GPX3,GPXP	F
UniProtKB	P22352	GPX3	GO:0004602		9606	GPX3,GPXP	F
UniProtKB	P22352	GPX3	GO:0004601		9606	GPX3,GPXP	F
UniProtKB	P22352	GPX3	GO:0004602		9606	GPX3,GPXP	F
UniProtKB	P22352	GPX3	GO:0004602		9606	GPX3,GPXP	F
UniProtKB	P22352	GPX3	GO:0004602		9606	GPX3,GPXP	F
UniProtKB	P22352	GPX3	GO:0098869		9606	GPX3,GPXP	P
UniProtKB	P22352	GPX3	GO:0098869		9606	GPX3,GPXP	P
UniProtKB	P22352	GPX3	GO:0098869		9606	GPX3,GPXP	P
UniProtKB	P22352	GPX3	GO:0098869		9606	GPX3,GPXP	P
UniProtKB	P22352	GPX3	GO:0098869		9606	GPX3,GPXP	P
UniProtKB	P22352	GPX3	GO:0098869		9606	GPX3,GPXP	P
UniProtKB	P22352	GPX3	GO:0098869		9606	GPX3,GPXP	P
UniProtKB	P22352	GPX3	GO:0098869		9606	GPX3,GPXP	P
UniProtKB	P22352	GPX3	GO:0098869		9606	GPX3,GPXP	P
UniProtKB	P22352	GPX3	GO:0004602		9606	GPX3,GPXP	F
UniProtKB	P22352	GPX3	GO:0004602		9606	GPX3,GPXP	F
UniProtKB	P23219	PTGS1	GO:0004601		9606	PTGS1,COX1	F
UniProtKB	P23219	PTGS1	GO:0004601		9606	PTGS1,COX1	F
UniProtKB	P23219	PTGS1	GO:0098869		9606	PTGS1,COX1	P
UniProtKB	P23219	PTGS1	GO:0098869		9606	PTGS1,COX1	P
UniProtKB	P25713	MT3	GO:0010273		9606	MT3	P
UniProtKB	P25713	MT3	GO:0016209		9606	MT3	F
UniProtKB	P25713	MT3	GO:0019430		9606	MT3	P
UniProtKB	P28161	GSTM2	GO:0004602		9606	GSTM2,GST4	F
UniProtKB	P28161	GSTM2	GO:0070458		9606	GSTM2,GST4	P
UniProtKB	P28161	GSTM2	GO:0070458		9606	GSTM2,GST4	P
UniProtKB	P28161	GSTM2	GO:0098869		9606	GSTM2,GST4	P
UniProtKB	P29474	NOS3	GO:0019430		9606	NOS3	P
UniProtKB	P30041	PRDX6	GO:0098869		9606	PRDX6,AOP2,KIAA0106	P
UniProtKB	P30041	PRDX6	GO:0008379		9606	PRDX6,AOP2,KIAA0106	F
UniProtKB	P30041	PRDX6	GO:0016209		9606	PRDX6,AOP2,KIAA0106	F
UniProtKB	P30041	PRDX6	GO:0051920		9606	PRDX6,AOP2,KIAA0106	F
UniProtKB	P30041	PRDX6	GO:0016209		9606	PRDX6,AOP2,KIAA0106	F
UniProtKB	P30041	PRDX6	GO:0004601		9606	PRDX6,AOP2,KIAA0106	F
UniProtKB	P30041	PRDX6	GO:0098869		9606	PRDX6,AOP2,KIAA0106	P
UniProtKB	P30041	PRDX6	GO:0004602		9606	PRDX6,AOP2,KIAA0106	F
UniProtKB	P30041	PRDX6	GO:0004601		9606	PRDX6,AOP2,KIAA0106	F
UniProtKB	P30044	PRDX5	GO:0008379		9606	PRDX5,ACR1,SBBI10	F
UniProtKB	P30044	PRDX5	GO:0016209		9606	PRDX5,ACR1,SBBI10	F
UniProtKB	P30044	PRDX5	GO:0004601		9606	PRDX5,ACR1,SBBI10	F
UniProtKB	P30044	PRDX5	GO:0051920		9606	PRDX5,ACR1,SBBI10	F
UniProtKB	P30044	PRDX5	GO:0008379		9606	PRDX5,ACR1,SBBI10	F
UniProtKB	P30044	PRDX5	GO:0098869		9606	PRDX5,ACR1,SBBI10	P
UniProtKB	P30044	PRDX5	GO:0098869		9606	PRDX5,ACR1,SBBI10	P
UniProtKB	P30044	PRDX5	GO:0098869		9606	PRDX5,ACR1,SBBI10	P
UniProtKB	P30044	PRDX5	GO:0098869		9606	PRDX5,ACR1,SBBI10	P
UniProtKB	P30044	PRDX5	GO:0098869		9606	PRDX5,ACR1,SBBI10	P
UniProtKB	P30044	PRDX5	GO:0098869		9606	PRDX5,ACR1,SBBI10	P
UniProtKB	P30044	PRDX5	GO:0004601		9606	PRDX5,ACR1,SBBI10	F
UniProtKB	P30044-2	PRDX5	GO:0098869		9606	PRDX5,ACR1,SBBI10	P
UniProtKB	P30044-2	PRDX5	GO:0098869		9606	PRDX5,ACR1,SBBI10	P
UniProtKB	P30044-2	PRDX5	GO:0098869		9606	PRDX5,ACR1,SBBI10	P
UniProtKB	P30044-2	PRDX5	GO:0016209		9606	PRDX5,ACR1,SBBI10	F
UniProtKB	P30044-2	PRDX5	GO:0051920		9606	PRDX5,ACR1,SBBI10	F
UniProtKB	P30044-2	PRDX5	GO:0072541		9606	PRDX5,ACR1,SBBI10	F
UniProtKB	P30048	PRDX3	GO:0008379		9606	PRDX3,AOP1	F
UniProtKB	P30048	PRDX3	GO:0008379		9606	PRDX3,AOP1	F
UniProtKB	P30048	PRDX3	GO:0016209		9606	PRDX3,AOP1	F
UniProtKB	P30048	PRDX3	GO:0051920		9606	PRDX3,AOP1	F
UniProtKB	P30048	PRDX3	GO:0016209		9606	PRDX3,AOP1	F
UniProtKB	P30048	PRDX3	GO:0004601		9606	PRDX3,AOP1	F
UniProtKB	P30048	PRDX3	GO:0051920		9606	PRDX3,AOP1	F
UniProtKB	P30048	PRDX3	GO:0098869		9606	PRDX3,AOP1	P
UniProtKB	P30048	PRDX3	GO:0098869		9606	PRDX3,AOP1	P
UniProtKB	P30048	PRDX3	GO:0098869		9606	PRDX3,AOP1	P
UniProtKB	P30048	PRDX3	GO:0098869		9606	PRDX3,AOP1	P
UniProtKB	P30048	PRDX3	GO:0098869		9606	PRDX3,AOP1	P
UniProtKB	P30048	PRDX3	GO:0098869		9606	PRDX3,AOP1	P
UniProtKB	P30048	PRDX3	GO:0098869		9606	PRDX3,AOP1	P
UniProtKB	P30048	PRDX3	GO:0098869		9606	PRDX3,AOP1	P
UniProtKB	P30048	PRDX3	GO:0004601		9606	PRDX3,AOP1	F
UniProtKB	P30711	GSTT1	GO:0098869		9606	GSTT1	P
UniProtKB	P30711	GSTT1	GO:0098869		9606	GSTT1	P
UniProtKB	P30711	GSTT1	GO:0004602		9606	GSTT1	F
UniProtKB	P30711	GSTT1	GO:0004602		9606	GSTT1	F
UniProtKB	P32119	PRDX2	GO:0019430		9606	PRDX2,NKEFB,TDPX1	P
UniProtKB	P32119	PRDX2	GO:0016209		9606	PRDX2,NKEFB,TDPX1	F
UniProtKB	P32119	PRDX2	GO:0051920		9606	PRDX2,NKEFB,TDPX1	F
UniProtKB	P32119	PRDX2	GO:0016209		9606	PRDX2,NKEFB,TDPX1	F
UniProtKB	P32119	PRDX2	GO:0004601		9606	PRDX2,NKEFB,TDPX1	F
UniProtKB	P32119	PRDX2	GO:0051920		9606	PRDX2,NKEFB,TDPX1	F
UniProtKB	P32119	PRDX2	GO:0019430		9606	PRDX2,NKEFB,TDPX1	P
UniProtKB	P32119	PRDX2	GO:0019430		9606	PRDX2,NKEFB,TDPX1	P
UniProtKB	P32119	PRDX2	GO:0008379		9606	PRDX2,NKEFB,TDPX1	F
UniProtKB	P32119	PRDX2	GO:0008379		9606	PRDX2,NKEFB,TDPX1	F
UniProtKB	P32119	PRDX2	GO:0016209		9606	PRDX2,NKEFB,TDPX1	F
UniProtKB	P32119	PRDX2	GO:0016209		9606	PRDX2,NKEFB,TDPX1	F
UniProtKB	P32119	PRDX2	GO:0004601		9606	PRDX2,NKEFB,TDPX1	F
UniProtKB	P35354	PTGS2	GO:0004601		9606	PTGS2,COX2	F
UniProtKB	P35354	PTGS2	GO:0004601		9606	PTGS2,COX2	F
UniProtKB	P35354	PTGS2	GO:0098869		9606	PTGS2,COX2	P
UniProtKB	P35354	PTGS2	GO:0098869		9606	PTGS2,COX2	P
UniProtKB	P35354	PTGS2	GO:0098869		9606	PTGS2,COX2	P
UniProtKB	P35354	PTGS2	GO:0004601		9606	PTGS2,COX2	F
UniProtKB	P35670	ATP7B	GO:1990961		9606	ATP7B,PWD,WC1,WND	P
UniProtKB	P35754	GLRX	GO:0004362		9606	GLRX,GRX	F
UniProtKB	P35754	GLRX	GO:0098869		9606	GLRX,GRX	P
UniProtKB	P36969	GPX4	GO:0004601		9606	GPX4	F
UniProtKB	P36969	GPX4	GO:0004602		9606	GPX4	F
UniProtKB	P36969	GPX4	GO:0047066		9606	GPX4	F
UniProtKB	P36969	GPX4	GO:0047066		9606	GPX4	F
UniProtKB	P36969	GPX4	GO:0047066		9606	GPX4	F
UniProtKB	P36969	GPX4	GO:0004602		9606	GPX4	F
UniProtKB	P36969	GPX4	GO:0004601		9606	GPX4	F
UniProtKB	P36969	GPX4	GO:0047066		9606	GPX4	F
UniProtKB	P36969	GPX4	GO:0047066		9606	GPX4	F
UniProtKB	P36969	GPX4	GO:0047066		9606	GPX4	F
UniProtKB	P36969	GPX4	GO:0047066		9606	GPX4	F
UniProtKB	P36969	GPX4	GO:0047066		9606	GPX4	F
UniProtKB	P36969	GPX4	GO:0004602		9606	GPX4	F
UniProtKB	P36969	GPX4	GO:0004602		9606	GPX4	F
UniProtKB	P36969	GPX4	GO:0047066		9606	GPX4	F
UniProtKB	P36969	GPX4	GO:0047066		9606	GPX4	F
UniProtKB	P36969	GPX4	GO:0047066		9606	GPX4	F
UniProtKB	P36969	GPX4	GO:0098869		9606	GPX4	P
UniProtKB	P36969	GPX4	GO:0098869		9606	GPX4	P
UniProtKB	P36969	GPX4	GO:0098869		9606	GPX4	P
UniProtKB	P36969	GPX4	GO:0098869		9606	GPX4	P
UniProtKB	P36969	GPX4	GO:0098869		9606	GPX4	P
UniProtKB	P36969	GPX4	GO:0098869		9606	GPX4	P
UniProtKB	P36969	GPX4	GO:0098869		9606	GPX4	P
UniProtKB	P36969	GPX4	GO:0004602		9606	GPX4	F
UniProtKB	P47944	MT4	GO:0010273		9606	MT4	P
UniProtKB	P58004	SESN2	GO:0098869		9606	SESN2,Hi95,SEST2	P
UniProtKB	P58004	SESN2	GO:0098869		9606	SESN2,Hi95,SEST2	P
UniProtKB	P58004	SESN2	GO:0032542		9606	SESN2,Hi95,SEST2	F
UniProtKB	P58004	SESN2	GO:0032542		9606	SESN2,Hi95,SEST2	F
UniProtKB	P58004	SESN2	GO:0098869		9606	SESN2,Hi95,SEST2	P
UniProtKB	P59796	GPX6	GO:0004601		9606	GPX6	F
UniProtKB	P59796	GPX6	GO:0004602		9606	GPX6	F
UniProtKB	P59796	GPX6	GO:0004602		9606	GPX6	F
UniProtKB	P59796	GPX6	GO:0004601		9606	GPX6	F
UniProtKB	P59796	GPX6	GO:0004602		9606	GPX6	F
UniProtKB	P59796	GPX6	GO:0004602		9606	GPX6	F
UniProtKB	P59796	GPX6	GO:0098869		9606	GPX6	P
UniProtKB	P59796	GPX6	GO:0098869		9606	GPX6	P
UniProtKB	P59796	GPX6	GO:0098869		9606	GPX6	P
UniProtKB	P59796	GPX6	GO:0098869		9606	GPX6	P
UniProtKB	P59796	GPX6	GO:0098869		9606	GPX6	P
UniProtKB	P59796	GPX6	GO:0098869		9606	GPX6	P
UniProtKB	P62341	SELENOT	GO:0004791		9606	SELENOT,SELT,UNQ150/PRO176	F
UniProtKB	P62341	SELENOT	GO:0098869		9606	SELENOT,SELT,UNQ150/PRO176	P
UniProtKB	P62341	SELENOT	GO:0004791		9606	SELENOT,SELT,UNQ150/PRO176	F
UniProtKB	P62341	SELENOT	GO:0004791		9606	SELENOT,SELT,UNQ150/PRO176	F
UniProtKB	P62341	SELENOT	GO:0098869		9606	SELENOT,SELT,UNQ150/PRO176	P
UniProtKB	P62341	SELENOT	GO:0004791		9606	SELENOT,SELT,UNQ150/PRO176	F
UniProtKB	P62341	SELENOT	GO:0004791		9606	SELENOT,SELT,UNQ150/PRO176	F
UniProtKB	P63302	SELENOW	GO:0016209		9606	SELENOW,SELW,SEPW1	F
UniProtKB	P63302	SELENOW	GO:0098869		9606	SELENOW,SELW,SEPW1	P
UniProtKB	P68871	HBB	GO:0004601		9606	HBB	F
UniProtKB	P68871	HBB	GO:0004601		9606	HBB	F
UniProtKB	P68871	HBB	GO:0098869		9606	HBB	P
UniProtKB	P68871	HBB	GO:0098869		9606	HBB	P
UniProtKB	P69891	HBG1	GO:0004601		9606	HBG1,PRO2979	F
UniProtKB	P69891	HBG1	GO:0098869		9606	HBG1,PRO2979	P
UniProtKB	P69892	HBG2	GO:0004601		9606	HBG2	F
UniProtKB	P69892	HBG2	GO:0098869		9606	HBG2	P
UniProtKB	P69905	HBA1	GO:0004601		9606	HBA1,HBA2	F
UniProtKB	P69905	HBA1	GO:0004601		9606	HBA1,HBA2	F
UniProtKB	P69905	HBA1	GO:0098869		9606	HBA1,HBA2	P
UniProtKB	P69905	HBA1	GO:0098869		9606	HBA1,HBA2	P
UniProtKB	P78417	GSTO1	GO:0045174		9606	GSTO1,GSTTLP28	F
UniProtKB	P78417	GSTO1	GO:0045174		9606	GSTO1,GSTTLP28	F
UniProtKB	P78417	GSTO1	GO:0045174		9606	GSTO1,GSTTLP28	F
UniProtKB	P78417	GSTO1	GO:0045174		9606	GSTO1,GSTTLP28	F
UniProtKB	P78417	GSTO1	GO:0098869		9606	GSTO1,GSTTLP28	P
UniProtKB	P78417	GSTO1	GO:0098869		9606	GSTO1,GSTTLP28	P
UniProtKB	P78417	GSTO1	GO:0098869		9606	GSTO1,GSTTLP28	P
UniProtKB	P78417	GSTO1	GO:0098869		9606	GSTO1,GSTTLP28	P
UniProtKB	P78417	GSTO1	GO:0098869		9606	GSTO1,GSTTLP28	P
UniProtKB	P78417	GSTO1	GO:0045174		9606	GSTO1,GSTTLP28	F
UniProtKB	P80294	MT1H	GO:0010273		9606	MT1H	P
UniProtKB	P80297	MT1X	GO:0010273		9606	MT1X	P
UniProtKB	Q00597	FANCC	GO:0019430		9606	FANCC,FAC,FACC	P
UniProtKB	Q03504	Q03504	GO:0004362		9606		F
UniProtKB	Q03504	Q03504	GO:0098869		9606		P
UniProtKB	Q04656	ATP7A	GO:0019430		9606	ATP7A,MC1,MNK	P
UniProtKB	Q04656	ATP7A	GO:0010273		9606	ATP7A,MC1,MNK	P
UniProtKB	Q06830	PRDX1	GO:0019430		9606	PRDX1,PAGA,PAGB,TDPX2	P
UniProtKB	Q06830	PRDX1	GO:0016209		9606	PRDX1,PAGA,PAGB,TDPX2	F
UniProtKB	Q06830	PRDX1	GO:0051920		9606	PRDX1,PAGA,PAGB,TDPX2	F
UniProtKB	Q06830	PRDX1	GO:0016209		9606	PRDX1,PAGA,PAGB,TDPX2	F
UniProtKB	Q06830	PRDX1	GO:0004601		9606	PRDX1,PAGA,PAGB,TDPX2	F
UniProtKB	Q06830	PRDX1	GO:0051920		9606	PRDX1,PAGA,PAGB,TDPX2	F
UniProtKB	Q06830	PRDX1	GO:0004601		9606	PRDX1,PAGA,PAGB,TDPX2	F
UniProtKB	Q06830	PRDX1	GO:0004601		9606	PRDX1,PAGA,PAGB,TDPX2	F
UniProtKB	Q06830	PRDX1	GO:0019430		9606	PRDX1,PAGA,PAGB,TDPX2	P
UniProtKB	Q06830	PRDX1	GO:0008379		9606	PRDX1,PAGA,PAGB,TDPX2	F
UniProtKB	Q06830	PRDX1	GO:0004601		9606	PRDX1,PAGA,PAGB,TDPX2	F
UniProtKB	Q13162	PRDX4	GO:0016209		9606	PRDX4	F
UniProtKB	Q13162	PRDX4	GO:0051920		9606	PRDX4	F
UniProtKB	Q13162	PRDX4	GO:0016209		9606	PRDX4	F
UniProtKB	Q13162	PRDX4	GO:0004601		9606	PRDX4	F
UniProtKB	Q13162	PRDX4	GO:0008379		9606	PRDX4	F
UniProtKB	Q13162	PRDX4	GO:0051920		9606	PRDX4	F
UniProtKB	Q13162	PRDX4	GO:0098869		9606	PRDX4	P
UniProtKB	Q13162	PRDX4	GO:0098869		9606	PRDX4	P
UniProtKB	Q13162	PRDX4	GO:0098869		9606	PRDX4	P
UniProtKB	Q13162	PRDX4	GO:0098869		9606	PRDX4	P
UniProtKB	Q13162	PRDX4	GO:0098869		9606	PRDX4	P
UniProtKB	Q13162	PRDX4	GO:0098869		9606	PRDX4	P
UniProtKB	Q13162	PRDX4	GO:0098869		9606	PRDX4	P
UniProtKB	Q13162	PRDX4	GO:0004601		9606	PRDX4	F
UniProtKB	Q14579	mer5	GO:0051920		9606	mer5	F
UniProtKB	Q14579	mer5	GO:0016209		9606	mer5	F
UniProtKB	Q14579	mer5	GO:0098869		9606	mer5	P
UniProtKB	Q14579	mer5	GO:0098869		9606	mer5	P
UniProtKB	Q14C85	DUOX1	GO:0004601		9606	DUOX1	F
UniProtKB	Q14C85	DUOX1	GO:0004601		9606	DUOX1	F
UniProtKB	Q14C85	DUOX1	GO:0098869		9606	DUOX1	P
UniProtKB	Q14C85	DUOX1	GO:0098869		9606	DUOX1	P
UniProtKB	Q15311	RALBP1	GO:1990961		9606	RALBP1,RLIP,RLIP1,RLIP76	P
UniProtKB	Q16236	NFE2L2	GO:0046223		9606	NFE2L2,NRF2	P
UniProtKB	Q16348	SLC15A2	GO:1990961		9606	SLC15A2,PEPT2	P
UniProtKB	Q16495	TPO	GO:0004447		9606	TPO	F
UniProtKB	Q16495	TPO	GO:0004601		9606	TPO	F
UniProtKB	Q16495	TPO	GO:0004601		9606	TPO	F
UniProtKB	Q16495	TPO	GO:0098869		9606	TPO	P
UniProtKB	Q16495	TPO	GO:0098869		9606	TPO	P
UniProtKB	Q16495	TPO	GO:0098869		9606	TPO	P
UniProtKB	Q16495	TPO	GO:0098869		9606	TPO	P
UniProtKB	Q16495	TPO	GO:0004601		9606	TPO	F
UniProtKB	Q16496	TPO	GO:0004447		9606	TPO	F
UniProtKB	Q16496	TPO	GO:0004601		9606	TPO	F
UniProtKB	Q16496	TPO	GO:0098869		9606	TPO	P
UniProtKB	Q16496	TPO	GO:0098869		9606	TPO	P
UniProtKB	Q16496	TPO	GO:0098869		9606	TPO	P
UniProtKB	Q16496	TPO	GO:0004447		9606	TPO	F
UniProtKB	Q16771	MPO	GO:0004601		9606	MPO	F
UniProtKB	Q16771	MPO	GO:0098869		9606	MPO	P
UniProtKB	Q16867	Q16867	GO:0004784		9606		F
UniProtKB	Q16867	Q16867	GO:0019430		9606		P
UniProtKB	Q16873	LTC4S	GO:0004602		9606	LTC4S	F
UniProtKB	Q16873	LTC4S	GO:0098869		9606	LTC4S	P
UniProtKB	Q16881	TXNRD1	GO:0004791		9606	TXNRD1,GRIM12,KDRF	F
UniProtKB	Q16881	TXNRD1	GO:0004791		9606	TXNRD1,GRIM12,KDRF	F
UniProtKB	Q16881	TXNRD1	GO:0050137		9606	TXNRD1,GRIM12,KDRF	F
UniProtKB	Q16881	TXNRD1	GO:0004791		9606	TXNRD1,GRIM12,KDRF	F
UniProtKB	Q16881	TXNRD1	GO:0004791		9606	TXNRD1,GRIM12,KDRF	F
UniProtKB	Q16881	TXNRD1	GO:0004791		9606	TXNRD1,GRIM12,KDRF	F
UniProtKB	Q16881	TXNRD1	GO:0004791		9606	TXNRD1,GRIM12,KDRF	F
UniProtKB	Q16881	TXNRD1	GO:0004791		9606	TXNRD1,GRIM12,KDRF	F
UniProtKB	Q16881	TXNRD1	GO:0050137		9606	TXNRD1,GRIM12,KDRF	F
UniProtKB	Q16881	TXNRD1	GO:0098869		9606	TXNRD1,GRIM12,KDRF	P
UniProtKB	Q16881	TXNRD1	GO:0098869		9606	TXNRD1,GRIM12,KDRF	P
UniProtKB	Q16881	TXNRD1	GO:0098869		9606	TXNRD1,GRIM12,KDRF	P
UniProtKB	Q16881	TXNRD1	GO:0098869		9606	TXNRD1,GRIM12,KDRF	P
UniProtKB	Q16881	TXNRD1	GO:0098869		9606	TXNRD1,GRIM12,KDRF	P
UniProtKB	Q16881	TXNRD1	GO:0098869		9606	TXNRD1,GRIM12,KDRF	P
UniProtKB	Q16881	TXNRD1	GO:0098869		9606	TXNRD1,GRIM12,KDRF	P
UniProtKB	Q16881	TXNRD1	GO:0098869		9606	TXNRD1,GRIM12,KDRF	P
UniProtKB	Q16881	TXNRD1	GO:0098869		9606	TXNRD1,GRIM12,KDRF	P
UniProtKB	Q17RE6	TXNRD2	GO:0004791		9606	TXNRD2	F
UniProtKB	Q17RE6	TXNRD2	GO:0004791		9606	TXNRD2	F
UniProtKB	Q17RE6	TXNRD2	GO:0098869		9606	TXNRD2	P
UniProtKB	Q17RE6	TXNRD2	GO:0098869		9606	TXNRD2	P
UniProtKB	Q4ZJI1	SOD2	GO:0004784		9606	SOD2	F
UniProtKB	Q4ZJI1	SOD2	GO:0004784		9606	SOD2	F
UniProtKB	Q4ZJI1	SOD2	GO:0004784		9606	SOD2	F
UniProtKB	Q4ZJI1	SOD2	GO:0019430		9606	SOD2	P
UniProtKB	Q4ZJI1	SOD2	GO:0019430		9606	SOD2	P
UniProtKB	Q4ZJI1	SOD2	GO:0019430		9606	SOD2	P
UniProtKB	Q502Y3	TPO	GO:0004447		9606	TPO	F
UniProtKB	Q502Y3	TPO	GO:0004601		9606	TPO	F
UniProtKB	Q502Y3	TPO	GO:0004601		9606	TPO	F
UniProtKB	Q502Y3	TPO	GO:0004447		9606	TPO	F
UniProtKB	Q502Y3	TPO	GO:0098869		9606	TPO	P
UniProtKB	Q502Y3	TPO	GO:0098869		9606	TPO	P
UniProtKB	Q502Y3	TPO	GO:0098869		9606	TPO	P
UniProtKB	Q502Y3	TPO	GO:0098869		9606	TPO	P
UniProtKB	Q53HC2	Q53HC2	GO:0016209		9606		F
UniProtKB	Q53HC2	Q53HC2	GO:0051920		9606		F
UniProtKB	Q53HC2	Q53HC2	GO:0016209		9606		F
UniProtKB	Q53HC2	Q53HC2	GO:0004601		9606		F
UniProtKB	Q53HC2	Q53HC2	GO:0098869		9606		P
UniProtKB	Q53HC2	Q53HC2	GO:0098869		9606		P
UniProtKB	Q53HC2	Q53HC2	GO:0098869		9606		P
UniProtKB	Q53HC2	Q53HC2	GO:0098869		9606		P
UniProtKB	Q53HC2	Q53HC2	GO:0098869		9606		P
UniProtKB	Q53HC2	Q53HC2	GO:0004601		9606		F
UniProtKB	Q53QT2	TPO	GO:0004447		9606	TPO	F
UniProtKB	Q53QT2	TPO	GO:0004601		9606	TPO	F
UniProtKB	Q53QT2	TPO	GO:0004601		9606	TPO	F
UniProtKB	Q53QT2	TPO	GO:0004447		9606	TPO	F
UniProtKB	Q53QT2	TPO	GO:0098869		9606	TPO	P
UniProtKB	Q53QT2	TPO	GO:0098869		9606	TPO	P
UniProtKB	Q53QT2	TPO	GO:0098869		9606	TPO	P
UniProtKB	Q53QT2	TPO	GO:0098869		9606	TPO	P
UniProtKB	Q59ET7	Q59ET7	GO:0004791		9606		F
UniProtKB	Q59ET7	Q59ET7	GO:0004791		9606		F
UniProtKB	Q59ET7	Q59ET7	GO:0098869		9606		P
UniProtKB	Q59ET7	Q59ET7	GO:0098869		9606		P
UniProtKB	Q59GU9	Q59GU9	GO:0004601		9606		F
UniProtKB	Q59GU9	Q59GU9	GO:0004601		9606		F
UniProtKB	Q59GU9	Q59GU9	GO:0098869		9606		P
UniProtKB	Q59GU9	Q59GU9	GO:0098869		9606		P
UniProtKB	Q59GZ9	Q59GZ9	GO:0004447		9606		F
UniProtKB	Q59GZ9	Q59GZ9	GO:0004601		9606		F
UniProtKB	Q59GZ9	Q59GZ9	GO:0004601		9606		F
UniProtKB	Q59GZ9	Q59GZ9	GO:0098869		9606		P
UniProtKB	Q59GZ9	Q59GZ9	GO:0098869		9606		P
UniProtKB	Q59GZ9	Q59GZ9	GO:0098869		9606		P
UniProtKB	Q5T2W1	PDZK1	GO:1990961		9606	PDZK1,CAP70,NHERF3,PDZD1	P
UniProtKB	Q5TA02	GSTO1	GO:0045174		9606	GSTO1	F
UniProtKB	Q5TA02	GSTO1	GO:0045174		9606	GSTO1	F
UniProtKB	Q5TA02	GSTO1	GO:0098869		9606	GSTO1	P
UniProtKB	Q5TA02	GSTO1	GO:0098869		9606	GSTO1	P
UniProtKB	Q5TA02	GSTO1	GO:0098869		9606	GSTO1	P
UniProtKB	Q5TA02	GSTO1	GO:0045174		9606	GSTO1	F
UniProtKB	Q5VT66	MTARC1	GO:0070458		9606	MTARC1,MARC1,MOSC1	P
UniProtKB	Q5VT66	MTARC1	GO:0051410		9606	MTARC1,MARC1,MOSC1	P
UniProtKB	Q6B0K9	HBM	GO:0004601		9606	HBM,HBAP2	F
UniProtKB	Q6B0K9	HBM	GO:0098869		9606	HBM,HBAP2	P
UniProtKB	Q6DKJ4	NXN	GO:0004791		9606	NXN,NRX	F
UniProtKB	Q6DKJ4	NXN	GO:0004791		9606	NXN,NRX	F
UniProtKB	Q6DKJ4	NXN	GO:0004791		9606	NXN,NRX	F
UniProtKB	Q6DKJ4	NXN	GO:0098869		9606	NXN,NRX	P
UniProtKB	Q6DKJ4	NXN	GO:0098869		9606	NXN,NRX	P
UniProtKB	Q6FII1	LOC51064	GO:0004602		9606	LOC51064,GSTK1,hCG_20682,tcag7.883	F
UniProtKB	Q6FII1	LOC51064	GO:0004602		9606	LOC51064,GSTK1,hCG_20682,tcag7.883	F
UniProtKB	Q6FII1	LOC51064	GO:0098869		9606	LOC51064,GSTK1,hCG_20682,tcag7.883	P
UniProtKB	Q6FII1	LOC51064	GO:0098869		9606	LOC51064,GSTK1,hCG_20682,tcag7.883	P
UniProtKB	Q6IRT1	ADH5	GO:0046294		9606	ADH5,HEL-S-60p,hCG_41483	P
UniProtKB	Q6LE88	SOD2	GO:0004784		9606	SOD2	F
UniProtKB	Q6LE88	SOD2	GO:0004784		9606	SOD2	F
UniProtKB	Q6LE88	SOD2	GO:0019430		9606	SOD2	P
UniProtKB	Q6LE88	SOD2	GO:0019430		9606	SOD2	P
UniProtKB	Q6NSD4	GPX1	GO:0004602		9606	GPX1	F
UniProtKB	Q6NSD4	GPX1	GO:0004601		9606	GPX1	F
UniProtKB	Q6NSD4	GPX1	GO:0098869		9606	GPX1	P
UniProtKB	Q6NSD4	GPX1	GO:0098869		9606	GPX1	P
UniProtKB	Q6NXQ3	GPX3	GO:0004602		9606	GPX3	F
UniProtKB	Q6NXQ3	GPX3	GO:0004601		9606	GPX3	F
UniProtKB	Q6NXQ3	GPX3	GO:0098869		9606	GPX3	P
UniProtKB	Q6NXQ3	GPX3	GO:0098869		9606	GPX3	P
UniProtKB	Q6P534	TPO	GO:0004447		9606	TPO	F
UniProtKB	Q6P534	TPO	GO:0098869		9606	TPO	P
UniProtKB	Q6PI42	GPX4	GO:0004602		9606	GPX4	F
UniProtKB	Q6PI42	GPX4	GO:0004601		9606	GPX4	F
UniProtKB	Q6PI42	GPX4	GO:0098869		9606	GPX4	P
UniProtKB	Q6PI42	GPX4	GO:0098869		9606	GPX4	P
UniProtKB	Q6PJX4	Q6PJX4	GO:0004602		9606		F
UniProtKB	Q6PJX4	Q6PJX4	GO:0004601		9606		F
UniProtKB	Q6PJX4	Q6PJX4	GO:0098869		9606		P
UniProtKB	Q6PJX4	Q6PJX4	GO:0098869		9606		P
UniProtKB	Q6XR72	SLC30A10	GO:0010312		9606	SLC30A10,ZNT10,ZNT8	P
UniProtKB	Q6ZR44	Q6ZR44	GO:0004791		9606		F
UniProtKB	Q6ZR44	Q6ZR44	GO:0004791		9606		F
UniProtKB	Q6ZR44	Q6ZR44	GO:0098869		9606		P
UniProtKB	Q6ZR44	Q6ZR44	GO:0098869		9606		P
UniProtKB	Q6ZYK7	PTGS2	GO:0004601		9606	PTGS2,COX-2	F
UniProtKB	Q6ZYK7	PTGS2	GO:0004601		9606	PTGS2,COX-2	F
UniProtKB	Q6ZYK7	PTGS2	GO:0098869		9606	PTGS2,COX-2	P
UniProtKB	Q6ZYK7	PTGS2	GO:0098869		9606	PTGS2,COX-2	P
UniProtKB	Q71UR9	SOD2	GO:0004784		9606	SOD2	F
UniProtKB	Q71UR9	SOD2	GO:0019430		9606	SOD2	P
UniProtKB	Q7L4Q3	GPX1	GO:0004602		9606	GPX1	F
UniProtKB	Q7L4Q3	GPX1	GO:0004601		9606	GPX1	F
UniProtKB	Q7L4Q3	GPX1	GO:0004602		9606	GPX1	F
UniProtKB	Q7L4Q3	GPX1	GO:0004602		9606	GPX1	F
UniProtKB	Q7L4Q3	GPX1	GO:0098869		9606	GPX1	P
UniProtKB	Q7L4Q3	GPX1	GO:0098869		9606	GPX1	P
UniProtKB	Q7L4Q3	GPX1	GO:0098869		9606	GPX1	P
UniProtKB	Q7L4Q3	GPX1	GO:0098869		9606	GPX1	P
UniProtKB	Q7RTV5	PRXL2C	GO:0016209		9606	PRXL2C,AAED1,C9orf21	F
UniProtKB	Q7RTV5	PRXL2C	GO:0098869		9606	PRXL2C,AAED1,C9orf21	P
UniProtKB	Q7Z2Y6	DKFZp686G24255	GO:0004601		9606	DKFZp686G24255	F
UniProtKB	Q7Z2Y6	DKFZp686G24255	GO:0036393		9606	DKFZp686G24255	F
UniProtKB	Q7Z2Y6	DKFZp686G24255	GO:0004601		9606	DKFZp686G24255	F
UniProtKB	Q7Z2Y6	DKFZp686G24255	GO:0098869		9606	DKFZp686G24255	P
UniProtKB	Q7Z2Y6	DKFZp686G24255	GO:0098869		9606	DKFZp686G24255	P
UniProtKB	Q7Z7M4	SOD2	GO:0004784		9606	SOD2	F
UniProtKB	Q7Z7M4	SOD2	GO:0004784		9606	SOD2	F
UniProtKB	Q7Z7M4	SOD2	GO:0004784		9606	SOD2	F
UniProtKB	Q7Z7M4	SOD2	GO:0019430		9606	SOD2	P
UniProtKB	Q7Z7M4	SOD2	GO:0019430		9606	SOD2	P
UniProtKB	Q7Z7M4	SOD2	GO:0019430		9606	SOD2	P
UniProtKB	Q7Z7M5	SOD2	GO:0004784		9606	SOD2	F
UniProtKB	Q7Z7M5	SOD2	GO:0004784		9606	SOD2	F
UniProtKB	Q7Z7M5	SOD2	GO:0004784		9606	SOD2	F
UniProtKB	Q7Z7M5	SOD2	GO:0019430		9606	SOD2	P
UniProtKB	Q7Z7M5	SOD2	GO:0019430		9606	SOD2	P
UniProtKB	Q7Z7M5	SOD2	GO:0019430		9606	SOD2	P
UniProtKB	Q7Z7M6	SOD2	GO:0004784		9606	SOD2	F
UniProtKB	Q7Z7M6	SOD2	GO:0004784		9606	SOD2	F
UniProtKB	Q7Z7M6	SOD2	GO:0004784		9606	SOD2	F
UniProtKB	Q7Z7M6	SOD2	GO:0019430		9606	SOD2	P
UniProtKB	Q7Z7M6	SOD2	GO:0019430		9606	SOD2	P
UniProtKB	Q7Z7M6	SOD2	GO:0019430		9606	SOD2	P
UniProtKB	Q7Z7M7	SOD2	GO:0004784		9606	SOD2	F
UniProtKB	Q7Z7M7	SOD2	GO:0004784		9606	SOD2	F
UniProtKB	Q7Z7M7	SOD2	GO:0004784		9606	SOD2	F
UniProtKB	Q7Z7M7	SOD2	GO:0019430		9606	SOD2	P
UniProtKB	Q7Z7M7	SOD2	GO:0019430		9606	SOD2	P
UniProtKB	Q7Z7M7	SOD2	GO:0019430		9606	SOD2	P
UniProtKB	Q86VL8	SLC47A2	GO:1990961		9606	SLC47A2,MATE2	P
UniProtKB	Q86VQ3	TXNDC2	GO:0098869		9606	TXNDC2,SPTRX,SPTRX1	P
UniProtKB	Q86VQ3	TXNDC2	GO:0004791		9606	TXNDC2,SPTRX,SPTRX1	F
UniProtKB	Q86VQ6	TXNRD3	GO:0004791		9606	TXNRD3,TGR,TRXR3	F
UniProtKB	Q86VQ6	TXNRD3	GO:0004791		9606	TXNRD3,TGR,TRXR3	F
UniProtKB	Q86VQ6	TXNRD3	GO:0004791		9606	TXNRD3,TGR,TRXR3	F
UniProtKB	Q86VQ6	TXNRD3	GO:0004791		9606	TXNRD3,TGR,TRXR3	F
UniProtKB	Q86VQ6	TXNRD3	GO:0098869		9606	TXNRD3,TGR,TRXR3	P
UniProtKB	Q86VQ6	TXNRD3	GO:0098869		9606	TXNRD3,TGR,TRXR3	P
UniProtKB	Q86VQ6	TXNRD3	GO:0098869		9606	TXNRD3,TGR,TRXR3	P
UniProtKB	Q86VQ6	TXNRD3	GO:0098869		9606	TXNRD3,TGR,TRXR3	P
UniProtKB	Q86VQ6	TXNRD3	GO:0098869		9606	TXNRD3,TGR,TRXR3	P
UniProtKB	Q86VQ6	TXNRD3	GO:0004791		9606	TXNRD3,TGR,TRXR3	F
UniProtKB	Q8IZA9	Q8IZA9	GO:0004601		9606		F
UniProtKB	Q8IZA9	Q8IZA9	GO:0004601		9606		F
UniProtKB	Q8IZA9	Q8IZA9	GO:0098869		9606		P
UniProtKB	Q8IZA9	Q8IZA9	GO:0098869		9606		P
UniProtKB	Q8N339	MT1M	GO:0010273		9606	MT1M,MT1K	P
UniProtKB	Q8TAK2	Q8TAK2	GO:0004096		9606		F
UniProtKB	Q8TAK2	Q8TAK2	GO:0004601		9606		F
UniProtKB	Q8TAK2	Q8TAK2	GO:0098869		9606		P
UniProtKB	Q8TAK2	Q8TAK2	GO:0098869		9606		P
UniProtKB	Q8TBF2	PRXL2B	GO:0016209		9606	PRXL2B,C1orf93,FAM213B	F
UniProtKB	Q8TBF2	PRXL2B	GO:0098869		9606	PRXL2B,C1orf93,FAM213B	P
UniProtKB	Q8TC12	RDH11	GO:0110095		9606	RDH11,ARSDR1,PSDR1,SDR7C1,CGI-82	P
UniProtKB	Q8TC12	RDH11	GO:0110095		9606	RDH11,ARSDR1,PSDR1,SDR7C1,CGI-82	P
UniProtKB	Q8TED1	GPX8	GO:0004601		9606	GPX8,UNQ847/PRO1785	F
UniProtKB	Q8TED1	GPX8	GO:0004602		9606	GPX8,UNQ847/PRO1785	F
UniProtKB	Q8TED1	GPX8	GO:0004601		9606	GPX8,UNQ847/PRO1785	F
UniProtKB	Q8TED1	GPX8	GO:0004602		9606	GPX8,UNQ847/PRO1785	F
UniProtKB	Q8TED1	GPX8	GO:0004601		9606	GPX8,UNQ847/PRO1785	F
UniProtKB	Q8TED1	GPX8	GO:0004602		9606	GPX8,UNQ847/PRO1785	F
UniProtKB	Q8TED1	GPX8	GO:0098869		9606	GPX8,UNQ847/PRO1785	P
UniProtKB	Q8TED1	GPX8	GO:0098869		9606	GPX8,UNQ847/PRO1785	P
UniProtKB	Q8TED1	GPX8	GO:0098869		9606	GPX8,UNQ847/PRO1785	P
UniProtKB	Q8TED1	GPX8	GO:0098869		9606	GPX8,UNQ847/PRO1785	P
UniProtKB	Q8TED1	GPX8	GO:0098869		9606	GPX8,UNQ847/PRO1785	P
UniProtKB	Q8TED1	GPX8	GO:0098869		9606	GPX8,UNQ847/PRO1785	P
UniProtKB	Q8WVF1	OSCP1	GO:1990961		9606	OSCP1,C1orf102,NOR1	P
UniProtKB	Q8WWM9	CYGB	GO:0004096		9606	CYGB,STAP	F
UniProtKB	Q8WWM9	CYGB	GO:0004601		9606	CYGB,STAP	F
UniProtKB	Q8WWM9	CYGB	GO:0047888		9606	CYGB,STAP	F
UniProtKB	Q8WWM9	CYGB	GO:0098869		9606	CYGB,STAP	P
UniProtKB	Q8WWM9	CYGB	GO:0098869		9606	CYGB,STAP	P
UniProtKB	Q8WWM9	CYGB	GO:0004601		9606	CYGB,STAP	F
UniProtKB	Q8WWN9	IPCEF1	GO:0098869		9606	IPCEF1,KIAA0403	P
UniProtKB	Q8WWN9	IPCEF1	GO:0004601		9606	IPCEF1,KIAA0403	F
UniProtKB	Q92626	PXDN	GO:0004601		9606	PXDN,KIAA0230,MG50,PRG2,PXD01,VPO,VPO1	F
UniProtKB	Q92626	PXDN	GO:0004601		9606	PXDN,KIAA0230,MG50,PRG2,PXD01,VPO,VPO1	F
UniProtKB	Q92626	PXDN	GO:0004601		9606	PXDN,KIAA0230,MG50,PRG2,PXD01,VPO,VPO1	F
UniProtKB	Q92626	PXDN	GO:0098869		9606	PXDN,KIAA0230,MG50,PRG2,PXD01,VPO,VPO1	P
UniProtKB	Q92626	PXDN	GO:0098869		9606	PXDN,KIAA0230,MG50,PRG2,PXD01,VPO,VPO1	P
UniProtKB	Q92626	PXDN	GO:0098869		9606	PXDN,KIAA0230,MG50,PRG2,PXD01,VPO,VPO1	P
UniProtKB	Q92626	PXDN	GO:0098869		9606	PXDN,KIAA0230,MG50,PRG2,PXD01,VPO,VPO1	P
UniProtKB	Q92626	PXDN	GO:0098869		9606	PXDN,KIAA0230,MG50,PRG2,PXD01,VPO,VPO1	P
UniProtKB	Q92626	PXDN	GO:0004601		9606	PXDN,KIAA0230,MG50,PRG2,PXD01,VPO,VPO1	F
UniProtKB	Q92626	PXDN	GO:0004601		9606	PXDN,KIAA0230,MG50,PRG2,PXD01,VPO,VPO1	F
UniProtKB	Q93083	MT1L	GO:0010273		9606	MT1L	P
UniProtKB	Q969Z3	MTARC2	GO:0070458		9606	MTARC2,MARC2,MOSC2	P
UniProtKB	Q969Z3	MTARC2	GO:0051410		9606	MTARC2,MARC2,MOSC2	P
UniProtKB	Q96A56	TP53INP1	GO:0016209		9606	TP53INP1,P53DINP1,SIP	F
UniProtKB	Q96A56	TP53INP1	GO:0016209		9606	TP53INP1,P53DINP1,SIP	F
UniProtKB	Q96A56	TP53INP1	GO:0016209		9606	TP53INP1,P53DINP1,SIP	F
UniProtKB	Q96A56	TP53INP1	GO:0098869		9606	TP53INP1,P53DINP1,SIP	P
UniProtKB	Q96A56	TP53INP1	GO:0098869		9606	TP53INP1,P53DINP1,SIP	P
UniProtKB	Q96A56	TP53INP1	GO:0098869		9606	TP53INP1,P53DINP1,SIP	P
UniProtKB	Q96AM7	Q96AM7	GO:0004784		9606		F
UniProtKB	Q96AM7	Q96AM7	GO:0019430		9606		P
UniProtKB	Q96BI1	SLC22A18	GO:1990961		9606	SLC22A18,BWR1A,BWSCR1A,HET,IMPT1,ITM,ORCTL2,SLC22A1L,TSSC5	P
UniProtKB	Q96FL8	SLC47A1	GO:1990961		9606	SLC47A1,MATE1	P
UniProtKB	Q96GF5	PXDN	GO:0004601		9606	PXDN	F
UniProtKB	Q96GF5	PXDN	GO:0004601		9606	PXDN	F
UniProtKB	Q96GF5	PXDN	GO:0098869		9606	PXDN	P
UniProtKB	Q96GF5	PXDN	GO:0098869		9606	PXDN	P
UniProtKB	Q96NR8	RDH12	GO:0110095		9606	RDH12,SDR7C2	P
UniProtKB	Q96NR8	RDH12	GO:0110095		9606	RDH12,SDR7C2	P
UniProtKB	Q96SL4	GPX7	GO:0004096		9606	GPX7,GPX6,UNQ469/PRO828	F
UniProtKB	Q96SL4	GPX7	GO:0004601		9606	GPX7,GPX6,UNQ469/PRO828	F
UniProtKB	Q96SL4	GPX7	GO:0004602		9606	GPX7,GPX6,UNQ469/PRO828	F
UniProtKB	Q96SL4	GPX7	GO:0004601		9606	GPX7,GPX6,UNQ469/PRO828	F
UniProtKB	Q96SL4	GPX7	GO:0004602		9606	GPX7,GPX6,UNQ469/PRO828	F
UniProtKB	Q96SL4	GPX7	GO:0004601		9606	GPX7,GPX6,UNQ469/PRO828	F
UniProtKB	Q96SL4	GPX7	GO:0004602		9606	GPX7,GPX6,UNQ469/PRO828	F
UniProtKB	Q96SL4	GPX7	GO:0098869		9606	GPX7,GPX6,UNQ469/PRO828	P
UniProtKB	Q96SL4	GPX7	GO:0098869		9606	GPX7,GPX6,UNQ469/PRO828	P
UniProtKB	Q96SL4	GPX7	GO:0098869		9606	GPX7,GPX6,UNQ469/PRO828	P
UniProtKB	Q96SL4	GPX7	GO:0098869		9606	GPX7,GPX6,UNQ469/PRO828	P
UniProtKB	Q96SL4	GPX7	GO:0098869		9606	GPX7,GPX6,UNQ469/PRO828	P
UniProtKB	Q96SL4	GPX7	GO:0098869		9606	GPX7,GPX6,UNQ469/PRO828	P
UniProtKB	Q96SL4	GPX7	GO:0098869		9606	GPX7,GPX6,UNQ469/PRO828	P
UniProtKB	Q99497	PARK7	GO:0106045		9606	PARK7	P
UniProtKB	Q99497	PARK7	GO:0110095		9606	PARK7	P
UniProtKB	Q99497	PARK7	GO:0140041		9606	PARK7	P
UniProtKB	Q99497	PARK7	GO:0050787		9606	PARK7	P
UniProtKB	Q99497	PARK7	GO:0010273		9606	PARK7	P
UniProtKB	Q99497	PARK7	GO:0050787		9606	PARK7	P
UniProtKB	Q99497	PARK7	GO:0010273		9606	PARK7	P
UniProtKB	Q99497	PARK7	GO:0051920		9606	PARK7	F
UniProtKB	Q99497	PARK7	GO:0098869		9606	PARK7	P
UniProtKB	Q99735	MGST2	GO:0004602		9606	MGST2,GST2	F
UniProtKB	Q99735	MGST2	GO:0004602		9606	MGST2,GST2	F
UniProtKB	Q99735	MGST2	GO:0004602		9606	MGST2,GST2	F
UniProtKB	Q99735	MGST2	GO:0098869		9606	MGST2,GST2	P
UniProtKB	Q99735	MGST2	GO:0098869		9606	MGST2,GST2	P
UniProtKB	Q99735	MGST2	GO:0098869		9606	MGST2,GST2	P
UniProtKB	Q9BQE4	SELENOS	GO:0098869		9606	SELENOS,SELS,VIMP,AD-015,SBBI8	P
UniProtKB	Q9BQE4	SELENOS	GO:0016209		9606	SELENOS,SELS,VIMP,AD-015,SBBI8	F
UniProtKB	Q9BRA2	TXNDC17	GO:0004601		9606	TXNDC17,TXNL5	F
UniProtKB	Q9BRA2	TXNDC17	GO:0098869		9606	TXNDC17,TXNL5	P
UniProtKB	Q9BRA2	TXNDC17	GO:0098869		9606	TXNDC17,TXNL5	P
UniProtKB	Q9BRA2	TXNDC17	GO:0004601		9606	TXNDC17,TXNL5	F
UniProtKB	Q9BRX8	PRXL2A	GO:0016209		9606	PRXL2A,C10orf58,FAM213A,PAMM,PRO2290,PSEC0139,UNQ611/PRO1198	F
UniProtKB	Q9BRX8	PRXL2A	GO:0016209		9606	PRXL2A,C10orf58,FAM213A,PAMM,PRO2290,PSEC0139,UNQ611/PRO1198	F
UniProtKB	Q9BRX8	PRXL2A	GO:0016209		9606	PRXL2A,C10orf58,FAM213A,PAMM,PRO2290,PSEC0139,UNQ611/PRO1198	F
UniProtKB	Q9BRX8	PRXL2A	GO:0016209		9606	PRXL2A,C10orf58,FAM213A,PAMM,PRO2290,PSEC0139,UNQ611/PRO1198	F
UniProtKB	Q9BRX8	PRXL2A	GO:0098869		9606	PRXL2A,C10orf58,FAM213A,PAMM,PRO2290,PSEC0139,UNQ611/PRO1198	P
UniProtKB	Q9BRX8	PRXL2A	GO:0098869		9606	PRXL2A,C10orf58,FAM213A,PAMM,PRO2290,PSEC0139,UNQ611/PRO1198	P
UniProtKB	Q9BRX8	PRXL2A	GO:0098869		9606	PRXL2A,C10orf58,FAM213A,PAMM,PRO2290,PSEC0139,UNQ611/PRO1198	P
UniProtKB	Q9BRX8	PRXL2A	GO:0098869		9606	PRXL2A,C10orf58,FAM213A,PAMM,PRO2290,PSEC0139,UNQ611/PRO1198	P
UniProtKB	Q9BYN0	SRXN1	GO:0032542		9606	SRXN1,C20orf139,SRX,SRX1	F
UniProtKB	Q9BYN0	SRXN1	GO:0032542		9606	SRXN1,C20orf139,SRX,SRX1	F
UniProtKB	Q9BYN0	SRXN1	GO:0016209		9606	SRXN1,C20orf139,SRX,SRX1	F
UniProtKB	Q9BYN0	SRXN1	GO:0032542		9606	SRXN1,C20orf139,SRX,SRX1	F
UniProtKB	Q9BYN0	SRXN1	GO:0032542		9606	SRXN1,C20orf139,SRX,SRX1	F
UniProtKB	Q9BYN0	SRXN1	GO:0098869		9606	SRXN1,C20orf139,SRX,SRX1	P
UniProtKB	Q9BYN0	SRXN1	GO:0098869		9606	SRXN1,C20orf139,SRX,SRX1	P
UniProtKB	Q9BYN0	SRXN1	GO:0098869		9606	SRXN1,C20orf139,SRX,SRX1	P
UniProtKB	Q9BYN0	SRXN1	GO:0098869		9606	SRXN1,C20orf139,SRX,SRX1	P
UniProtKB	Q9BYN0	SRXN1	GO:0098869		9606	SRXN1,C20orf139,SRX,SRX1	P
UniProtKB	Q9H3M1	Q9H3M1	GO:0004601		9606		F
UniProtKB	Q9H3M1	Q9H3M1	GO:0036393		9606		F
UniProtKB	Q9H3M1	Q9H3M1	GO:0004601		9606		F
UniProtKB	Q9H3M1	Q9H3M1	GO:0098869		9606		P
UniProtKB	Q9H3M1	Q9H3M1	GO:0098869		9606		P
UniProtKB	Q9H4Y5	GSTO2	GO:0045174		9606	GSTO2	F
UniProtKB	Q9H4Y5	GSTO2	GO:0045174		9606	GSTO2	F
UniProtKB	Q9H4Y5	GSTO2	GO:0045174		9606	GSTO2	F
UniProtKB	Q9H4Y5	GSTO2	GO:0045174		9606	GSTO2	F
UniProtKB	Q9H4Y5	GSTO2	GO:0098869		9606	GSTO2	P
UniProtKB	Q9H4Y5	GSTO2	GO:0098869		9606	GSTO2	P
UniProtKB	Q9H4Y5	GSTO2	GO:0098869		9606	GSTO2	P
UniProtKB	Q9H4Y5	GSTO2	GO:0098869		9606	GSTO2	P
UniProtKB	Q9H4Y5	GSTO2	GO:0098869		9606	GSTO2	P
UniProtKB	Q9H4Y5	GSTO2	GO:0045174		9606	GSTO2	F
UniProtKB	Q9NNW7	TXNRD2	GO:0004791		9606	TXNRD2,KIAA1652,TRXR2	F
UniProtKB	Q9NNW7	TXNRD2	GO:0004791		9606	TXNRD2,KIAA1652,TRXR2	F
UniProtKB	Q9NNW7	TXNRD2	GO:0004791		9606	TXNRD2,KIAA1652,TRXR2	F
UniProtKB	Q9NNW7	TXNRD2	GO:0004791		9606	TXNRD2,KIAA1652,TRXR2	F
UniProtKB	Q9NNW7	TXNRD2	GO:0004791		9606	TXNRD2,KIAA1652,TRXR2	F
UniProtKB	Q9NNW7	TXNRD2	GO:0004791		9606	TXNRD2,KIAA1652,TRXR2	F
UniProtKB	Q9NNW7	TXNRD2	GO:0098869		9606	TXNRD2,KIAA1652,TRXR2	P
UniProtKB	Q9NNW7	TXNRD2	GO:0098869		9606	TXNRD2,KIAA1652,TRXR2	P
UniProtKB	Q9NNW7	TXNRD2	GO:0098869		9606	TXNRD2,KIAA1652,TRXR2	P
UniProtKB	Q9NNW7	TXNRD2	GO:0098869		9606	TXNRD2,KIAA1652,TRXR2	P
UniProtKB	Q9NNW7	TXNRD2	GO:0098869		9606	TXNRD2,KIAA1652,TRXR2	P
UniProtKB	Q9NNW7	TXNRD2	GO:0098869		9606	TXNRD2,KIAA1652,TRXR2	P
UniProtKB	Q9NNW7	TXNRD2	GO:0098869		9606	TXNRD2,KIAA1652,TRXR2	P
UniProtKB	Q9NNW7	TXNRD2	GO:0004791		9606	TXNRD2,KIAA1652,TRXR2	F
UniProtKB	Q9NP58	ABCB6	GO:0098849		9606	ABCB6,MTABC3,PRP,UMAT	P
UniProtKB	Q9NRD8	DUOX2	GO:0004601		9606	DUOX2,LNOX2,THOX2	F
UniProtKB	Q9NRD8	DUOX2	GO:0004601		9606	DUOX2,LNOX2,THOX2	F
UniProtKB	Q9NRD8	DUOX2	GO:0098869		9606	DUOX2,LNOX2,THOX2	P
UniProtKB	Q9NRD8	DUOX2	GO:0098869		9606	DUOX2,LNOX2,THOX2	P
UniProtKB	Q9NRD9	DUOX1	GO:0004601		9606	DUOX1,DUOX,LNOX1,THOX1	F
UniProtKB	Q9NRD9	DUOX1	GO:0004601		9606	DUOX1,DUOX,LNOX1,THOX1	F
UniProtKB	Q9NRD9	DUOX1	GO:0098869		9606	DUOX1,DUOX,LNOX1,THOX1	P
UniProtKB	Q9NRD9	DUOX1	GO:0098869		9606	DUOX1,DUOX,LNOX1,THOX1	P
UniProtKB	Q9UG59	DKFZp564M2422	GO:0004784		9606	DKFZp564M2422	F
UniProtKB	Q9UG59	DKFZp564M2422	GO:0019430		9606	DKFZp564M2422	P
UniProtKB	Q9UNQ0	ABCG2	GO:1990748		9606	ABCG2,ABCP,BCRP,BCRP1,MXR	P
UniProtKB	Q9Y2Q3	GSTK1	GO:0004602		9606	GSTK1,HDCMD47P	F
UniProtKB	Q9Y2Q3	GSTK1	GO:0004602		9606	GSTK1,HDCMD47P	F
UniProtKB	Q9Y2Q3	GSTK1	GO:0004602		9606	GSTK1,HDCMD47P	F
UniProtKB	Q9Y2Q3	GSTK1	GO:0098869		9606	GSTK1,HDCMD47P	P
UniProtKB	Q9Y2Q3	GSTK1	GO:0098869		9606	GSTK1,HDCMD47P	P
UniProtKB	Q9Y2Q3	GSTK1	GO:0098869		9606	GSTK1,HDCMD47P	P
UniProtKB	Q9Y2Q3	GSTK1	GO:0098869		9606	GSTK1,HDCMD47P	P
UniProtKB	Q9Y2Q3	GSTK1	GO:0004602		9606	GSTK1,HDCMD47P	F
UniProtKB	Q9Y5Z9	UBIAD1	GO:0016209		9606	UBIAD1,TERE1	F
UniProtKB	Q9Y5Z9	UBIAD1	GO:0098869		9606	UBIAD1,TERE1	P
UniProtKB	Q9Y6M5	SLC30A1	GO:0010312		9606	SLC30A1,ZNT1	P
UniProtKB	Q9Y6M5	SLC30A1	GO:0071585		9606	SLC30A1,ZNT1	P
UniProtKB	Q9Y6P5	SESN1	GO:0098869		9606	SESN1,PA26,SEST1	P
UniProtKB	R4GNE4	GPX4	GO:0004602		9606	GPX4	F
UniProtKB	R4GNE4	GPX4	GO:0004601		9606	GPX4	F
UniProtKB	R4GNE4	GPX4	GO:0098869		9606	GPX4	P
UniProtKB	R4GNE4	GPX4	GO:0098869		9606	GPX4	P
UniProtKB	S6BAQ5	DUOX2	GO:0004601		9606	DUOX2	F
UniProtKB	S6BAQ5	DUOX2	GO:0004601		9606	DUOX2	F
UniProtKB	S6BAQ5	DUOX2	GO:0098869		9606	DUOX2	P
UniProtKB	S6BAQ5	DUOX2	GO:0098869		9606	DUOX2	P
UniProtKB	U3KQT1	ESD	GO:0046294		9606	ESD,hCG_29992	P
UniProtKB	V9HW12	HEL-S-2a	GO:0016209		9606	HEL-S-2a,PRDX2,hCG_172488	F
UniProtKB	V9HW12	HEL-S-2a	GO:0051920		9606	HEL-S-2a,PRDX2,hCG_172488	F
UniProtKB	V9HW12	HEL-S-2a	GO:0016209		9606	HEL-S-2a,PRDX2,hCG_172488	F
UniProtKB	V9HW12	HEL-S-2a	GO:0004601		9606	HEL-S-2a,PRDX2,hCG_172488	F
UniProtKB	V9HW12	HEL-S-2a	GO:0019430		9606	HEL-S-2a,PRDX2,hCG_172488	P
UniProtKB	V9HW12	HEL-S-2a	GO:0004601		9606	HEL-S-2a,PRDX2,hCG_172488	F
UniProtKB	V9HW12	HEL-S-2a	GO:0004601		9606	HEL-S-2a,PRDX2,hCG_172488	F
UniProtKB	V9HW35	HEL-S-55	GO:0016209		9606	HEL-S-55	F
UniProtKB	V9HW35	HEL-S-55	GO:0004601		9606	HEL-S-55	F
UniProtKB	V9HW35	HEL-S-55	GO:0051920		9606	HEL-S-55	F
UniProtKB	V9HW35	HEL-S-55	GO:0098869		9606	HEL-S-55	P
UniProtKB	V9HW35	HEL-S-55	GO:0098869		9606	HEL-S-55	P
UniProtKB	V9HW35	HEL-S-55	GO:0098869		9606	HEL-S-55	P
UniProtKB	V9HW63	HEL-S-97n	GO:0016209		9606	HEL-S-97n,PRDX4,hCG_17636	F
UniProtKB	V9HW63	HEL-S-97n	GO:0051920		9606	HEL-S-97n,PRDX4,hCG_17636	F
UniProtKB	V9HW63	HEL-S-97n	GO:0016209		9606	HEL-S-97n,PRDX4,hCG_17636	F
UniProtKB	V9HW63	HEL-S-97n	GO:0004601		9606	HEL-S-97n,PRDX4,hCG_17636	F
UniProtKB	V9HW63	HEL-S-97n	GO:0098869		9606	HEL-S-97n,PRDX4,hCG_17636	P
UniProtKB	V9HW63	HEL-S-97n	GO:0098869		9606	HEL-S-97n,PRDX4,hCG_17636	P
UniProtKB	V9HW63	HEL-S-97n	GO:0098869		9606	HEL-S-97n,PRDX4,hCG_17636	P
UniProtKB	V9HW63	HEL-S-97n	GO:0098869		9606	HEL-S-97n,PRDX4,hCG_17636	P
UniProtKB	V9HW63	HEL-S-97n	GO:0098869		9606	HEL-S-97n,PRDX4,hCG_17636	P
UniProtKB	V9HW63	HEL-S-97n	GO:0004601		9606	HEL-S-97n,PRDX4,hCG_17636	F
UniProtKB	V9HW90	HEL-75	GO:0004362		9606	HEL-75,HEL-S-122m	F
UniProtKB	V9HW90	HEL-75	GO:0004362		9606	HEL-75,HEL-S-122m	F
UniProtKB	V9HW90	HEL-75	GO:0004362		9606	HEL-75,HEL-S-122m	F
UniProtKB	V9HW90	HEL-75	GO:0098869		9606	HEL-75,HEL-S-122m	P
UniProtKB	V9HW90	HEL-75	GO:0098869		9606	HEL-75,HEL-S-122m	P
UniProtKB	V9HW90	HEL-75	GO:0098869		9606	HEL-75,HEL-S-122m	P
UniProtKB	V9HWC2	HEL-S-67p	GO:0050787		9606	HEL-S-67p	P
UniProtKB	V9HWC2	HEL-S-67p	GO:0010273		9606	HEL-S-67p	P
UniProtKB	V9HWC2	HEL-S-67p	GO:0051920		9606	HEL-S-67p	F
UniProtKB	V9HWC2	HEL-S-67p	GO:0098869		9606	HEL-S-67p	P
UniProtKB	V9HWC7	HEL-S-128m	GO:0098869		9606	HEL-S-128m,PRDX6,hCG_22109	P
UniProtKB	V9HWC7	HEL-S-128m	GO:0008379		9606	HEL-S-128m,PRDX6,hCG_22109	F
UniProtKB	V9HWC7	HEL-S-128m	GO:0016209		9606	HEL-S-128m,PRDX6,hCG_22109	F
UniProtKB	V9HWC7	HEL-S-128m	GO:0051920		9606	HEL-S-128m,PRDX6,hCG_22109	F
UniProtKB	V9HWC7	HEL-S-128m	GO:0016209		9606	HEL-S-128m,PRDX6,hCG_22109	F
UniProtKB	V9HWC7	HEL-S-128m	GO:0004601		9606	HEL-S-128m,PRDX6,hCG_22109	F
UniProtKB	V9HWC7	HEL-S-128m	GO:0004601		9606	HEL-S-128m,PRDX6,hCG_22109	F
UniProtKB	V9HWC7	HEL-S-128m	GO:0004601		9606	HEL-S-128m,PRDX6,hCG_22109	F
UniProtKB	V9HWC9	HEL-S-44	GO:0004784		9606	HEL-S-44	F
UniProtKB	V9HWC9	HEL-S-44	GO:0019430		9606	HEL-S-44	P
UniProtKB	V9HWC9	HEL-S-44	GO:0019430		9606	HEL-S-44	P
UniProtKB	V9HWC9	HEL-S-44	GO:0004784		9606	HEL-S-44	F
UniProtKB	V9HWC9	HEL-S-44	GO:0004784		9606	HEL-S-44	F
UniProtKB	V9HWC9	HEL-S-44	GO:0004784		9606	HEL-S-44	F
UniProtKB	V9HWG9	HEL-S-21	GO:0045174		9606	HEL-S-21,GSTO1,hCG_21844	F
UniProtKB	V9HWG9	HEL-S-21	GO:0045174		9606	HEL-S-21,GSTO1,hCG_21844	F
UniProtKB	V9HWG9	HEL-S-21	GO:0098869		9606	HEL-S-21,GSTO1,hCG_21844	P
UniProtKB	V9HWG9	HEL-S-21	GO:0098869		9606	HEL-S-21,GSTO1,hCG_21844	P
UniProtKB	V9HWG9	HEL-S-21	GO:0098869		9606	HEL-S-21,GSTO1,hCG_21844	P
UniProtKB	V9HWG9	HEL-S-21	GO:0045174		9606	HEL-S-21,GSTO1,hCG_21844	F
UniProtKB	V9HWI0	HEL-S-165mP	GO:0110095		9606	HEL-S-165mP,HEL-S-6	P
UniProtKB	V9HWI0	HEL-S-165mP	GO:0110095		9606	HEL-S-165mP,HEL-S-6	P
UniProtKB	V9HWN8	HEL-S-75p	GO:0004602		9606	HEL-S-75p,GPX5,hCG_22448	F
UniProtKB	V9HWN8	HEL-S-75p	GO:0004601		9606	HEL-S-75p,GPX5,hCG_22448	F
UniProtKB	V9HWN8	HEL-S-75p	GO:0098869		9606	HEL-S-75p,GPX5,hCG_22448	P
UniProtKB	V9HWN8	HEL-S-75p	GO:0098869		9606	HEL-S-75p,GPX5,hCG_22448	P
UniProtKB	X5CHU1	SOD1	GO:0004784		9606	SOD1	F
UniProtKB	X5CHU1	SOD1	GO:0019430		9606	SOD1	P
UniProtKB	X5CN18	SOD1	GO:0004784		9606	SOD1	F
UniProtKB	X5CN18	SOD1	GO:0019430		9606	SOD1	P
UniProtKB	X5CQ60	SOD1	GO:0004784		9606	SOD1	F
UniProtKB	X5CQ60	SOD1	GO:0019430		9606	SOD1	P
UniProtKB	X5D3F9	SOD1	GO:0004784		9606	SOD1	F
UniProtKB	X5D3F9	SOD1	GO:0019430		9606	SOD1	P
UniProtKB	X5D3G4	SOD1	GO:0004784		9606	SOD1	F
UniProtKB	X5D3G4	SOD1	GO:0019430		9606	SOD1	P
UniProtKB	X5D5A9	SOD1	GO:0004784		9606	SOD1	F
UniProtKB	X5D5A9	SOD1	GO:0019430		9606	SOD1	P
UniProtKB	X5D926	GPX1	GO:0004602		9606	GPX1	F
UniProtKB	X5D926	GPX1	GO:0004601		9606	GPX1	F
UniProtKB	X5D926	GPX1	GO:0098869		9606	GPX1	P
UniProtKB	X5D926	GPX1	GO:0098869		9606	GPX1	P
UniProtKB	X5DQZ7	GPX1	GO:0004602		9606	GPX1	F
UniProtKB	X5DQZ7	GPX1	GO:0004601		9606	GPX1	F
UniProtKB	X5DQZ7	GPX1	GO:0098869		9606	GPX1	P
UniProtKB	X5DQZ7	GPX1	GO:0098869		9606	GPX1	P
UniProtKB	X6RA14	ESD	GO:0046294		9606	ESD	P
UniProtKB	X6RAN8	DUOX2	GO:0004601		9606	DUOX2	F
UniProtKB	X6RAN8	DUOX2	GO:0004601		9606	DUOX2	F
UniProtKB	X6RAN8	DUOX2	GO:0098869		9606	DUOX2	P
UniProtKB	X6RAN8	DUOX2	GO:0098869		9606	DUOX2	P
UniProtKB	X6RJD6	PTGS1	GO:0004601		9606	PTGS1	F
UniProtKB	X6RJD6	PTGS1	GO:0004601		9606	PTGS1	F
UniProtKB	X6RJD6	PTGS1	GO:0098869		9606	PTGS1	P
UniProtKB	X6RJD6	PTGS1	GO:0098869		9606	PTGS1	P
ComplexPortal	CPX-4742	cat_human	GO:0004096		9606	CAT tetramer	F
ComplexPortal	CPX-4742	cat_human	GO:0061692		9606	CAT tetramer	P
UniProtKB	A0A0G2KHM6	pxdn	GO:0004601		7955	pxdn,SO:0001217	F
UniProtKB	A0A0G2KHM6	pxdn	GO:0004601		7955	pxdn,SO:0001217	F
UniProtKB	A0A0G2KHM6	pxdn	GO:0004601		7955	pxdn,SO:0001217	F
UniProtKB	A0A0G2KHM6	pxdn	GO:0098869		7955	pxdn,SO:0001217	P
UniProtKB	A0A0G2KHM6	pxdn	GO:0098869		7955	pxdn,SO:0001217	P
UniProtKB	A0A0G2KHM6	pxdn	GO:0098869		7955	pxdn,SO:0001217	P
UniProtKB	A0A0R4IC81	abcc1	GO:0098754		7955	abcc1,SO:0001217	P
UniProtKB	A0A0R4IC81	abcc1	GO:0071585		7955	abcc1,SO:0001217	P
UniProtKB	A0A0R4IEQ2	slc30a10	GO:0010312		7955	slc30a10,SO:0001217	P
UniProtKB	A0A0R4IFC0	glrx2	GO:0004362		7955	glrx2,SO:0001217	F
UniProtKB	A0A0R4IFC0	glrx2	GO:0098869		7955	glrx2,SO:0001217	P
UniProtKB	A0A0R4IFG7	gstk4	GO:0004602		7955	gstk4,SO:0001217	F
UniProtKB	A0A0R4IFG7	gstk4	GO:0098869		7955	gstk4,SO:0001217	P
UniProtKB	A0A0R4IGK9	cat	GO:0004096		7955	cat,SO:0001217	F
UniProtKB	A0A0R4IGK9	cat	GO:0004601		7955	cat,SO:0001217	F
UniProtKB	A0A0R4IGK9	cat	GO:0004096		7955	cat,SO:0001217	F
UniProtKB	A0A0R4IGK9	cat	GO:0004096		7955	cat,SO:0001217	F
UniProtKB	A0A0R4IGK9	cat	GO:0098869		7955	cat,SO:0001217	P
UniProtKB	A0A0R4IGK9	cat	GO:0098869		7955	cat,SO:0001217	P
UniProtKB	A0A0R4IGK9	cat	GO:0098869		7955	cat,SO:0001217	P
UniProtKB	A0A0R4IGK9	cat	GO:0098869		7955	cat,SO:0001217	P
UniProtKB	A0A0R4IHZ8	ccs	GO:0019430		7955	ccs,SO:0001217	P
UniProtKB	A0A0R4IHZ8	ccs	GO:0004784		7955	ccs,SO:0001217	F
UniProtKB	A0A0R4II89	cat	GO:0004096		7955	cat,SO:0001217	F
UniProtKB	A0A0R4II89	cat	GO:0004601		7955	cat,SO:0001217	F
UniProtKB	A0A0R4II89	cat	GO:0004096		7955	cat,SO:0001217	F
UniProtKB	A0A0R4II89	cat	GO:0004096		7955	cat,SO:0001217	F
UniProtKB	A0A0R4II89	cat	GO:0098869		7955	cat,SO:0001217	P
UniProtKB	A0A0R4II89	cat	GO:0098869		7955	cat,SO:0001217	P
UniProtKB	A0A0R4II89	cat	GO:0098869		7955	cat,SO:0001217	P
UniProtKB	A0A0R4II89	cat	GO:0098869		7955	cat,SO:0001217	P
UniProtKB	A0A0R4ILJ3	slc47a1	GO:1990961		7955	slc47a1,SO:0001217	P
UniProtKB	A0A0R4ILJ8	glrx2	GO:0004362		7955	glrx2,SO:0001217	F
UniProtKB	A0A0R4ILJ8	glrx2	GO:0098869		7955	glrx2,SO:0001217	P
UniProtKB	A0A0R4IPH8	txnrd3	GO:0004791		7955	txnrd3,SO:0001217	F
UniProtKB	A0A0R4IPH8	txnrd3	GO:0004362		7955	txnrd3,SO:0001217	F
UniProtKB	A0A0R4IPH8	txnrd3	GO:0004791		7955	txnrd3,SO:0001217	F
UniProtKB	A0A0R4IPH8	txnrd3	GO:0004791		7955	txnrd3,SO:0001217	F
UniProtKB	A0A0R4IPH8	txnrd3	GO:0098869		7955	txnrd3,SO:0001217	P
UniProtKB	A0A0R4IPH8	txnrd3	GO:0098869		7955	txnrd3,SO:0001217	P
UniProtKB	A0A0R4IPH8	txnrd3	GO:0098869		7955	txnrd3,SO:0001217	P
UniProtKB	A0A0R4IPH8	txnrd3	GO:0098869		7955	txnrd3,SO:0001217	P
UniProtKB	A0A0R4IWN1	epx	GO:0004601		7955	epx,SO:0001217	F
UniProtKB	A0A0R4IWN1	epx	GO:0004601		7955	epx,SO:0001217	F
UniProtKB	A0A0R4IWN1	epx	GO:0004601		7955	epx,SO:0001217	F
UniProtKB	A0A0R4IWN1	epx	GO:0098869		7955	epx,SO:0001217	P
UniProtKB	A0A0R4IWN1	epx	GO:0098869		7955	epx,SO:0001217	P
UniProtKB	A0A0R4IWN1	epx	GO:0098869		7955	epx,SO:0001217	P
UniProtKB	A0A0R4IXE6	mgst3a	GO:0004602		7955	mgst3,mgst3a,SO:0001217	F
UniProtKB	A0A0R4IXE6	mgst3a	GO:0098869		7955	mgst3,mgst3a,SO:0001217	P
UniProtKB	A0A0R4IXU6	glrx2	GO:0004362		7955	glrx2,SO:0001217	F
UniProtKB	A0A0R4IXU6	glrx2	GO:0098869		7955	glrx2,SO:0001217	P
UniProtKB	A0A140LG39	gpx4a	GO:0004601		7955	gpx4a,SO:0001217	F
UniProtKB	A0A140LG39	gpx4a	GO:0004602		7955	gpx4a,SO:0001217	F
UniProtKB	A0A140LG39	gpx4a	GO:0047066		7955	gpx4a,SO:0001217	F
UniProtKB	A0A140LG39	gpx4a	GO:0098869		7955	gpx4a,SO:0001217	P
UniProtKB	A0A140LG39	gpx4a	GO:0098869		7955	gpx4a,SO:0001217	P
UniProtKB	A0A140LG67	prxl2b	GO:0016209		7955	fam213b,prxl2b,SO:0001217	F
UniProtKB	A0A140LG67	prxl2b	GO:0098869		7955	fam213b,prxl2b,SO:0001217	P
UniProtKB	A0A140LGJ0	gsr	GO:0004362		7955	gsr,SO:0001217	F
UniProtKB	A0A140LGJ0	gsr	GO:0004362		7955	gsr,SO:0001217	F
UniProtKB	A0A140LGJ0	gsr	GO:0098869		7955	gsr,SO:0001217	P
UniProtKB	A0A140LGJ0	gsr	GO:0098869		7955	gsr,SO:0001217	P
UniProtKB	A0A140LH37	gsr	GO:0004362		7955	gsr,SO:0001217	F
UniProtKB	A0A140LH37	gsr	GO:0004362		7955	gsr,SO:0001217	F
UniProtKB	A0A140LH37	gsr	GO:0004362		7955	gsr,SO:0001217	F
UniProtKB	A0A140LH37	gsr	GO:0098869		7955	gsr,SO:0001217	P
UniProtKB	A0A140LH37	gsr	GO:0098869		7955	gsr,SO:0001217	P
UniProtKB	A0A140LH37	gsr	GO:0098869		7955	gsr,SO:0001217	P
UniProtKB	A0A1I8S6W9	selenou1a	GO:0016209		7955	fam213aa,selenou1a,SO:0001217	F
UniProtKB	A0A1I8S6W9	selenou1a	GO:0098869		7955	fam213aa,selenou1a,SO:0001217	P
UniProtKB	A0A1I8S6Z3	selenou1a	GO:0016209		7955	fam213aa,selenou1a,SO:0001217	F
UniProtKB	A0A1I8S6Z3	selenou1a	GO:0098869		7955	fam213aa,selenou1a,SO:0001217	P
UniProtKB	A0A1I8SBP0	selenou1a	GO:0016209		7955	fam213aa,selenou1a,SO:0001217	F
UniProtKB	A0A1I8SBP0	selenou1a	GO:0098869		7955	fam213aa,selenou1a,SO:0001217	P
UniProtKB	A0A2R8Q1J3	slc47a3	GO:1990961		7955	slc47a3,SO:0001217	P
UniProtKB	A0A2R8Q1W8	gsr	GO:0004362		7955	gsr,SO:0001217	F
UniProtKB	A0A2R8Q1W8	gsr	GO:0004362		7955	gsr,SO:0001217	F
UniProtKB	A0A2R8Q1W8	gsr	GO:0004362		7955	gsr,SO:0001217	F
UniProtKB	A0A2R8Q1W8	gsr	GO:0098869		7955	gsr,SO:0001217	P
UniProtKB	A0A2R8Q1W8	gsr	GO:0098869		7955	gsr,SO:0001217	P
UniProtKB	A0A2R8Q1W8	gsr	GO:0098869		7955	gsr,SO:0001217	P
UniProtKB	A0A2R8Q212	vtg1	GO:0016209		7955	vtg1,SO:0001217	F
UniProtKB	A0A2R8Q212	vtg1	GO:0098869		7955	vtg1,SO:0001217	P
UniProtKB	A0A2R8Q274	nxn	GO:0004791		7955	nxn,SO:0001217	F
UniProtKB	A0A2R8Q274	nxn	GO:0098869		7955	nxn,SO:0001217	P
UniProtKB	A0A2R8Q424	slc47a1	GO:1990961		7955	slc47a1,SO:0001217	P
UniProtKB	A0A2R8Q546	nxn	GO:0004791		7955	nxn,SO:0001217	F
UniProtKB	A0A2R8Q546	nxn	GO:0098869		7955	nxn,SO:0001217	P
UniProtKB	A0A2R8Q587	pxdn	GO:0004601		7955	pxdn,SO:0001217	F
UniProtKB	A0A2R8Q587	pxdn	GO:0004601		7955	pxdn,SO:0001217	F
UniProtKB	A0A2R8Q587	pxdn	GO:0098869		7955	pxdn,SO:0001217	P
UniProtKB	A0A2R8Q587	pxdn	GO:0098869		7955	pxdn,SO:0001217	P
UniProtKB	A0A2R8Q5N8	gstk4	GO:0004602		7955	gstk4,SO:0001217	F
UniProtKB	A0A2R8Q5N8	gstk4	GO:0098869		7955	gstk4,SO:0001217	P
UniProtKB	A0A2R8Q6E0	abcc4	GO:0098754		7955	abcc4,SO:0001217	P
UniProtKB	A0A2R8Q6E0	abcc4	GO:0098754		7955	abcc4,SO:0001217	P
UniProtKB	A0A2R8Q6K2	ptgesl	GO:0004362		7955	ptgesl,SO:0001217	F
UniProtKB	A0A2R8Q6K2	ptgesl	GO:0098869		7955	ptgesl,SO:0001217	P
UniProtKB	A0A2R8Q6Y2	si:ch211-175m2.5	GO:0051920		7955	si:ch211-175m2.5,SO:0001217	F
UniProtKB	A0A2R8Q6Y2	si:ch211-175m2.5	GO:0098869		7955	si:ch211-175m2.5,SO:0001217	P
UniProtKB	A0A2R8Q8M1	prdx6	GO:0098869		7955	prdx6,SO:0001217	P
UniProtKB	A0A2R8Q8M1	prdx6	GO:0008379		7955	prdx6,SO:0001217	F
UniProtKB	A0A2R8Q8M1	prdx6	GO:0016209		7955	prdx6,SO:0001217	F
UniProtKB	A0A2R8Q8M1	prdx6	GO:0051920		7955	prdx6,SO:0001217	F
UniProtKB	A0A2R8Q8M1	prdx6	GO:0016209		7955	prdx6,SO:0001217	F
UniProtKB	A0A2R8Q8M1	prdx6	GO:0004601		7955	prdx6,SO:0001217	F
UniProtKB	A0A2R8Q8M1	prdx6	GO:0004601		7955	prdx6,SO:0001217	F
UniProtKB	A0A2R8QA71	prdx6	GO:0098869		7955	prdx6,SO:0001217	P
UniProtKB	A0A2R8QA71	prdx6	GO:0008379		7955	prdx6,SO:0001217	F
UniProtKB	A0A2R8QA71	prdx6	GO:0016209		7955	prdx6,SO:0001217	F
UniProtKB	A0A2R8QA71	prdx6	GO:0051920		7955	prdx6,SO:0001217	F
UniProtKB	A0A2R8QA71	prdx6	GO:0016209		7955	prdx6,SO:0001217	F
UniProtKB	A0A2R8QA71	prdx6	GO:0004601		7955	prdx6,SO:0001217	F
UniProtKB	A0A2R8QA71	prdx6	GO:0004601		7955	prdx6,SO:0001217	F
UniProtKB	A0A2R8QBP7	pxdn	GO:0004601		7955	pxdn,SO:0001217	F
UniProtKB	A0A2R8QBP7	pxdn	GO:0004601		7955	pxdn,SO:0001217	F
UniProtKB	A0A2R8QBP7	pxdn	GO:0098869		7955	pxdn,SO:0001217	P
UniProtKB	A0A2R8QBP7	pxdn	GO:0098869		7955	pxdn,SO:0001217	P
UniProtKB	A0A2R8QC13	gpx1a	GO:0004601		7955	gpx1a,SO:0001217	F
UniProtKB	A0A2R8QC13	gpx1a	GO:0004602		7955	gpx1a,SO:0001217	F
UniProtKB	A0A2R8QC13	gpx1a	GO:0004602		7955	gpx1a,SO:0001217	F
UniProtKB	A0A2R8QC13	gpx1a	GO:0004601		7955	gpx1a,SO:0001217	F
UniProtKB	A0A2R8QC13	gpx1a	GO:0098869		7955	gpx1a,SO:0001217	P
UniProtKB	A0A2R8QC13	gpx1a	GO:0098869		7955	gpx1a,SO:0001217	P
UniProtKB	A0A2R8QC13	gpx1a	GO:0098869		7955	gpx1a,SO:0001217	P
UniProtKB	A0A2R8QC13	gpx1a	GO:0098869		7955	gpx1a,SO:0001217	P
UniProtKB	A0A2R8QDG3	abcb5	GO:0050787		7955	abcb5,SO:0001217	P
UniProtKB	A0A2R8QDI7	pxdn	GO:0004601		7955	pxdn,SO:0001217	F
UniProtKB	A0A2R8QDI7	pxdn	GO:0004601		7955	pxdn,SO:0001217	F
UniProtKB	A0A2R8QDI7	pxdn	GO:0098869		7955	pxdn,SO:0001217	P
UniProtKB	A0A2R8QDI7	pxdn	GO:0098869		7955	pxdn,SO:0001217	P
UniProtKB	A0A2R8QE13	hbbe3	GO:0004601		7955	hbbe3,SO:0001217	F
UniProtKB	A0A2R8QE13	hbbe3	GO:0098869		7955	hbbe3,SO:0001217	P
UniProtKB	A0A2R8QEH1	vtg1	GO:0016209		7955	vtg1,SO:0001217	F
UniProtKB	A0A2R8QEH1	vtg1	GO:0098869		7955	vtg1,SO:0001217	P
UniProtKB	A0A2R8QFT1	hbae5	GO:0004601		7955	hbae5,SO:0001217	F
UniProtKB	A0A2R8QFT1	hbae5	GO:0098869		7955	hbae5,SO:0001217	P
UniProtKB	A0A2R8QHN7	A0A2R8QHN7	GO:0004602		7955		F
UniProtKB	A0A2R8QHN7	A0A2R8QHN7	GO:0098869		7955		P
UniProtKB	A0A2R8QIL3	gstk2	GO:0004602		7955	gstk2,SO:0001217	F
UniProtKB	A0A2R8QIL3	gstk2	GO:0098869		7955	gstk2,SO:0001217	P
UniProtKB	A0A2R8QIV8	vtg1	GO:0016209		7955	vtg1,SO:0001217	F
UniProtKB	A0A2R8QIV8	vtg1	GO:0098869		7955	vtg1,SO:0001217	P
UniProtKB	A0A2R8QJC5	duox	GO:0004601		7955	duox,SO:0001217	F
UniProtKB	A0A2R8QJC5	duox	GO:0004601		7955	duox,SO:0001217	F
UniProtKB	A0A2R8QJC5	duox	GO:0098869		7955	duox,SO:0001217	P
UniProtKB	A0A2R8QJC5	duox	GO:0098869		7955	duox,SO:0001217	P
UniProtKB	A0A2R8QJU6	ptgs1	GO:0004601		7955	ptgs1,SO:0001217	F
UniProtKB	A0A2R8QJU6	ptgs1	GO:0004601		7955	ptgs1,SO:0001217	F
UniProtKB	A0A2R8QJU6	ptgs1	GO:0004601		7955	ptgs1,SO:0001217	F
UniProtKB	A0A2R8QJU6	ptgs1	GO:0098869		7955	ptgs1,SO:0001217	P
UniProtKB	A0A2R8QJU6	ptgs1	GO:0098869		7955	ptgs1,SO:0001217	P
UniProtKB	A0A2R8QJU6	ptgs1	GO:0098869		7955	ptgs1,SO:0001217	P
UniProtKB	A0A2R8QT67	A0A2R8QT67	GO:0016209		7955		F
UniProtKB	A0A2R8QT67	A0A2R8QT67	GO:0016209		7955		F
UniProtKB	A0A2R8QT67	A0A2R8QT67	GO:0098869		7955		P
UniProtKB	A0A2R8QT67	A0A2R8QT67	GO:0098869		7955		P
UniProtKB	A0A2R8QUE8	abcc1	GO:0098754		7955	abcc1,SO:0001217	P
UniProtKB	A0A2R8QUE8	abcc1	GO:0071585		7955	abcc1,SO:0001217	P
UniProtKB	A0A2R8QV36	selenol	GO:0016209		7955	selenol	F
UniProtKB	A0A2R8QV36	selenol	GO:0098869		7955	selenol	P
UniProtKB	A0A2R8RJM7	prxl2c	GO:0016209		7955	aaed1,prxl2c,SO:0001217	F
UniProtKB	A0A2R8RJM7	prxl2c	GO:0098869		7955	aaed1,prxl2c,SO:0001217	P
UniProtKB	A0A2R8RLY1	duox	GO:0004601		7955	duox,SO:0001217	F
UniProtKB	A0A2R8RLY1	duox	GO:0004601		7955	duox,SO:0001217	F
UniProtKB	A0A2R8RLY1	duox	GO:0098869		7955	duox,SO:0001217	P
UniProtKB	A0A2R8RLY1	duox	GO:0098869		7955	duox,SO:0001217	P
UniProtKB	A0A2R8RQT4	gsr	GO:0004362		7955	gsr,SO:0001217	F
UniProtKB	A0A2R8RQT4	gsr	GO:0004362		7955	gsr,SO:0001217	F
UniProtKB	A0A2R8RQT4	gsr	GO:0004362		7955	gsr,SO:0001217	F
UniProtKB	A0A2R8RQT4	gsr	GO:0004362		7955	gsr,SO:0001217	F
UniProtKB	A0A2R8RQT4	gsr	GO:0098869		7955	gsr,SO:0001217	P
UniProtKB	A0A2R8RQT4	gsr	GO:0098869		7955	gsr,SO:0001217	P
UniProtKB	A0A2R8RQT4	gsr	GO:0098869		7955	gsr,SO:0001217	P
UniProtKB	A0A2R8RQT4	gsr	GO:0098869		7955	gsr,SO:0001217	P
UniProtKB	A0A2R8RSR5	gsr	GO:0004362		7955	gsr,SO:0001217	F
UniProtKB	A0A2R8RSR5	gsr	GO:0004362		7955	gsr,SO:0001217	F
UniProtKB	A0A2R8RSR5	gsr	GO:0004362		7955	gsr,SO:0001217	F
UniProtKB	A0A2R8RSR5	gsr	GO:0098869		7955	gsr,SO:0001217	P
UniProtKB	A0A2R8RSR5	gsr	GO:0098869		7955	gsr,SO:0001217	P
UniProtKB	A0A2R8RSR5	gsr	GO:0098869		7955	gsr,SO:0001217	P
UniProtKB	A0A2R8RUG5	selenou1a	GO:0016209		7955	selenou1a,SO:0001217	F
UniProtKB	A0A2R8RUG5	selenou1a	GO:0098869		7955	selenou1a,SO:0001217	P
UniProtKB	A0A2R8RWH8	gpx4b	GO:0004601		7955	gpx4b,SO:0001217	F
UniProtKB	A0A2R8RWH8	gpx4b	GO:0004602		7955	gpx4b,SO:0001217	F
UniProtKB	A0A2R8RWH8	gpx4b	GO:0047066		7955	gpx4b,SO:0001217	F
UniProtKB	A0A2R8RWH8	gpx4b	GO:0004602		7955	gpx4b,SO:0001217	F
UniProtKB	A0A2R8RWH8	gpx4b	GO:0004601		7955	gpx4b,SO:0001217	F
UniProtKB	A0A2R8RWH8	gpx4b	GO:0098869		7955	gpx4b,SO:0001217	P
UniProtKB	A0A2R8RWH8	gpx4b	GO:0098869		7955	gpx4b,SO:0001217	P
UniProtKB	A0A2R8RWH8	gpx4b	GO:0098869		7955	gpx4b,SO:0001217	P
UniProtKB	A0A2R8RWH8	gpx4b	GO:0098869		7955	gpx4b,SO:0001217	P
UniProtKB	A0A2R8RY78	abcc1	GO:0098754		7955	abcc1,SO:0001217	P
UniProtKB	A0A2R8RY78	abcc1	GO:0071585		7955	abcc1,SO:0001217	P
UniProtKB	A0A8F5XWM4	mate8	GO:1990961		7955	mate8	P
UniProtKB	A0A8F5XXW9	mate6	GO:1990961		7955	mate6	P
UniProtKB	A1A5Y1	mgst3b	GO:0004602		7955	mgst3b,SO:0001217,zgc:158387	F
UniProtKB	A1A5Y1	mgst3b	GO:0098869		7955	mgst3b,SO:0001217,zgc:158387	P
UniProtKB	A1L1P9	slc47a1	GO:1990961		7955	slc47a1,mate1,zgc:158231	P
UniProtKB	A1L2E7	slc47a1	GO:1990961		7955	mate6,zgc:113362,slc47a1,SO:0001217	P
UniProtKB	A2AWE1	prdx1	GO:0019430		7955	prdx1,SO:0001217	P
UniProtKB	A2AWE1	prdx1	GO:0016209		7955	prdx1,SO:0001217	F
UniProtKB	A2AWE1	prdx1	GO:0051920		7955	prdx1,SO:0001217	F
UniProtKB	A2AWE1	prdx1	GO:0016209		7955	prdx1,SO:0001217	F
UniProtKB	A2AWE1	prdx1	GO:0004601		7955	prdx1,SO:0001217	F
UniProtKB	A2AWE1	prdx1	GO:0051920		7955	prdx1,SO:0001217	F
UniProtKB	A2AWE1	prdx1	GO:0004601		7955	prdx1,SO:0001217	F
UniProtKB	A3KP33	slc30a1b	GO:0010312		7955	zgc:162909,slc30a1b,SO:0001217	P
UniProtKB	A3KP44	prdx4	GO:0016209		7955	fb59c09,wu:fb59c09,zgc:162938,prdx4,SO:0001217	F
UniProtKB	A3KP44	prdx4	GO:0051920		7955	fb59c09,wu:fb59c09,zgc:162938,prdx4,SO:0001217	F
UniProtKB	A3KP44	prdx4	GO:0016209		7955	fb59c09,wu:fb59c09,zgc:162938,prdx4,SO:0001217	F
UniProtKB	A3KP44	prdx4	GO:0004601		7955	fb59c09,wu:fb59c09,zgc:162938,prdx4,SO:0001217	F
UniProtKB	A3KP44	prdx4	GO:0098869		7955	fb59c09,wu:fb59c09,zgc:162938,prdx4,SO:0001217	P
UniProtKB	A3KP44	prdx4	GO:0098869		7955	fb59c09,wu:fb59c09,zgc:162938,prdx4,SO:0001217	P
UniProtKB	A3KP44	prdx4	GO:0098869		7955	fb59c09,wu:fb59c09,zgc:162938,prdx4,SO:0001217	P
UniProtKB	A3KP44	prdx4	GO:0098869		7955	fb59c09,wu:fb59c09,zgc:162938,prdx4,SO:0001217	P
UniProtKB	A3KP86	hbae4	GO:0004601		7955	hbae4,SO:0001217,zgc:163057	F
UniProtKB	A3KP86	hbae4	GO:0098869		7955	hbae4,SO:0001217,zgc:163057	P
UniProtKB	A4VCF4	vtg1	GO:0016209		7955	vtg1,SO:0001217	F
UniProtKB	A4VCF4	vtg1	GO:0098869		7955	vtg1,SO:0001217	P
UniProtKB	A5PLA4	sod3a	GO:0019430		7955	im:7151832,sod3a,SO:0001217,zgc:165473	P
UniProtKB	A5PLA4	sod3a	GO:0004784		7955	im:7151832,sod3a,SO:0001217,zgc:165473	F
UniProtKB	A5PLA4	sod3a	GO:0004784		7955	im:7151832,sod3a,SO:0001217,zgc:165473	F
UniProtKB	A7E2Q4	ptgesl	GO:0004362		7955	ptgesl,SO:0001217	F
UniProtKB	A7E2Q4	ptgesl	GO:0098869		7955	ptgesl,SO:0001217	P
UniProtKB	A7E2Q6	vtg1	GO:0016209		7955	vtg1,SO:0001217	F
UniProtKB	A7E2Q6	vtg1	GO:0098869		7955	vtg1,SO:0001217	P
UniProtKB	A7MCD6	prdx1	GO:0019430		7955	prdx1,SO:0001217,zgc:110343	P
UniProtKB	A7MCD6	prdx1	GO:0016209		7955	prdx1,SO:0001217,zgc:110343	F
UniProtKB	A7MCD6	prdx1	GO:0051920		7955	prdx1,SO:0001217,zgc:110343	F
UniProtKB	A7MCD6	prdx1	GO:0016209		7955	prdx1,SO:0001217,zgc:110343	F
UniProtKB	A7MCD6	prdx1	GO:0004601		7955	prdx1,SO:0001217,zgc:110343	F
UniProtKB	A7MCD6	prdx1	GO:0004601		7955	prdx1,SO:0001217,zgc:110343	F
UniProtKB	A8E7G6	prdx3	GO:0008379		7955	prdx3,SO:0001217	F
UniProtKB	A8E7G6	prdx3	GO:0016209		7955	prdx3,SO:0001217	F
UniProtKB	A8E7G6	prdx3	GO:0051920		7955	prdx3,SO:0001217	F
UniProtKB	A8E7G6	prdx3	GO:0016209		7955	prdx3,SO:0001217	F
UniProtKB	A8E7G6	prdx3	GO:0004601		7955	prdx3,SO:0001217	F
UniProtKB	A8E7G6	prdx3	GO:0098869		7955	prdx3,SO:0001217	P
UniProtKB	A8E7G6	prdx3	GO:0098869		7955	prdx3,SO:0001217	P
UniProtKB	A8E7G6	prdx3	GO:0098869		7955	prdx3,SO:0001217	P
UniProtKB	A8E7G6	prdx3	GO:0098869		7955	prdx3,SO:0001217	P
UniProtKB	A8E7G6	prdx3	GO:0098869		7955	prdx3,SO:0001217	P
UniProtKB	A8E7G7	prdx3	GO:0008379		7955	prdx3,SO:0001217	F
UniProtKB	A8E7G7	prdx3	GO:0016209		7955	prdx3,SO:0001217	F
UniProtKB	A8E7G7	prdx3	GO:0098869		7955	prdx3,SO:0001217	P
UniProtKB	A8E7G7	prdx3	GO:0098869		7955	prdx3,SO:0001217	P
UniProtKB	A8WFU0	slc30a10	GO:0010312		7955	slc30a10,SO:0001217	P
UniProtKB	A8WGN7	txnrd3	GO:0004791		7955	txnrd1,txnrd3,SO:0001217	F
UniProtKB	A8WGN7	txnrd3	GO:0004362		7955	txnrd1,txnrd3,SO:0001217	F
UniProtKB	A8WGN7	txnrd3	GO:0004791		7955	txnrd1,txnrd3,SO:0001217	F
UniProtKB	A8WGN7	txnrd3	GO:0004791		7955	txnrd1,txnrd3,SO:0001217	F
UniProtKB	A8WGN7	txnrd3	GO:0098869		7955	txnrd1,txnrd3,SO:0001217	P
UniProtKB	A8WGN7	txnrd3	GO:0098869		7955	txnrd1,txnrd3,SO:0001217	P
UniProtKB	A8WGN7	txnrd3	GO:0098869		7955	txnrd1,txnrd3,SO:0001217	P
UniProtKB	A8WGN7	txnrd3	GO:0098869		7955	txnrd1,txnrd3,SO:0001217	P
UniProtKB	A9C3N3	prnpa	GO:0004784		7955	prnp,prnpa,SO:0001217	F
UniProtKB	A9C3N3	prnpa	GO:0019430		7955	prnp,prnpa,SO:0001217	P
UniProtKB	A9JR76	abcb5	GO:0050787		7955	im:7158730,abcb5,SO:0001217	P
UniProtKB	B0R163	zgc:152951	GO:0004362		7955	zgc:152951,SO:0001217	F
UniProtKB	B0R163	zgc:152951	GO:0098869		7955	zgc:152951,SO:0001217	P
UniProtKB	B0S751	ptgesl	GO:0004362		7955	ptgesl,SO:0001217	F
UniProtKB	B0S751	ptgesl	GO:0098869		7955	ptgesl,SO:0001217	P
UniProtKB	B0V1T0	gpx1a	GO:0004601		7955	gpx1a,SO:0001217	F
UniProtKB	B0V1T0	gpx1a	GO:0004602		7955	gpx1a,SO:0001217	F
UniProtKB	B0V1T0	gpx1a	GO:0004602		7955	gpx1a,SO:0001217	F
UniProtKB	B0V1T0	gpx1a	GO:0004601		7955	gpx1a,SO:0001217	F
UniProtKB	B0V1T0	gpx1a	GO:0098869		7955	gpx1a,SO:0001217	P
UniProtKB	B0V1T0	gpx1a	GO:0098869		7955	gpx1a,SO:0001217	P
UniProtKB	B0V1T0	gpx1a	GO:0098869		7955	gpx1a,SO:0001217	P
UniProtKB	B0V1T0	gpx1a	GO:0098869		7955	gpx1a,SO:0001217	P
UniProtKB	B2GQZ0	txndc17	GO:0004601		7955	txndc17,SO:0001217	F
UniProtKB	B2GQZ0	txndc17	GO:0098869		7955	txndc17,SO:0001217	P
UniProtKB	B2GRH9	sod1	GO:0004784		7955	sod1,SO:0001217	F
UniProtKB	B2GRH9	sod1	GO:0004784		7955	sod1,SO:0001217	F
UniProtKB	B2GRH9	sod1	GO:0019430		7955	sod1,SO:0001217	P
UniProtKB	B2GRH9	sod1	GO:0019430		7955	sod1,SO:0001217	P
UniProtKB	B2LUM7	abcc4	GO:0098754		7955	abcc4,SO:0001217	P
UniProtKB	B2LUM7	abcc4	GO:0098754		7955	abcc4,SO:0001217	P
UniProtKB	B7ZVR0	ptgesl	GO:0004362		7955	ptgesl,SO:0001217	F
UniProtKB	B7ZVR0	ptgesl	GO:0098869		7955	ptgesl,SO:0001217	P
UniProtKB	B8A5D4	txnl1	GO:0004791		7955	txnl1,SO:0001217	F
UniProtKB	C3S171	gpx4b	GO:0004601		7955	gpx4b,SO:0001217	F
UniProtKB	C3S171	gpx4b	GO:0004602		7955	gpx4b,SO:0001217	F
UniProtKB	C3S171	gpx4b	GO:0047066		7955	gpx4b,SO:0001217	F
UniProtKB	C3S171	gpx4b	GO:0004602		7955	gpx4b,SO:0001217	F
UniProtKB	C3S171	gpx4b	GO:0004601		7955	gpx4b,SO:0001217	F
UniProtKB	C3S171	gpx4b	GO:0098869		7955	gpx4b,SO:0001217	P
UniProtKB	C3S171	gpx4b	GO:0098869		7955	gpx4b,SO:0001217	P
UniProtKB	C3S171	gpx4b	GO:0098869		7955	gpx4b,SO:0001217	P
UniProtKB	C3S171	gpx4b	GO:0098869		7955	gpx4b,SO:0001217	P
UniProtKB	D2CKK9	gpx4a	GO:0004601		7955	gpx4a,SO:0001217	F
UniProtKB	D2CKK9	gpx4a	GO:0004602		7955	gpx4a,SO:0001217	F
UniProtKB	D2CKK9	gpx4a	GO:0047066		7955	gpx4a,SO:0001217	F
UniProtKB	D2CKK9	gpx4a	GO:0004602		7955	gpx4a,SO:0001217	F
UniProtKB	D2CKK9	gpx4a	GO:0004601		7955	gpx4a,SO:0001217	F
UniProtKB	D2CKK9	gpx4a	GO:0098869		7955	gpx4a,SO:0001217	P
UniProtKB	D2CKK9	gpx4a	GO:0098869		7955	gpx4a,SO:0001217	P
UniProtKB	D2CKK9	gpx4a	GO:0098869		7955	gpx4a,SO:0001217	P
UniProtKB	D2CKK9	gpx4a	GO:0098869		7955	gpx4a,SO:0001217	P
UniProtKB	D9N176	mgst3b	GO:0004602		7955	mGST1,mgst3b,SO:0001217	F
UniProtKB	D9N176	mgst3b	GO:0098869		7955	mGST1,mgst3b,SO:0001217	P
UniProtKB	E7F1Z3	si:ch211-175m2.5	GO:0051920		7955	si:ch211-175m2.5,SO:0001217	F
UniProtKB	E7F1Z3	si:ch211-175m2.5	GO:0098869		7955	si:ch211-175m2.5,SO:0001217	P
UniProtKB	E7F6F7	abcb7	GO:0010312		7955	abcb7	P
UniProtKB	E7F6F7	abcb7	GO:1990748		7955	abcb7	P
UniProtKB	E7F738	gstk2	GO:0004602		7955	si:ch211-198d13.2,gstk2,SO:0001217	F
UniProtKB	E7F738	gstk2	GO:0098869		7955	si:ch211-198d13.2,gstk2,SO:0001217	P
UniProtKB	E7F8E5	ltc4s	GO:0004602		7955	ltc4s,SO:0001217	F
UniProtKB	E7F8E5	ltc4s	GO:0098869		7955	ltc4s,SO:0001217	P
UniProtKB	E7FB98	ubiad1	GO:0016209		7955	ubiad1,bar,reh	F
UniProtKB	E7FB98	ubiad1	GO:0098869		7955	ubiad1,bar,reh	P
UniProtKB	E7FBQ8	srxn1	GO:0032542		7955	srxn1,SO:0001217	F
UniProtKB	E7FBQ8	srxn1	GO:0032542		7955	srxn1,SO:0001217	F
UniProtKB	E7FBQ8	srxn1	GO:0016209		7955	srxn1,SO:0001217	F
UniProtKB	E7FBQ8	srxn1	GO:0032542		7955	srxn1,SO:0001217	F
UniProtKB	E7FBQ8	srxn1	GO:0032542		7955	srxn1,SO:0001217	F
UniProtKB	E7FBQ8	srxn1	GO:0098869		7955	srxn1,SO:0001217	P
UniProtKB	E7FBQ8	srxn1	GO:0098869		7955	srxn1,SO:0001217	P
UniProtKB	E7FBQ8	srxn1	GO:0098869		7955	srxn1,SO:0001217	P
UniProtKB	E7FBQ8	srxn1	GO:0098869		7955	srxn1,SO:0001217	P
UniProtKB	E7FBQ8	srxn1	GO:0098869		7955	srxn1,SO:0001217	P
UniProtKB	E7FCR4	LOC100002134	GO:0010312		7955	LOC100002134	P
UniProtKB	E7FEQ7	slc47a4	GO:1990961		7955	si:dkey-175a17.4,slc47a4,SO:0001217	P
UniProtKB	E7FGA5	gsr	GO:0004362		7955	gsr,SO:0001217	F
UniProtKB	E7FGA5	gsr	GO:0004362		7955	gsr,SO:0001217	F
UniProtKB	E7FGA5	gsr	GO:0004362		7955	gsr,SO:0001217	F
UniProtKB	E7FGA5	gsr	GO:0004362		7955	gsr,SO:0001217	F
UniProtKB	E7FGA5	gsr	GO:0098869		7955	gsr,SO:0001217	P
UniProtKB	E7FGA5	gsr	GO:0098869		7955	gsr,SO:0001217	P
UniProtKB	E7FGA5	gsr	GO:0098869		7955	gsr,SO:0001217	P
UniProtKB	E7FGA5	gsr	GO:0098869		7955	gsr,SO:0001217	P
UniProtKB	E9QB37	gstk4	GO:0004602		7955	gstk4,SO:0001217	F
UniProtKB	E9QB37	gstk4	GO:0098869		7955	gstk4,SO:0001217	P
UniProtKB	E9QCE9	esd	GO:0046294		7955	esd,SO:0001217	P
UniProtKB	E9QD21	gstk1	GO:0004602		7955	gstk1,SO:0001217	F
UniProtKB	E9QD21	gstk1	GO:0098869		7955	gstk1,SO:0001217	P
UniProtKB	E9QEM7	txnrd2.2	GO:0004791		7955	si:ch1073-179p4.3,txnrd2.2,SO:0001217	F
UniProtKB	E9QEM7	txnrd2.2	GO:0098869		7955	si:ch1073-179p4.3,txnrd2.2,SO:0001217	P
UniProtKB	E9QF67	gstk4	GO:0004602		7955	gstk4,SO:0001217	F
UniProtKB	E9QF67	gstk4	GO:0098869		7955	gstk4,SO:0001217	P
UniProtKB	E9QG87	esd	GO:0046294		7955	esd,SO:0001217	P
UniProtKB	E9QIM2	sod3b	GO:0019430		7955	sod3b,SO:0001217	P
UniProtKB	E9QIM2	sod3b	GO:0004784		7955	sod3b,SO:0001217	F
UniProtKB	E9QIM2	sod3b	GO:0004784		7955	sod3b,SO:0001217	F
UniProtKB	E9QIM2	sod3b	GO:0004784		7955	sod3b,SO:0001217	F
UniProtKB	E9QIM2	sod3b	GO:0004784		7955	sod3b,SO:0001217	F
UniProtKB	E9QJ27	gsr	GO:0004362		7955	gsr,SO:0001217	F
UniProtKB	E9QJ27	gsr	GO:0004362		7955	gsr,SO:0001217	F
UniProtKB	E9QJ27	gsr	GO:0098869		7955	gsr,SO:0001217	P
UniProtKB	E9QJ27	gsr	GO:0098869		7955	gsr,SO:0001217	P
UniProtKB	E9QJ92	mgst2	GO:0004602		7955	mgst2,SO:0001217	F
UniProtKB	E9QJ92	mgst2	GO:0098869		7955	mgst2,SO:0001217	P
UniProtKB	F1Q6I6	hbae5	GO:0004601		7955	hbz,hbae5,SO:0001217	F
UniProtKB	F1Q6I6	hbae5	GO:0098869		7955	hbz,hbae5,SO:0001217	P
UniProtKB	F1Q6Z6	txnrd2.2	GO:0004791		7955	si:ch1073-179p4.3,txnrd2.2,SO:0001217	F
UniProtKB	F1Q6Z6	txnrd2.2	GO:0004791		7955	si:ch1073-179p4.3,txnrd2.2,SO:0001217	F
UniProtKB	F1Q6Z6	txnrd2.2	GO:0004791		7955	si:ch1073-179p4.3,txnrd2.2,SO:0001217	F
UniProtKB	F1Q6Z6	txnrd2.2	GO:0098869		7955	si:ch1073-179p4.3,txnrd2.2,SO:0001217	P
UniProtKB	F1Q6Z6	txnrd2.2	GO:0098869		7955	si:ch1073-179p4.3,txnrd2.2,SO:0001217	P
UniProtKB	F1Q6Z6	txnrd2.2	GO:0098869		7955	si:ch1073-179p4.3,txnrd2.2,SO:0001217	P
UniProtKB	F1Q944	mpx	GO:0004601		7955	mpx,SO:0001217	F
UniProtKB	F1Q944	mpx	GO:0004601		7955	mpx,SO:0001217	F
UniProtKB	F1Q944	mpx	GO:0004601		7955	mpx,SO:0001217	F
UniProtKB	F1Q944	mpx	GO:0004601		7955	mpx,SO:0001217	F
UniProtKB	F1Q944	mpx	GO:0098869		7955	mpx,SO:0001217	P
UniProtKB	F1Q944	mpx	GO:0098869		7955	mpx,SO:0001217	P
UniProtKB	F1Q944	mpx	GO:0098869		7955	mpx,SO:0001217	P
UniProtKB	F1Q944	mpx	GO:0098869		7955	mpx,SO:0001217	P
UniProtKB	F1QBZ6	gsto2	GO:0045174		7955	gsto2,SO:0001217	F
UniProtKB	F1QBZ6	gsto2	GO:0045174		7955	gsto2,SO:0001217	F
UniProtKB	F1QBZ6	gsto2	GO:0045174		7955	gsto2,SO:0001217	F
UniProtKB	F1QBZ6	gsto2	GO:0098869		7955	gsto2,SO:0001217	P
UniProtKB	F1QBZ6	gsto2	GO:0098869		7955	gsto2,SO:0001217	P
UniProtKB	F1QBZ6	gsto2	GO:0098869		7955	gsto2,SO:0001217	P
UniProtKB	F1QBZ6	gsto2	GO:0098869		7955	gsto2,SO:0001217	P
UniProtKB	F1QBZ6	gsto2	GO:0045174		7955	gsto2,SO:0001217	F
UniProtKB	F1QCE3	prdx5	GO:0008379		7955	prdx5,SO:0001217	F
UniProtKB	F1QCE3	prdx5	GO:0016209		7955	prdx5,SO:0001217	F
UniProtKB	F1QCE3	prdx5	GO:0004601		7955	prdx5,SO:0001217	F
UniProtKB	F1QCE3	prdx5	GO:0051920		7955	prdx5,SO:0001217	F
UniProtKB	F1QCE3	prdx5	GO:0098869		7955	prdx5,SO:0001217	P
UniProtKB	F1QCE3	prdx5	GO:0098869		7955	prdx5,SO:0001217	P
UniProtKB	F1QCE3	prdx5	GO:0098869		7955	prdx5,SO:0001217	P
UniProtKB	F1QCE3	prdx5	GO:0098869		7955	prdx5,SO:0001217	P
UniProtKB	F1QCS3	ccs	GO:0019430		7955	ccs,SO:0001217	P
UniProtKB	F1QCS3	ccs	GO:0004784		7955	ccs,SO:0001217	F
UniProtKB	F1QIK5	abcc4	GO:0098754		7955	abcc4,SO:0001217	P
UniProtKB	F1QIK5	abcc4	GO:0098754		7955	abcc4,SO:0001217	P
UniProtKB	F1QIS1	mgst2	GO:0004602		7955	mgst2,SO:0001217	F
UniProtKB	F1QIS1	mgst2	GO:0098869		7955	mgst2,SO:0001217	P
UniProtKB	F1QIV1	gstk2	GO:0004602		7955	si:ch211-198d13.2,gstk2,SO:0001217	F
UniProtKB	F1QIV1	gstk2	GO:0098869		7955	si:ch211-198d13.2,gstk2,SO:0001217	P
UniProtKB	F1QKP0	slc47a1	GO:1990961		7955	slc47a1,SO:0001217	P
UniProtKB	F1QKS8	alox5ap	GO:0004602		7955	alox5ap,SO:0001217	F
UniProtKB	F1QKS8	alox5ap	GO:0098869		7955	alox5ap,SO:0001217	P
UniProtKB	F1QKX0	slc22a4	GO:0050787		7955	slc22a4,SO:0001217	P
UniProtKB	F1QLM7	glrx	GO:0004362		7955	glrx,SO:0001217	F
UniProtKB	F1QLM7	glrx	GO:0098869		7955	glrx,SO:0001217	P
UniProtKB	F1QN72	gsto1	GO:0045174		7955	gsto1,SO:0001217	F
UniProtKB	F1QN72	gsto1	GO:0045174		7955	gsto1,SO:0001217	F
UniProtKB	F1QN72	gsto1	GO:0045174		7955	gsto1,SO:0001217	F
UniProtKB	F1QN72	gsto1	GO:0098869		7955	gsto1,SO:0001217	P
UniProtKB	F1QN72	gsto1	GO:0098869		7955	gsto1,SO:0001217	P
UniProtKB	F1QN72	gsto1	GO:0098869		7955	gsto1,SO:0001217	P
UniProtKB	F1QN72	gsto1	GO:0098869		7955	gsto1,SO:0001217	P
UniProtKB	F1QN72	gsto1	GO:0045174		7955	gsto1,SO:0001217	F
UniProtKB	F1QNX6	gpx8	GO:0004602		7955	gpx8,SO:0001217	F
UniProtKB	F1QNX6	gpx8	GO:0004601		7955	gpx8,SO:0001217	F
UniProtKB	F1QNX6	gpx8	GO:0004602		7955	gpx8,SO:0001217	F
UniProtKB	F1QNX6	gpx8	GO:0098869		7955	gpx8,SO:0001217	P
UniProtKB	F1QNX6	gpx8	GO:0098869		7955	gpx8,SO:0001217	P
UniProtKB	F1QNX6	gpx8	GO:0098869		7955	gpx8,SO:0001217	P
UniProtKB	F1QP54	adh5l	GO:0046294		7955	adh5l,SO:0001217	P
UniProtKB	F1QQ60	txnrd2.1	GO:0004791		7955	txnrd2,txnrd2.1,SO:0001217	F
UniProtKB	F1QQ60	txnrd2.1	GO:0098869		7955	txnrd2,txnrd2.1,SO:0001217	P
UniProtKB	F1QS99	gsr	GO:0004362		7955	gsr,SO:0001217	F
UniProtKB	F1QS99	gsr	GO:0004362		7955	gsr,SO:0001217	F
UniProtKB	F1QS99	gsr	GO:0004362		7955	gsr,SO:0001217	F
UniProtKB	F1QS99	gsr	GO:0098869		7955	gsr,SO:0001217	P
UniProtKB	F1QS99	gsr	GO:0098869		7955	gsr,SO:0001217	P
UniProtKB	F1QS99	gsr	GO:0098869		7955	gsr,SO:0001217	P
UniProtKB	F1QSP8	prdx4	GO:0016209		7955	prdx4,SO:0001217	F
UniProtKB	F1QSP8	prdx4	GO:0051920		7955	prdx4,SO:0001217	F
UniProtKB	F1QSP8	prdx4	GO:0016209		7955	prdx4,SO:0001217	F
UniProtKB	F1QSP8	prdx4	GO:0004601		7955	prdx4,SO:0001217	F
UniProtKB	F1QSP8	prdx4	GO:0098869		7955	prdx4,SO:0001217	P
UniProtKB	F1QSP8	prdx4	GO:0098869		7955	prdx4,SO:0001217	P
UniProtKB	F1QSP8	prdx4	GO:0098869		7955	prdx4,SO:0001217	P
UniProtKB	F1QSP8	prdx4	GO:0098869		7955	prdx4,SO:0001217	P
UniProtKB	F1QTD7	gpx9	GO:0004601		7955	si:ch73-111m19.2,gpx9,SO:0001217	F
UniProtKB	F1QTD7	gpx9	GO:0004602		7955	si:ch73-111m19.2,gpx9,SO:0001217	F
UniProtKB	F1QTD7	gpx9	GO:0004602		7955	si:ch73-111m19.2,gpx9,SO:0001217	F
UniProtKB	F1QTD7	gpx9	GO:0004601		7955	si:ch73-111m19.2,gpx9,SO:0001217	F
UniProtKB	F1QTD7	gpx9	GO:0098869		7955	si:ch73-111m19.2,gpx9,SO:0001217	P
UniProtKB	F1QTD7	gpx9	GO:0098869		7955	si:ch73-111m19.2,gpx9,SO:0001217	P
UniProtKB	F1QTD7	gpx9	GO:0098869		7955	si:ch73-111m19.2,gpx9,SO:0001217	P
UniProtKB	F1QTD7	gpx9	GO:0098869		7955	si:ch73-111m19.2,gpx9,SO:0001217	P
UniProtKB	F1QVF2	duox	GO:0004601		7955	duox,SO:0001217	F
UniProtKB	F1QVF2	duox	GO:0004601		7955	duox,SO:0001217	F
UniProtKB	F1QVF2	duox	GO:0098869		7955	duox,SO:0001217	P
UniProtKB	F1QVF2	duox	GO:0098869		7955	duox,SO:0001217	P
UniProtKB	F1QZA0	slc30a1b	GO:0010312		7955	slc30a1b,SO:0001217	P
UniProtKB	F1R0R6	ptgs1	GO:0004601		7955	ptgs1,SO:0001217	F
UniProtKB	F1R0R6	ptgs1	GO:0004601		7955	ptgs1,SO:0001217	F
UniProtKB	F1R0R6	ptgs1	GO:0004601		7955	ptgs1,SO:0001217	F
UniProtKB	F1R0R6	ptgs1	GO:0098869		7955	ptgs1,SO:0001217	P
UniProtKB	F1R0R6	ptgs1	GO:0098869		7955	ptgs1,SO:0001217	P
UniProtKB	F1R0R6	ptgs1	GO:0098869		7955	ptgs1,SO:0001217	P
UniProtKB	F1R0Y7	sod3a	GO:0019430		7955	sod3a,SO:0001217	P
UniProtKB	F1R0Y7	sod3a	GO:0004784		7955	sod3a,SO:0001217	F
UniProtKB	F1R0Y7	sod3a	GO:0004784		7955	sod3a,SO:0001217	F
UniProtKB	F1R3J6	slc47a1	GO:1990961		7955	mate6,slc47a1,SO:0001217	P
UniProtKB	F1R5F7	gpx3	GO:0004601		7955	gpx3,SO:0001217	F
UniProtKB	F1R5F7	gpx3	GO:0004602		7955	gpx3,SO:0001217	F
UniProtKB	F1R5F7	gpx3	GO:0004602		7955	gpx3,SO:0001217	F
UniProtKB	F1R5F7	gpx3	GO:0004601		7955	gpx3,SO:0001217	F
UniProtKB	F1R5F7	gpx3	GO:0098869		7955	gpx3,SO:0001217	P
UniProtKB	F1R5F7	gpx3	GO:0098869		7955	gpx3,SO:0001217	P
UniProtKB	F1R5F7	gpx3	GO:0098869		7955	gpx3,SO:0001217	P
UniProtKB	F1R5F7	gpx3	GO:0098869		7955	gpx3,SO:0001217	P
UniProtKB	F1R5G2	nxn	GO:0004791		7955	nxn,SO:0001217	F
UniProtKB	F1R5G2	nxn	GO:0098869		7955	nxn,SO:0001217	P
UniProtKB	F1R7A8	abcb5	GO:0050787		7955	abcb5,SO:0001217	P
UniProtKB	F1R7W4	epx	GO:0004601		7955	epx,SO:0001217	F
UniProtKB	F1R7W4	epx	GO:0004601		7955	epx,SO:0001217	F
UniProtKB	F1R7W4	epx	GO:0004601		7955	epx,SO:0001217	F
UniProtKB	F1R7W4	epx	GO:0098869		7955	epx,SO:0001217	P
UniProtKB	F1R7W4	epx	GO:0098869		7955	epx,SO:0001217	P
UniProtKB	F1R7W4	epx	GO:0098869		7955	epx,SO:0001217	P
UniProtKB	F1R9R1	mpx	GO:0004601		7955	mpx,SO:0001217	F
UniProtKB	F1R9R1	mpx	GO:0004601		7955	mpx,SO:0001217	F
UniProtKB	F1R9R1	mpx	GO:0004601		7955	mpx,SO:0001217	F
UniProtKB	F1R9R1	mpx	GO:0004601		7955	mpx,SO:0001217	F
UniProtKB	F1R9R1	mpx	GO:0098869		7955	mpx,SO:0001217	P
UniProtKB	F1R9R1	mpx	GO:0098869		7955	mpx,SO:0001217	P
UniProtKB	F1R9R1	mpx	GO:0098869		7955	mpx,SO:0001217	P
UniProtKB	F1R9R1	mpx	GO:0098869		7955	mpx,SO:0001217	P
UniProtKB	F1REN5	selenou1b	GO:0016209		7955	fam213ab,selenou1b,SO:0001217	F
UniProtKB	F1REN5	selenou1b	GO:0016209		7955	fam213ab,selenou1b,SO:0001217	F
UniProtKB	F1REN5	selenou1b	GO:0098869		7955	fam213ab,selenou1b,SO:0001217	P
UniProtKB	F1REN5	selenou1b	GO:0098869		7955	fam213ab,selenou1b,SO:0001217	P
UniProtKB	F6NPA3	gpx4a	GO:0004601		7955	gpx4a,SO:0001217	F
UniProtKB	F6NPA3	gpx4a	GO:0004602		7955	gpx4a,SO:0001217	F
UniProtKB	F6NPA3	gpx4a	GO:0047066		7955	gpx4a,SO:0001217	F
UniProtKB	F6NPA3	gpx4a	GO:0004602		7955	gpx4a,SO:0001217	F
UniProtKB	F6NPA3	gpx4a	GO:0004601		7955	gpx4a,SO:0001217	F
UniProtKB	F6NPA3	gpx4a	GO:0098869		7955	gpx4a,SO:0001217	P
UniProtKB	F6NPA3	gpx4a	GO:0098869		7955	gpx4a,SO:0001217	P
UniProtKB	F6NPA3	gpx4a	GO:0098869		7955	gpx4a,SO:0001217	P
UniProtKB	F6NPA3	gpx4a	GO:0098869		7955	gpx4a,SO:0001217	P
UniProtKB	F6NSX3	gpx4a	GO:0004601		7955	gpx4a,SO:0001217	F
UniProtKB	F6NSX3	gpx4a	GO:0004602		7955	gpx4a,SO:0001217	F
UniProtKB	F6NSX3	gpx4a	GO:0047066		7955	gpx4a,SO:0001217	F
UniProtKB	F6NSX3	gpx4a	GO:0004602		7955	gpx4a,SO:0001217	F
UniProtKB	F6NSX3	gpx4a	GO:0004601		7955	gpx4a,SO:0001217	F
UniProtKB	F6NSX3	gpx4a	GO:0098869		7955	gpx4a,SO:0001217	P
UniProtKB	F6NSX3	gpx4a	GO:0098869		7955	gpx4a,SO:0001217	P
UniProtKB	F6NSX3	gpx4a	GO:0098869		7955	gpx4a,SO:0001217	P
UniProtKB	F6NSX3	gpx4a	GO:0098869		7955	gpx4a,SO:0001217	P
UniProtKB	F6NT71	hbbe1.1	GO:0004601		7955	hbbe1.1,SO:0001217	F
UniProtKB	F6NT71	hbbe1.1	GO:0098869		7955	hbbe1.1,SO:0001217	P
UniProtKB	F6NTA0	txnl1	GO:0004791		7955	txnl1,SO:0001217	F
UniProtKB	F6NYT7	gpx1a	GO:0004601		7955	gpx1a,SO:0001217	F
UniProtKB	F6NYT7	gpx1a	GO:0004602		7955	gpx1a,SO:0001217	F
UniProtKB	F6NYT7	gpx1a	GO:0004602		7955	gpx1a,SO:0001217	F
UniProtKB	F6NYT7	gpx1a	GO:0004601		7955	gpx1a,SO:0001217	F
UniProtKB	F6NYT7	gpx1a	GO:0098869		7955	gpx1a,SO:0001217	P
UniProtKB	F6NYT7	gpx1a	GO:0098869		7955	gpx1a,SO:0001217	P
UniProtKB	F6NYT7	gpx1a	GO:0098869		7955	gpx1a,SO:0001217	P
UniProtKB	F6NYT7	gpx1a	GO:0098869		7955	gpx1a,SO:0001217	P
UniProtKB	F6P497	hbae3	GO:0004601		7955	hbae3,SO:0001217	F
UniProtKB	F6P497	hbae3	GO:0098869		7955	hbae3,SO:0001217	P
UniProtKB	F6P731	hbae1.3	GO:0004601		7955	si:ch211-5k11.2,hbae1.3,SO:0001217	F
UniProtKB	F6P731	hbae1.3	GO:0098869		7955	si:ch211-5k11.2,hbae1.3,SO:0001217	P
UniProtKB	F8W316	gsr	GO:0004362		7955	gsr,SO:0001217	F
UniProtKB	F8W316	gsr	GO:0004362		7955	gsr,SO:0001217	F
UniProtKB	F8W316	gsr	GO:0098869		7955	gsr,SO:0001217	P
UniProtKB	F8W316	gsr	GO:0098869		7955	gsr,SO:0001217	P
UniProtKB	F8W325	hbae5	GO:0004601		7955	hbz,hbae5,SO:0001217	F
UniProtKB	F8W325	hbae5	GO:0098869		7955	hbz,hbae5,SO:0001217	P
UniProtKB	F8W4K8	gpx7	GO:0004601		7955	gpx7,SO:0001217	F
UniProtKB	F8W4K8	gpx7	GO:0004602		7955	gpx7,SO:0001217	F
UniProtKB	F8W4K8	gpx7	GO:0004601		7955	gpx7,SO:0001217	F
UniProtKB	F8W4K8	gpx7	GO:0004602		7955	gpx7,SO:0001217	F
UniProtKB	F8W4K8	gpx7	GO:0098869		7955	gpx7,SO:0001217	P
UniProtKB	F8W4K8	gpx7	GO:0098869		7955	gpx7,SO:0001217	P
UniProtKB	F8W4K8	gpx7	GO:0098869		7955	gpx7,SO:0001217	P
UniProtKB	F8W4K8	gpx7	GO:0098869		7955	gpx7,SO:0001217	P
UniProtKB	H9L6X3	sod3a	GO:0019430		7955	sod3a,SO:0001217	P
UniProtKB	H9L6X3	sod3a	GO:0004784		7955	sod3a,SO:0001217	F
UniProtKB	H9L6X3	sod3a	GO:0004784		7955	sod3a,SO:0001217	F
UniProtKB	H9L6X3	sod3a	GO:0004784		7955	sod3a,SO:0001217	F
UniProtKB	M1FT22	abcc4	GO:0098754		7955	abcc4,SO:0001217	P
UniProtKB	M1FT22	abcc4	GO:0098754		7955	abcc4,SO:0001217	P
UniProtKB	O73872	sod1	GO:0019430		7955	sod1,cuzn	P
UniProtKB	O73872	sod1	GO:0004784		7955	sod1,cuzn	F
UniProtKB	O73872	sod1	GO:0016209		7955	sod1,cuzn	F
UniProtKB	O73872	sod1	GO:0004784		7955	sod1,cuzn	F
UniProtKB	O73872	sod1	GO:0004784		7955	sod1,cuzn	F
UniProtKB	O73872	sod1	GO:0004784		7955	sod1,cuzn	F
UniProtKB	O73872	sod1	GO:0004784		7955	sod1,cuzn	F
UniProtKB	O93548	hbbe1.3	GO:0004601		7955	hbbe1,MGC173646,OTTDARP00000001844,SI:dZ118J2.7,SI:dZ118J2.9,bE1,be1c,hbbe1.1,hbbe1.2,hbbe1.3,hbbe1c,si:busm1-118j2.5,si:by119c3.2,si:ch211-5k11.12,bY119C3.2-001,dZ118J2.5-002,dZ118J2.7-001,dZ118J2.9-001	F
UniProtKB	O93548	hbbe1.3	GO:0098869		7955	hbbe1,MGC173646,OTTDARP00000001844,SI:dZ118J2.7,SI:dZ118J2.9,bE1,be1c,hbbe1.1,hbbe1.2,hbbe1.3,hbbe1c,si:busm1-118j2.5,si:by119c3.2,si:ch211-5k11.12,bY119C3.2-001,dZ118J2.5-002,dZ118J2.7-001,dZ118J2.9-001	P
UniProtKB	Q08C74	selenou1b	GO:0016209		7955	zgc:153444,fam213ab,selenou1b,SO:0001217	F
UniProtKB	Q08C74	selenou1b	GO:0016209		7955	zgc:153444,fam213ab,selenou1b,SO:0001217	F
UniProtKB	Q08C74	selenou1b	GO:0098869		7955	zgc:153444,fam213ab,selenou1b,SO:0001217	P
UniProtKB	Q08C74	selenou1b	GO:0098869		7955	zgc:153444,fam213ab,selenou1b,SO:0001217	P
UniProtKB	Q08CB2	abcb5	GO:0050787		7955	im:7158730,abcb5,SO:0001217	P
UniProtKB	Q08CL2	zgc:152951	GO:0004362		7955	zgc:152951,SO:0001217	F
UniProtKB	Q08CL2	zgc:152951	GO:0098869		7955	zgc:152951,SO:0001217	P
UniProtKB	Q08JS2	duox	GO:0004601		7955	duox1,duox,SO:0001217	F
UniProtKB	Q08JS2	duox	GO:0004601		7955	duox1,duox,SO:0001217	F
UniProtKB	Q08JS2	duox	GO:0098869		7955	duox1,duox,SO:0001217	P
UniProtKB	Q08JS2	duox	GO:0098869		7955	duox1,duox,SO:0001217	P
UniProtKB	Q1ECY7	mgst2	GO:0004602		7955	zgc:136570,mgst2,SO:0001217	F
UniProtKB	Q1ECY7	mgst2	GO:0098869		7955	zgc:136570,mgst2,SO:0001217	P
UniProtKB	Q1JPW2	ptgs1	GO:0004601		7955	ptgs1,SO:0001217	F
UniProtKB	Q1JPW2	ptgs1	GO:0004601		7955	ptgs1,SO:0001217	F
UniProtKB	Q1JPW2	ptgs1	GO:0004601		7955	ptgs1,SO:0001217	F
UniProtKB	Q1JPW2	ptgs1	GO:0098869		7955	ptgs1,SO:0001217	P
UniProtKB	Q1JPW2	ptgs1	GO:0098869		7955	ptgs1,SO:0001217	P
UniProtKB	Q1JPW2	ptgs1	GO:0098869		7955	ptgs1,SO:0001217	P
UniProtKB	Q1LWN2	vtg1	GO:0016209		7955	vtg1,SO:0001217	F
UniProtKB	Q1LWN2	vtg1	GO:0098869		7955	vtg1,SO:0001217	P
UniProtKB	Q1RLT4	gstk4	GO:0004602		7955	gstk4,SO:0001217,zgc:136861	F
UniProtKB	Q1RLT4	gstk4	GO:0098869		7955	gstk4,SO:0001217,zgc:136861	P
UniProtKB	Q2TV65	sod2	GO:0004784		7955	sod2,SO:0001217	F
UniProtKB	Q2TV65	sod2	GO:0004784		7955	sod2,SO:0001217	F
UniProtKB	Q2TV65	sod2	GO:0004784		7955	sod2,SO:0001217	F
UniProtKB	Q2TV65	sod2	GO:0004784		7955	sod2,SO:0001217	F
UniProtKB	Q2TV65	sod2	GO:0019430		7955	sod2,SO:0001217	P
UniProtKB	Q2TV65	sod2	GO:0004784		7955	sod2,SO:0001217	F
UniProtKB	Q4QRI0	adh8a	GO:0046294		7955	adh8a,SO:0001217	P
UniProtKB	Q4V9B0	hbba2	GO:0004601		7955	hbba2,SO:0001217,zgc:92880	F
UniProtKB	Q4V9B0	hbba2	GO:0098869		7955	hbba2,SO:0001217,zgc:92880	P
UniProtKB	Q4V9D0	glrx	GO:0004362		7955	glrx,SO:0001217	F
UniProtKB	Q4V9D0	glrx	GO:0098869		7955	glrx,SO:0001217	P
UniProtKB	Q502C8	prdx5	GO:0008379		7955	prdx5,SO:0001217	F
UniProtKB	Q502C8	prdx5	GO:0016209		7955	prdx5,SO:0001217	F
UniProtKB	Q502C8	prdx5	GO:0004601		7955	prdx5,SO:0001217	F
UniProtKB	Q502C8	prdx5	GO:0051920		7955	prdx5,SO:0001217	F
UniProtKB	Q502C8	prdx5	GO:0098869		7955	prdx5,SO:0001217	P
UniProtKB	Q502C8	prdx5	GO:0098869		7955	prdx5,SO:0001217	P
UniProtKB	Q502C8	prdx5	GO:0098869		7955	prdx5,SO:0001217	P
UniProtKB	Q502C8	prdx5	GO:0098869		7955	prdx5,SO:0001217	P
UniProtKB	Q502E1	gpx7	GO:0004601		7955	im:6902827,zgc:112293,gpx7,SO:0001217	F
UniProtKB	Q502E1	gpx7	GO:0004602		7955	im:6902827,zgc:112293,gpx7,SO:0001217	F
UniProtKB	Q502E1	gpx7	GO:0004601		7955	im:6902827,zgc:112293,gpx7,SO:0001217	F
UniProtKB	Q502E1	gpx7	GO:0004602		7955	im:6902827,zgc:112293,gpx7,SO:0001217	F
UniProtKB	Q502E1	gpx7	GO:0098869		7955	im:6902827,zgc:112293,gpx7,SO:0001217	P
UniProtKB	Q502E1	gpx7	GO:0098869		7955	im:6902827,zgc:112293,gpx7,SO:0001217	P
UniProtKB	Q502E1	gpx7	GO:0098869		7955	im:6902827,zgc:112293,gpx7,SO:0001217	P
UniProtKB	Q502E1	gpx7	GO:0098869		7955	im:6902827,zgc:112293,gpx7,SO:0001217	P
UniProtKB	Q502K9	selenot2	GO:0004791		7955	selenot2,selt2,sept2,zgc:112046	F
UniProtKB	Q502K9	selenot2	GO:0098869		7955	selenot2,selt2,sept2,zgc:112046	P
UniProtKB	Q503D8	txndc12	GO:0061691		7955	tlp19,TLP19,wu:fc47c08,zgc:110680,txndc12,SO:0001217	P
UniProtKB	Q503L9	nxn	GO:0004791		7955	nxn,zgc:110449	F
UniProtKB	Q503L9	nxn	GO:0004791		7955	nxn,zgc:110449	F
UniProtKB	Q503L9	nxn	GO:0098869		7955	nxn,zgc:110449	P
UniProtKB	Q503Y1	gpx4b	GO:0004601		7955	gpx4b,SO:0001217	F
UniProtKB	Q503Y1	gpx4b	GO:0004602		7955	gpx4b,SO:0001217	F
UniProtKB	Q503Y1	gpx4b	GO:0047066		7955	gpx4b,SO:0001217	F
UniProtKB	Q503Y1	gpx4b	GO:0004602		7955	gpx4b,SO:0001217	F
UniProtKB	Q503Y1	gpx4b	GO:0004601		7955	gpx4b,SO:0001217	F
UniProtKB	Q503Y1	gpx4b	GO:0098869		7955	gpx4b,SO:0001217	P
UniProtKB	Q503Y1	gpx4b	GO:0098869		7955	gpx4b,SO:0001217	P
UniProtKB	Q503Y1	gpx4b	GO:0098869		7955	gpx4b,SO:0001217	P
UniProtKB	Q503Y1	gpx4b	GO:0098869		7955	gpx4b,SO:0001217	P
UniProtKB	Q503Y5	gsr	GO:0004362		7955	zgc:110010,gsr,SO:0001217	F
UniProtKB	Q503Y5	gsr	GO:0004362		7955	zgc:110010,gsr,SO:0001217	F
UniProtKB	Q503Y5	gsr	GO:0004362		7955	zgc:110010,gsr,SO:0001217	F
UniProtKB	Q503Y5	gsr	GO:0098869		7955	zgc:110010,gsr,SO:0001217	P
UniProtKB	Q503Y5	gsr	GO:0098869		7955	zgc:110010,gsr,SO:0001217	P
UniProtKB	Q503Y5	gsr	GO:0098869		7955	zgc:110010,gsr,SO:0001217	P
UniProtKB	Q504J4	vtg1	GO:0016209		7955	vg1,vtg1,SO:0001217	F
UniProtKB	Q504J4	vtg1	GO:0098869		7955	vg1,vtg1,SO:0001217	P
UniProtKB	Q566W4	ccs	GO:0019430		7955	zgc:112427,ccs,SO:0001217	P
UniProtKB	Q566W4	ccs	GO:0004784		7955	zgc:112427,ccs,SO:0001217	F
UniProtKB	Q567K2	esd	GO:0046294		7955	wu:fb58f05,fb58f05,zgc:111984,esd,SO:0001217	P
UniProtKB	Q568I5	prdx3	GO:0008379		7955	prdx3,SO:0001217	F
UniProtKB	Q568I5	prdx3	GO:0016209		7955	prdx3,SO:0001217	F
UniProtKB	Q568I5	prdx3	GO:0051920		7955	prdx3,SO:0001217	F
UniProtKB	Q568I5	prdx3	GO:0016209		7955	prdx3,SO:0001217	F
UniProtKB	Q568I5	prdx3	GO:0004601		7955	prdx3,SO:0001217	F
UniProtKB	Q568I5	prdx3	GO:0098869		7955	prdx3,SO:0001217	P
UniProtKB	Q568I5	prdx3	GO:0098869		7955	prdx3,SO:0001217	P
UniProtKB	Q568I5	prdx3	GO:0098869		7955	prdx3,SO:0001217	P
UniProtKB	Q568I5	prdx3	GO:0098869		7955	prdx3,SO:0001217	P
UniProtKB	Q568I5	prdx3	GO:0098869		7955	prdx3,SO:0001217	P
UniProtKB	Q568L5	akr1a1b	GO:0110095		7955	akr1a1b,zgc:110225	P
UniProtKB	Q568W0	selenow	GO:0016209		7955	selenow,sepw1	F
UniProtKB	Q568W0	selenow	GO:0098869		7955	selenow,sepw1	P
UniProtKB	Q5BJB9	prdx3	GO:0008379		7955	wu:fk49e09,cb718,zgc:110282,zgc:112512,prdx3,SO:0001217	F
UniProtKB	Q5BJB9	prdx3	GO:0016209		7955	wu:fk49e09,cb718,zgc:110282,zgc:112512,prdx3,SO:0001217	F
UniProtKB	Q5BJB9	prdx3	GO:0051920		7955	wu:fk49e09,cb718,zgc:110282,zgc:112512,prdx3,SO:0001217	F
UniProtKB	Q5BJB9	prdx3	GO:0016209		7955	wu:fk49e09,cb718,zgc:110282,zgc:112512,prdx3,SO:0001217	F
UniProtKB	Q5BJB9	prdx3	GO:0004601		7955	wu:fk49e09,cb718,zgc:110282,zgc:112512,prdx3,SO:0001217	F
UniProtKB	Q5BJB9	prdx3	GO:0098869		7955	wu:fk49e09,cb718,zgc:110282,zgc:112512,prdx3,SO:0001217	P
UniProtKB	Q5BJB9	prdx3	GO:0098869		7955	wu:fk49e09,cb718,zgc:110282,zgc:112512,prdx3,SO:0001217	P
UniProtKB	Q5BJB9	prdx3	GO:0098869		7955	wu:fk49e09,cb718,zgc:110282,zgc:112512,prdx3,SO:0001217	P
UniProtKB	Q5BJB9	prdx3	GO:0098869		7955	wu:fk49e09,cb718,zgc:110282,zgc:112512,prdx3,SO:0001217	P
UniProtKB	Q5BJB9	prdx3	GO:0098869		7955	wu:fk49e09,cb718,zgc:110282,zgc:112512,prdx3,SO:0001217	P
UniProtKB	Q5BJC7	hbaa2	GO:0004601		7955	si:xx-by187g17.5,si:ch211-5k11.6,hbaa2,SO:0001217	F
UniProtKB	Q5BJC7	hbaa2	GO:0098869		7955	si:xx-by187g17.5,si:ch211-5k11.6,hbaa2,SO:0001217	P
UniProtKB	Q5BJJ3	prdx1	GO:0019430		7955	zgc:110343,prdx1,SO:0001217	P
UniProtKB	Q5BJJ3	prdx1	GO:0016209		7955	zgc:110343,prdx1,SO:0001217	F
UniProtKB	Q5BJJ3	prdx1	GO:0051920		7955	zgc:110343,prdx1,SO:0001217	F
UniProtKB	Q5BJJ3	prdx1	GO:0016209		7955	zgc:110343,prdx1,SO:0001217	F
UniProtKB	Q5BJJ3	prdx1	GO:0004601		7955	zgc:110343,prdx1,SO:0001217	F
UniProtKB	Q5BJJ3	prdx1	GO:0004601		7955	zgc:110343,prdx1,SO:0001217	F
UniProtKB	Q5BLF6	hbbe3	GO:0004601		7955	hbbe3,SO:0001217	F
UniProtKB	Q5BLF6	hbbe3	GO:0098869		7955	hbbe3,SO:0001217	P
UniProtKB	Q5RI06	ptgs2b	GO:0004601		7955	si:dkey-97o5.6,ptgs2b,SO:0001217	F
UniProtKB	Q5RI06	ptgs2b	GO:0004601		7955	si:dkey-97o5.6,ptgs2b,SO:0001217	F
UniProtKB	Q5RI06	ptgs2b	GO:0004601		7955	si:dkey-97o5.6,ptgs2b,SO:0001217	F
UniProtKB	Q5RI06	ptgs2b	GO:0098869		7955	si:dkey-97o5.6,ptgs2b,SO:0001217	P
UniProtKB	Q5RI06	ptgs2b	GO:0098869		7955	si:dkey-97o5.6,ptgs2b,SO:0001217	P
UniProtKB	Q5RI06	ptgs2b	GO:0098869		7955	si:dkey-97o5.6,ptgs2b,SO:0001217	P
UniProtKB	Q5U3M8	gsto2	GO:0045174		7955	zgc:101897,gsto2,SO:0001217	F
UniProtKB	Q5U3M8	gsto2	GO:0045174		7955	zgc:101897,gsto2,SO:0001217	F
UniProtKB	Q5U3M8	gsto2	GO:0045174		7955	zgc:101897,gsto2,SO:0001217	F
UniProtKB	Q5U3M8	gsto2	GO:0098869		7955	zgc:101897,gsto2,SO:0001217	P
UniProtKB	Q5U3M8	gsto2	GO:0098869		7955	zgc:101897,gsto2,SO:0001217	P
UniProtKB	Q5U3M8	gsto2	GO:0098869		7955	zgc:101897,gsto2,SO:0001217	P
UniProtKB	Q5U3M8	gsto2	GO:0098869		7955	zgc:101897,gsto2,SO:0001217	P
UniProtKB	Q5U3M8	gsto2	GO:0045174		7955	zgc:101897,gsto2,SO:0001217	F
UniProtKB	Q5XJ36	park7	GO:0106045		7955	park7,dj1,zgc:103725	P
UniProtKB	Q5XJ48	gpx1a	GO:0004601		7955	gpx1,gpx1a,SO:0001217	F
UniProtKB	Q5XJ48	gpx1a	GO:0004602		7955	gpx1,gpx1a,SO:0001217	F
UniProtKB	Q5XJ48	gpx1a	GO:0004602		7955	gpx1,gpx1a,SO:0001217	F
UniProtKB	Q5XJ48	gpx1a	GO:0004601		7955	gpx1,gpx1a,SO:0001217	F
UniProtKB	Q5XJ48	gpx1a	GO:0098869		7955	gpx1,gpx1a,SO:0001217	P
UniProtKB	Q5XJ48	gpx1a	GO:0098869		7955	gpx1,gpx1a,SO:0001217	P
UniProtKB	Q5XJ48	gpx1a	GO:0098869		7955	gpx1,gpx1a,SO:0001217	P
UniProtKB	Q5XJ48	gpx1a	GO:0098869		7955	gpx1,gpx1a,SO:0001217	P
UniProtKB	Q66IE1	gpx1b	GO:0004601		7955	wu:fd42f12,wu:fj22d06,zgc:101700,gpx1b,SO:0001217	F
UniProtKB	Q66IE1	gpx1b	GO:0004602		7955	wu:fd42f12,wu:fj22d06,zgc:101700,gpx1b,SO:0001217	F
UniProtKB	Q66IE1	gpx1b	GO:0004602		7955	wu:fd42f12,wu:fj22d06,zgc:101700,gpx1b,SO:0001217	F
UniProtKB	Q66IE1	gpx1b	GO:0004601		7955	wu:fd42f12,wu:fj22d06,zgc:101700,gpx1b,SO:0001217	F
UniProtKB	Q66IE1	gpx1b	GO:0098869		7955	wu:fd42f12,wu:fj22d06,zgc:101700,gpx1b,SO:0001217	P
UniProtKB	Q66IE1	gpx1b	GO:0098869		7955	wu:fd42f12,wu:fj22d06,zgc:101700,gpx1b,SO:0001217	P
UniProtKB	Q66IE1	gpx1b	GO:0098869		7955	wu:fd42f12,wu:fj22d06,zgc:101700,gpx1b,SO:0001217	P
UniProtKB	Q66IE1	gpx1b	GO:0098869		7955	wu:fd42f12,wu:fj22d06,zgc:101700,gpx1b,SO:0001217	P
UniProtKB	Q6AZW2	akr1a1a	GO:0110095		7955	akr1a1a,si:ch211-113n10.1,zgc:100940	P
UniProtKB	Q6DBT3	txndc17	GO:0004601		7955	txndc17,txnl5,zgc:91920	F
UniProtKB	Q6DBT3	txndc17	GO:0098869		7955	txndc17,txnl5,zgc:91920	P
UniProtKB	Q6DGJ6	prdx2	GO:0019430		7955	prdx1,prdx2,SO:0001217	P
UniProtKB	Q6DGJ6	prdx2	GO:0016209		7955	prdx1,prdx2,SO:0001217	F
UniProtKB	Q6DGJ6	prdx2	GO:0051920		7955	prdx1,prdx2,SO:0001217	F
UniProtKB	Q6DGJ6	prdx2	GO:0016209		7955	prdx1,prdx2,SO:0001217	F
UniProtKB	Q6DGJ6	prdx2	GO:0004601		7955	prdx1,prdx2,SO:0001217	F
UniProtKB	Q6DGJ6	prdx2	GO:0051920		7955	prdx1,prdx2,SO:0001217	F
UniProtKB	Q6DGJ6	prdx2	GO:0004601		7955	prdx1,prdx2,SO:0001217	F
UniProtKB	Q6DGK4	hbba2	GO:0004601		7955	hbba2,SO:0001217,zgc:92880	F
UniProtKB	Q6DGK4	hbba2	GO:0098869		7955	hbba2,SO:0001217,zgc:92880	P
UniProtKB	Q6DGU9	gstk1	GO:0004602		7955	gstk1,SO:0001217,zgc:92763	F
UniProtKB	Q6DGU9	gstk1	GO:0004602		7955	gstk1,SO:0001217,zgc:92763	F
UniProtKB	Q6DGU9	gstk1	GO:0098869		7955	gstk1,SO:0001217,zgc:92763	P
UniProtKB	Q6DGU9	gstk1	GO:0098869		7955	gstk1,SO:0001217,zgc:92763	P
UniProtKB	Q6DH06	glrx2	GO:0004362		7955	zgc:92698,glrx2,SO:0001217	F
UniProtKB	Q6DH06	glrx2	GO:0098869		7955	zgc:92698,glrx2,SO:0001217	P
UniProtKB	Q6DHK5	gsto1	GO:0045174		7955	fd58h04,wu:fd58h04,zgc:92254,gsto1,SO:0001217	F
UniProtKB	Q6DHK5	gsto1	GO:0045174		7955	fd58h04,wu:fd58h04,zgc:92254,gsto1,SO:0001217	F
UniProtKB	Q6DHK5	gsto1	GO:0045174		7955	fd58h04,wu:fd58h04,zgc:92254,gsto1,SO:0001217	F
UniProtKB	Q6DHK5	gsto1	GO:0098869		7955	fd58h04,wu:fd58h04,zgc:92254,gsto1,SO:0001217	P
UniProtKB	Q6DHK5	gsto1	GO:0098869		7955	fd58h04,wu:fd58h04,zgc:92254,gsto1,SO:0001217	P
UniProtKB	Q6DHK5	gsto1	GO:0098869		7955	fd58h04,wu:fd58h04,zgc:92254,gsto1,SO:0001217	P
UniProtKB	Q6DHK5	gsto1	GO:0098869		7955	fd58h04,wu:fd58h04,zgc:92254,gsto1,SO:0001217	P
UniProtKB	Q6DHK5	gsto1	GO:0045174		7955	fd58h04,wu:fd58h04,zgc:92254,gsto1,SO:0001217	F
UniProtKB	Q6DHK6	gpx4a	GO:0004601		7955	gpx4a,SO:0001217	F
UniProtKB	Q6DHK6	gpx4a	GO:0004602		7955	gpx4a,SO:0001217	F
UniProtKB	Q6DHK6	gpx4a	GO:0047066		7955	gpx4a,SO:0001217	F
UniProtKB	Q6DHK6	gpx4a	GO:0004602		7955	gpx4a,SO:0001217	F
UniProtKB	Q6DHK6	gpx4a	GO:0004601		7955	gpx4a,SO:0001217	F
UniProtKB	Q6DHK6	gpx4a	GO:0098869		7955	gpx4a,SO:0001217	P
UniProtKB	Q6DHK6	gpx4a	GO:0098869		7955	gpx4a,SO:0001217	P
UniProtKB	Q6DHK6	gpx4a	GO:0098869		7955	gpx4a,SO:0001217	P
UniProtKB	Q6DHK6	gpx4a	GO:0098869		7955	gpx4a,SO:0001217	P
UniProtKB	Q6NUY7	mpx	GO:0004601		7955	mpx,SO:0001217	F
UniProtKB	Q6NUY7	mpx	GO:0004601		7955	mpx,SO:0001217	F
UniProtKB	Q6NUY7	mpx	GO:0004601		7955	mpx,SO:0001217	F
UniProtKB	Q6NUY7	mpx	GO:0004601		7955	mpx,SO:0001217	F
UniProtKB	Q6NUY7	mpx	GO:0098869		7955	mpx,SO:0001217	P
UniProtKB	Q6NUY7	mpx	GO:0098869		7955	mpx,SO:0001217	P
UniProtKB	Q6NUY7	mpx	GO:0098869		7955	mpx,SO:0001217	P
UniProtKB	Q6NUY7	mpx	GO:0098869		7955	mpx,SO:0001217	P
UniProtKB	Q6NV24	prxl2b	GO:0016209		7955	prxl2b,fam213b,zgc:85644	F
UniProtKB	Q6NV24	prxl2b	GO:0098869		7955	prxl2b,fam213b,zgc:85644	P
UniProtKB	Q6NXA6	adh5	GO:0046294		7955	adh5,SO:0001217	P
UniProtKB	Q6NZZ1	zgc:77938	GO:0046294		7955	zgc:77938,SO:0001217	P
UniProtKB	Q6P0S5	adh8a	GO:0046294		7955	adh8a,SO:0001217	P
UniProtKB	Q6P3M0	slc30a1a	GO:0010312		7955	slc30a1,slc30a1a,SO:0001217	P
UniProtKB	Q6P4V3	ptgs2a	GO:0004601		7955	ptgs2a,SO:0001217	F
UniProtKB	Q6P4V3	ptgs2a	GO:0004601		7955	ptgs2a,SO:0001217	F
UniProtKB	Q6P4V3	ptgs2a	GO:0004601		7955	ptgs2a,SO:0001217	F
UniProtKB	Q6P4V3	ptgs2a	GO:0098869		7955	ptgs2a,SO:0001217	P
UniProtKB	Q6P4V3	ptgs2a	GO:0098869		7955	ptgs2a,SO:0001217	P
UniProtKB	Q6P4V3	ptgs2a	GO:0098869		7955	ptgs2a,SO:0001217	P
UniProtKB	Q6P695	slc22a4	GO:0050787		7955	octn1,zgc:66036,slc22a4,SO:0001217	P
UniProtKB	Q6P980	sod2	GO:0004784		7955	sod2,SO:0001217	F
UniProtKB	Q6P980	sod2	GO:0004784		7955	sod2,SO:0001217	F
UniProtKB	Q6P980	sod2	GO:0004784		7955	sod2,SO:0001217	F
UniProtKB	Q6P980	sod2	GO:0004784		7955	sod2,SO:0001217	F
UniProtKB	Q6P980	sod2	GO:0019430		7955	sod2,SO:0001217	P
UniProtKB	Q6PBK9	prdx6	GO:0098869		7955	zgc:73360,prdx6,CH211-246K22.1-001,SO:0001217	P
UniProtKB	Q6PBK9	prdx6	GO:0008379		7955	zgc:73360,prdx6,CH211-246K22.1-001,SO:0001217	F
UniProtKB	Q6PBK9	prdx6	GO:0016209		7955	zgc:73360,prdx6,CH211-246K22.1-001,SO:0001217	F
UniProtKB	Q6PBK9	prdx6	GO:0051920		7955	zgc:73360,prdx6,CH211-246K22.1-001,SO:0001217	F
UniProtKB	Q6PBK9	prdx6	GO:0016209		7955	zgc:73360,prdx6,CH211-246K22.1-001,SO:0001217	F
UniProtKB	Q6PBK9	prdx6	GO:0004601		7955	zgc:73360,prdx6,CH211-246K22.1-001,SO:0001217	F
UniProtKB	Q6PBK9	prdx6	GO:0004601		7955	zgc:73360,prdx6,CH211-246K22.1-001,SO:0001217	F
UniProtKB	Q6PBP3	prxl2a	GO:0016209		7955	prxl2a,fam213a,pamm,zgc:73311	F
UniProtKB	Q6PBP3	prxl2a	GO:0016209		7955	prxl2a,fam213a,pamm,zgc:73311	F
UniProtKB	Q6PBP3	prxl2a	GO:0016209		7955	prxl2a,fam213a,pamm,zgc:73311	F
UniProtKB	Q6PBP3	prxl2a	GO:0098869		7955	prxl2a,fam213a,pamm,zgc:73311	P
UniProtKB	Q6PBP3	prxl2a	GO:0098869		7955	prxl2a,fam213a,pamm,zgc:73311	P
UniProtKB	Q6PBP3	prxl2a	GO:0098869		7955	prxl2a,fam213a,pamm,zgc:73311	P
UniProtKB	Q6PHY8	selenot1b	GO:0004791		7955	selenot1b,selt1b	F
UniProtKB	Q6PHY8	selenot1b	GO:0004791		7955	selenot1b,selt1b	F
UniProtKB	Q6PHY8	selenot1b	GO:0004791		7955	selenot1b,selt1b	F
UniProtKB	Q6PHY8	selenot1b	GO:0098869		7955	selenot1b,selt1b	P
UniProtKB	Q6PHY8	selenot1b	GO:0098869		7955	selenot1b,selt1b	P
UniProtKB	Q6PHY8	selenot1b	GO:0098869		7955	selenot1b,selt1b	P
UniProtKB	Q6ZM12	hbba2	GO:0004601		7955	OTTDARP00000002003,hbba2,SO:0001217,bY187G17.6-001	F
UniProtKB	Q6ZM12	hbba2	GO:0098869		7955	OTTDARP00000002003,hbba2,SO:0001217,bY187G17.6-001	P
UniProtKB	Q6ZM13	hbaa2	GO:0004601		7955	OTTDARP00000002011,si:ch211-5k11.6,si:xx-by187g17.5,hbaa2,SO:0001217,bY187G17.5-001	F
UniProtKB	Q6ZM13	hbaa2	GO:0098869		7955	OTTDARP00000002011,si:ch211-5k11.6,si:xx-by187g17.5,hbaa2,SO:0001217,bY187G17.5-001	P
UniProtKB	Q6ZM17	si:ch211-5k11.8	GO:0004601		7955	si:xx-by187g17.1,bY187G17.1,zgc:198284,si:ch211-5k11.8,SO:0001217	F
UniProtKB	Q6ZM17	si:ch211-5k11.8	GO:0098869		7955	si:xx-by187g17.1,bY187G17.1,zgc:198284,si:ch211-5k11.8,SO:0001217	P
UniProtKB	Q7SY34	adh5l	GO:0046294		7955	adh5l,SO:0001217,zgc:63568	P
UniProtKB	Q7SZR3	mpx	GO:0004601		7955	mpx,SO:0001217	F
UniProtKB	Q7SZR3	mpx	GO:0004601		7955	mpx,SO:0001217	F
UniProtKB	Q7SZR3	mpx	GO:0004601		7955	mpx,SO:0001217	F
UniProtKB	Q7SZR3	mpx	GO:0004601		7955	mpx,SO:0001217	F
UniProtKB	Q7SZR3	mpx	GO:0098869		7955	mpx,SO:0001217	P
UniProtKB	Q7SZR3	mpx	GO:0098869		7955	mpx,SO:0001217	P
UniProtKB	Q7SZR3	mpx	GO:0098869		7955	mpx,SO:0001217	P
UniProtKB	Q7SZR3	mpx	GO:0098869		7955	mpx,SO:0001217	P
UniProtKB	Q7T022	abcc4	GO:0098754		7955	abcc4,SO:0001217,dZ52I16.4-001	P
UniProtKB	Q7T022	abcc4	GO:0098754		7955	abcc4,SO:0001217,dZ52I16.4-001	P
UniProtKB	Q7T1B0	hbbe2	GO:0004601		7955	hbbe2,SO:0001217	F
UniProtKB	Q7T1B0	hbbe2	GO:0098869		7955	hbbe2,SO:0001217	P
UniProtKB	Q7T1B1	hbbe3	GO:0004601		7955	hbbe3,SO:0001217	F
UniProtKB	Q7T1B1	hbbe3	GO:0098869		7955	hbbe3,SO:0001217	P
UniProtKB	Q7T1B2	hbae3	GO:0004601		7955	hbae3,SO:0001217	F
UniProtKB	Q7T1B2	hbae3	GO:0098869		7955	hbae3,SO:0001217	P
UniProtKB	Q7T2C8	txnrd3	GO:0004791		7955	txnrd1,txnrd3,SO:0001217	F
UniProtKB	Q7T2C8	txnrd3	GO:0004362		7955	txnrd1,txnrd3,SO:0001217	F
UniProtKB	Q7T2C8	txnrd3	GO:0004791		7955	txnrd1,txnrd3,SO:0001217	F
UniProtKB	Q7T2C8	txnrd3	GO:0004791		7955	txnrd1,txnrd3,SO:0001217	F
UniProtKB	Q7T2C8	txnrd3	GO:0098869		7955	txnrd1,txnrd3,SO:0001217	P
UniProtKB	Q7T2C8	txnrd3	GO:0098869		7955	txnrd1,txnrd3,SO:0001217	P
UniProtKB	Q7T2C8	txnrd3	GO:0098869		7955	txnrd1,txnrd3,SO:0001217	P
UniProtKB	Q7T2C8	txnrd3	GO:0098869		7955	txnrd1,txnrd3,SO:0001217	P
UniProtKB	Q7T2J4	adh8b	GO:0046294		7955	adh8b,SO:0001217	P
UniProtKB	Q7T2P9	prnpa	GO:0004784		7955	PrP-like,PrP rel-2,PrP-2,PrP3,PrPL-P1-like,prnp,prnpa,SO:0001217	F
UniProtKB	Q7T2P9	prnpa	GO:0019430		7955	PrP-like,PrP rel-2,PrP-2,PrP3,PrPL-P1-like,prnp,prnpa,SO:0001217	P
UniProtKB	Q7T3B7	alox5ap	GO:0004602		7955	zgc:63982,alox5ap,SO:0001217	F
UniProtKB	Q7T3B7	alox5ap	GO:0098869		7955	zgc:63982,alox5ap,SO:0001217	P
UniProtKB	Q7ZT21	hbae1.1	GO:0004601		7955	hba2,HBA2r,HBAA1,LOC100334599,OTTDARP00000001846,SI:dZ118J2.10,SI:dZ118J2.8,dZ118J2.6,hbae1,hbae1.3,si:by119c3.1,si:by119c3.3,si:xx-119c3.3,wu:fa12a11,wu:fb74f06,zgc:86936,hbae1.1,SO:0001217,bY119C3.3-001	F
UniProtKB	Q7ZT21	hbae1.1	GO:0098869		7955	hba2,HBA2r,HBAA1,LOC100334599,OTTDARP00000001846,SI:dZ118J2.10,SI:dZ118J2.8,dZ118J2.6,hbae1,hbae1.3,si:by119c3.1,si:by119c3.3,si:xx-119c3.3,wu:fa12a11,wu:fb74f06,zgc:86936,hbae1.1,SO:0001217,bY119C3.3-001	P
UniProtKB	Q7ZTT1	cat	GO:0004096		7955	cat,SO:0001217	F
UniProtKB	Q7ZTT1	cat	GO:0004601		7955	cat,SO:0001217	F
UniProtKB	Q7ZTT1	cat	GO:0004096		7955	cat,SO:0001217	F
UniProtKB	Q7ZTT1	cat	GO:0004096		7955	cat,SO:0001217	F
UniProtKB	Q7ZTT1	cat	GO:0098869		7955	cat,SO:0001217	P
UniProtKB	Q7ZTT1	cat	GO:0098869		7955	cat,SO:0001217	P
UniProtKB	Q7ZTT1	cat	GO:0098869		7955	cat,SO:0001217	P
UniProtKB	Q7ZTT1	cat	GO:0098869		7955	cat,SO:0001217	P
UniProtKB	Q7ZUC7	ptges2	GO:0004362		7955	ptges2,pges2,ptgesl	F
UniProtKB	Q7ZUC7	ptges2	GO:0098869		7955	ptges2,pges2,ptgesl	P
UniProtKB	Q7ZUH8	mgst3a	GO:0004602		7955	zgc:56518,mgst3,mgst3a,SO:0001217	F
UniProtKB	Q7ZUH8	mgst3a	GO:0098869		7955	zgc:56518,mgst3,mgst3a,SO:0001217	P
UniProtKB	Q7ZV14	gpx8	GO:0004601		7955	gpx8,zgc:56280	F
UniProtKB	Q7ZV14	gpx8	GO:0004602		7955	gpx8,zgc:56280	F
UniProtKB	Q7ZV14	gpx8	GO:0004601		7955	gpx8,zgc:56280	F
UniProtKB	Q7ZV14	gpx8	GO:0004602		7955	gpx8,zgc:56280	F
UniProtKB	Q7ZV14	gpx8	GO:0004602		7955	gpx8,zgc:56280	F
UniProtKB	Q7ZV14	gpx8	GO:0098869		7955	gpx8,zgc:56280	P
UniProtKB	Q7ZV14	gpx8	GO:0098869		7955	gpx8,zgc:56280	P
UniProtKB	Q7ZV14	gpx8	GO:0098869		7955	gpx8,zgc:56280	P
UniProtKB	Q7ZV14	gpx8	GO:0098869		7955	gpx8,zgc:56280	P
UniProtKB	Q7ZV14	gpx8	GO:0098869		7955	gpx8,zgc:56280	P
UniProtKB	Q7ZW23	txnl1	GO:0004791		7955	txnl1,SO:0001217	F
UniProtKB	Q7ZYZ4	hbae3	GO:0004601		7955	globin,fb57a06,si:by119c3.4,wu:fb57a06,zgc:86867,hbae3,SO:0001217,dZ118J2.11-001	F
UniProtKB	Q7ZYZ4	hbae3	GO:0098869		7955	globin,fb57a06,si:by119c3.4,wu:fb57a06,zgc:86867,hbae3,SO:0001217,dZ118J2.11-001	P
UniProtKB	Q800Q8	txnrd3	GO:0004791		7955	txnrd3,SO:0001217	F
UniProtKB	Q800Q8	txnrd3	GO:0098869		7955	txnrd3,SO:0001217	P
UniProtKB	Q802F2	selenot1a	GO:0004791		7955	selenot1a,selt1a,sept1a	F
UniProtKB	Q802F2	selenot1a	GO:0004791		7955	selenot1a,selt1a,sept1a	F
UniProtKB	Q802F2	selenot1a	GO:0004791		7955	selenot1a,selt1a,sept1a	F
UniProtKB	Q802F2	selenot1a	GO:0098869		7955	selenot1a,selt1a,sept1a	P
UniProtKB	Q802F2	selenot1a	GO:0098869		7955	selenot1a,selt1a,sept1a	P
UniProtKB	Q802F2	selenot1a	GO:0098869		7955	selenot1a,selt1a,sept1a	P
UniProtKB	Q802F7	txnrd3	GO:0004791		7955	txnrd3,SO:0001217	F
UniProtKB	Q802F7	txnrd3	GO:0098869		7955	txnrd3,SO:0001217	P
UniProtKB	Q802G1	gpx4b	GO:0004601		7955	gpx4b,SO:0001217	F
UniProtKB	Q802G1	gpx4b	GO:0004602		7955	gpx4b,SO:0001217	F
UniProtKB	Q802G1	gpx4b	GO:0047066		7955	gpx4b,SO:0001217	F
UniProtKB	Q802G1	gpx4b	GO:0004602		7955	gpx4b,SO:0001217	F
UniProtKB	Q802G1	gpx4b	GO:0004601		7955	gpx4b,SO:0001217	F
UniProtKB	Q802G1	gpx4b	GO:0098869		7955	gpx4b,SO:0001217	P
UniProtKB	Q802G1	gpx4b	GO:0098869		7955	gpx4b,SO:0001217	P
UniProtKB	Q802G1	gpx4b	GO:0098869		7955	gpx4b,SO:0001217	P
UniProtKB	Q802G1	gpx4b	GO:0098869		7955	gpx4b,SO:0001217	P
UniProtKB	Q802G2	gpx4a	GO:0004601		7955	gpx4a,SO:0001217	F
UniProtKB	Q802G2	gpx4a	GO:0004602		7955	gpx4a,SO:0001217	F
UniProtKB	Q802G2	gpx4a	GO:0047066		7955	gpx4a,SO:0001217	F
UniProtKB	Q802G2	gpx4a	GO:0004602		7955	gpx4a,SO:0001217	F
UniProtKB	Q802G2	gpx4a	GO:0004601		7955	gpx4a,SO:0001217	F
UniProtKB	Q802G2	gpx4a	GO:0098869		7955	gpx4a,SO:0001217	P
UniProtKB	Q802G2	gpx4a	GO:0098869		7955	gpx4a,SO:0001217	P
UniProtKB	Q802G2	gpx4a	GO:0098869		7955	gpx4a,SO:0001217	P
UniProtKB	Q802G2	gpx4a	GO:0098869		7955	gpx4a,SO:0001217	P
UniProtKB	Q802G3	gpx1a	GO:0004601		7955	gpx1a,SO:0001217	F
UniProtKB	Q802G3	gpx1a	GO:0004602		7955	gpx1a,SO:0001217	F
UniProtKB	Q802G3	gpx1a	GO:0004602		7955	gpx1a,SO:0001217	F
UniProtKB	Q802G3	gpx1a	GO:0004601		7955	gpx1a,SO:0001217	F
UniProtKB	Q802G3	gpx1a	GO:0098869		7955	gpx1a,SO:0001217	P
UniProtKB	Q802G3	gpx1a	GO:0098869		7955	gpx1a,SO:0001217	P
UniProtKB	Q802G3	gpx1a	GO:0098869		7955	gpx1a,SO:0001217	P
UniProtKB	Q802G3	gpx1a	GO:0098869		7955	gpx1a,SO:0001217	P
UniProtKB	Q8JH36	vtg1	GO:0016209		7955	vtg1,SO:0001217	F
UniProtKB	Q8JH36	vtg1	GO:0098869		7955	vtg1,SO:0001217	P
UniProtKB	Q8JH37	vtg1	GO:0016209		7955	vg1,vtg1,SO:0001217	F
UniProtKB	Q8JH37	vtg1	GO:0098869		7955	vg1,vtg1,SO:0001217	P
UniProtKB	Q8JH43	ptgs2a	GO:0004601		7955	fj02a10,ptgs2,unp1239,wu:fj02a10,zCOX-2,ptgs2a,SO:0001217	F
UniProtKB	Q8JH43	ptgs2a	GO:0004601		7955	fj02a10,ptgs2,unp1239,wu:fj02a10,zCOX-2,ptgs2a,SO:0001217	F
UniProtKB	Q8JH43	ptgs2a	GO:0004601		7955	fj02a10,ptgs2,unp1239,wu:fj02a10,zCOX-2,ptgs2a,SO:0001217	F
UniProtKB	Q8JH43	ptgs2a	GO:0098869		7955	fj02a10,ptgs2,unp1239,wu:fj02a10,zCOX-2,ptgs2a,SO:0001217	P
UniProtKB	Q8JH43	ptgs2a	GO:0098869		7955	fj02a10,ptgs2,unp1239,wu:fj02a10,zCOX-2,ptgs2a,SO:0001217	P
UniProtKB	Q8JH43	ptgs2a	GO:0098869		7955	fj02a10,ptgs2,unp1239,wu:fj02a10,zCOX-2,ptgs2a,SO:0001217	P
UniProtKB	Q8JH44	ptgs1	GO:0004601		7955	cox1,zCOX-1,ptgs1,SO:0001217	F
UniProtKB	Q8JH44	ptgs1	GO:0004601		7955	cox1,zCOX-1,ptgs1,SO:0001217	F
UniProtKB	Q8JH44	ptgs1	GO:0004601		7955	cox1,zCOX-1,ptgs1,SO:0001217	F
UniProtKB	Q8JH44	ptgs1	GO:0098869		7955	cox1,zCOX-1,ptgs1,SO:0001217	P
UniProtKB	Q8JH44	ptgs1	GO:0098869		7955	cox1,zCOX-1,ptgs1,SO:0001217	P
UniProtKB	Q8JH44	ptgs1	GO:0098869		7955	cox1,zCOX-1,ptgs1,SO:0001217	P
UniProtKB	Q8QFL6	abcc4	GO:0098754		7955	dZ52I16.4,MRP,cb1019,si:busm1-52i16.4,si:dz202l16.5,si:dz52i16.4,abcc4,SO:0001217,dZ52I16.4-001	P
UniProtKB	Q8QFL6	abcc4	GO:0098754		7955	dZ52I16.4,MRP,cb1019,si:busm1-52i16.4,si:dz202l16.5,si:dz52i16.4,abcc4,SO:0001217,dZ52I16.4-001	P
UniProtKB	Q90485	ba2	GO:0004601		7955	ba2,ba2l,si:dz118j2.1,si:dz118j2.3,zgc:92900	F
UniProtKB	Q90485	ba2	GO:0098869		7955	ba2,ba2l,si:dz118j2.1,si:dz118j2.3,zgc:92900	P
UniProtKB	Q90486	ba1	GO:0004601		7955	ba1,ba1l,si:by187g17.2,si:by187g17.4,zgc:123164	F
UniProtKB	Q90486	ba1	GO:0098869		7955	ba1,ba1l,si:by187g17.2,si:by187g17.4,zgc:123164	P
UniProtKB	Q90487	hbaa1	GO:0004601		7955	hbaa1	F
UniProtKB	Q90487	hbaa1	GO:0098869		7955	hbaa1	P
UniProtKB	Q90WB2	mpx	GO:0004601		7955	mpx,SO:0001217	F
UniProtKB	Q90WB2	mpx	GO:0004601		7955	mpx,SO:0001217	F
UniProtKB	Q90WB2	mpx	GO:0004601		7955	mpx,SO:0001217	F
UniProtKB	Q90WB2	mpx	GO:0004601		7955	mpx,SO:0001217	F
UniProtKB	Q90WB2	mpx	GO:0098869		7955	mpx,SO:0001217	P
UniProtKB	Q90WB2	mpx	GO:0098869		7955	mpx,SO:0001217	P
UniProtKB	Q90WB2	mpx	GO:0098869		7955	mpx,SO:0001217	P
UniProtKB	Q90WB2	mpx	GO:0098869		7955	mpx,SO:0001217	P
UniProtKB	Q90WB3	mpx	GO:0004601		7955	mpx,SO:0001217	F
UniProtKB	Q90WB3	mpx	GO:0004601		7955	mpx,SO:0001217	F
UniProtKB	Q90WB3	mpx	GO:0004601		7955	mpx,SO:0001217	F
UniProtKB	Q90WB3	mpx	GO:0004601		7955	mpx,SO:0001217	F
UniProtKB	Q90WB3	mpx	GO:0098869		7955	mpx,SO:0001217	P
UniProtKB	Q90WB3	mpx	GO:0098869		7955	mpx,SO:0001217	P
UniProtKB	Q90WB3	mpx	GO:0098869		7955	mpx,SO:0001217	P
UniProtKB	Q90WB3	mpx	GO:0098869		7955	mpx,SO:0001217	P
UniProtKB	Q90WB4	mpx	GO:0004601		7955	mpx,SO:0001217	F
UniProtKB	Q90WB4	mpx	GO:0004601		7955	mpx,SO:0001217	F
UniProtKB	Q90WB4	mpx	GO:0004601		7955	mpx,SO:0001217	F
UniProtKB	Q90WB4	mpx	GO:0004601		7955	mpx,SO:0001217	F
UniProtKB	Q90WB4	mpx	GO:0098869		7955	mpx,SO:0001217	P
UniProtKB	Q90WB4	mpx	GO:0098869		7955	mpx,SO:0001217	P
UniProtKB	Q90WB4	mpx	GO:0098869		7955	mpx,SO:0001217	P
UniProtKB	Q90WB4	mpx	GO:0098869		7955	mpx,SO:0001217	P
UniProtKB	Q90XD4	adh5	GO:0046294		7955	ADH3,adh5,SO:0001217	P
UniProtKB	Q90XS6	mpx	GO:0004601		7955	mpx,SO:0001217	F
UniProtKB	Q90XS6	mpx	GO:0004601		7955	mpx,SO:0001217	F
UniProtKB	Q90XS6	mpx	GO:0004601		7955	mpx,SO:0001217	F
UniProtKB	Q90XS6	mpx	GO:0004601		7955	mpx,SO:0001217	F
UniProtKB	Q90XS6	mpx	GO:0098869		7955	mpx,SO:0001217	P
UniProtKB	Q90XS6	mpx	GO:0098869		7955	mpx,SO:0001217	P
UniProtKB	Q90XS6	mpx	GO:0098869		7955	mpx,SO:0001217	P
UniProtKB	Q90XS6	mpx	GO:0098869		7955	mpx,SO:0001217	P
UniProtKB	Q90Y38	adh8a	GO:0046294		7955	ADH,adh8a,SO:0001217	P
UniProtKB	Q90YN8	vtg1	GO:0016209		7955	vg1,vtg1,SO:0001217	F
UniProtKB	Q90YN8	vtg1	GO:0098869		7955	vg1,vtg1,SO:0001217	P
UniProtKB	Q90Z78	mpx	GO:0004601		7955	mpx,SO:0001217	F
UniProtKB	Q90Z78	mpx	GO:0004601		7955	mpx,SO:0001217	F
UniProtKB	Q90Z78	mpx	GO:0004601		7955	mpx,SO:0001217	F
UniProtKB	Q90Z78	mpx	GO:0004601		7955	mpx,SO:0001217	F
UniProtKB	Q90Z78	mpx	GO:0098869		7955	mpx,SO:0001217	P
UniProtKB	Q90Z78	mpx	GO:0098869		7955	mpx,SO:0001217	P
UniProtKB	Q90Z78	mpx	GO:0098869		7955	mpx,SO:0001217	P
UniProtKB	Q90Z78	mpx	GO:0098869		7955	mpx,SO:0001217	P
UniProtKB	Q9PT92	cat	GO:0004096		7955	cat	F
UniProtKB	Q9PT92	cat	GO:0004096		7955	cat	F
UniProtKB	Q9PT92	cat	GO:0004601		7955	cat	F
UniProtKB	Q9PT92	cat	GO:0004096		7955	cat	F
UniProtKB	Q9PT92	cat	GO:0004096		7955	cat	F
UniProtKB	Q9PT92	cat	GO:0098869		7955	cat	P
UniProtKB	Q9PT92	cat	GO:0098869		7955	cat	P
UniProtKB	Q9PT92	cat	GO:0098869		7955	cat	P
UniProtKB	Q9PT92	cat	GO:0098869		7955	cat	P
UniProtKB	Q9PT92	cat	GO:0098869		7955	cat	P
UniProtKB	U3JAW1	gpx9	GO:0004601		7955	si:ch73-111m19.2,gpx9,SO:0001217	F
UniProtKB	U3JAW1	gpx9	GO:0004602		7955	si:ch73-111m19.2,gpx9,SO:0001217	F
UniProtKB	U3JAW1	gpx9	GO:0004602		7955	si:ch73-111m19.2,gpx9,SO:0001217	F
UniProtKB	U3JAW1	gpx9	GO:0004601		7955	si:ch73-111m19.2,gpx9,SO:0001217	F
UniProtKB	U3JAW1	gpx9	GO:0098869		7955	si:ch73-111m19.2,gpx9,SO:0001217	P
UniProtKB	U3JAW1	gpx9	GO:0098869		7955	si:ch73-111m19.2,gpx9,SO:0001217	P
UniProtKB	U3JAW1	gpx9	GO:0098869		7955	si:ch73-111m19.2,gpx9,SO:0001217	P
UniProtKB	U3JAW1	gpx9	GO:0098869		7955	si:ch73-111m19.2,gpx9,SO:0001217	P
UniProtKB	U3MYZ9	slc47a2.1	GO:1990961		7955	mate3,slc47a2,slc47a2.1,SO:0001217	P
UniProtKB	U3PTD6	slc47a4	GO:1990961		7955	mate7,si:dkey-175a17.4,slc47a4,SO:0001217	P
UniProtKB	U3Q0C3	slc47a2.2	GO:1990961		7955	mate4,slc47a2.2,SO:0001217	P
UniProtKB	X1WEU3	slc47a3	GO:1990961		7955	mate5,si:dkey-175a17.3,slc47a3,SO:0001217	P
UniProtKB	X1WFB1	hbae3	GO:0004601		7955	hbae3,SO:0001217	F
UniProtKB	X1WFB1	hbae3	GO:0098869		7955	hbae3,SO:0001217	P
UniProtKB	A0A0K3AUJ9	prdx-2	GO:0016209		6239	prdx-2,prx2,tag-56,F09E5.15	F
UniProtKB	A0A0K3AUJ9	prdx-2	GO:0051920		6239	prdx-2,prx2,tag-56,F09E5.15	F
UniProtKB	A0A0K3AUJ9	prdx-2	GO:0016209		6239	prdx-2,prx2,tag-56,F09E5.15	F
UniProtKB	A0A0K3AUJ9	prdx-2	GO:0004601		6239	prdx-2,prx2,tag-56,F09E5.15	F
UniProtKB	A0A0K3AUJ9	prdx-2	GO:0051920		6239	prdx-2,prx2,tag-56,F09E5.15	F
UniProtKB	A0A0K3AUJ9	prdx-2	GO:0008379		6239	prdx-2,prx2,tag-56,F09E5.15	F
UniProtKB	A0A0K3AUJ9	prdx-2	GO:0098869		6239	prdx-2,prx2,tag-56,F09E5.15	P
UniProtKB	A0A0K3AUJ9	prdx-2	GO:0098869		6239	prdx-2,prx2,tag-56,F09E5.15	P
UniProtKB	A0A0K3AUJ9	prdx-2	GO:0098869		6239	prdx-2,prx2,tag-56,F09E5.15	P
UniProtKB	A0A0K3AUJ9	prdx-2	GO:0098869		6239	prdx-2,prx2,tag-56,F09E5.15	P
UniProtKB	A0A0K3AUJ9	prdx-2	GO:0098869		6239	prdx-2,prx2,tag-56,F09E5.15	P
UniProtKB	A0A0K3AUJ9	prdx-2	GO:0098869		6239	prdx-2,prx2,tag-56,F09E5.15	P
UniProtKB	A5JYS0	pcs-1	GO:0098849		6239	pcs-1,F54D5.1	P
UniProtKB	A5JYS0	pcs-1	GO:0010273		6239	pcs-1,F54D5.1	P
UniProtKB	A5JYS0	pcs-1	GO:0050787		6239	pcs-1,F54D5.1	P
UniProtKB	A5JYS0	pcs-1	GO:0010273		6239	pcs-1,F54D5.1	P
UniProtKB	A5JYS0	pcs-1	GO:0071585		6239	pcs-1,F54D5.1	P
UniProtKB	A5JYS0	pcs-1	GO:0010273		6239	pcs-1,F54D5.1	P
UniProtKB	A5JYS0	pcs-1	GO:0071585		6239	pcs-1,F54D5.1	P
UniProtKB	A5JYS0	pcs-1	GO:0071585		6239	pcs-1,F54D5.1	P
UniProtKB	A5JYS0	pcs-1	GO:0010312		6239	pcs-1,F54D5.1	P
UniProtKB	A5JYS0	pcs-1	GO:0071585		6239	pcs-1,F54D5.1	P
UniProtKB	A8WFK6	gpx-7	GO:0004601		6239	gpx-7,CELE_R03G5.5,R03G5.5	F
UniProtKB	A8WFK6	gpx-7	GO:0004602		6239	gpx-7,CELE_R03G5.5,R03G5.5	F
UniProtKB	A8WFK6	gpx-7	GO:0004601		6239	gpx-7,CELE_R03G5.5,R03G5.5	F
UniProtKB	A8WFK6	gpx-7	GO:0098869		6239	gpx-7,CELE_R03G5.5,R03G5.5	P
UniProtKB	A8WFK6	gpx-7	GO:0098869		6239	gpx-7,CELE_R03G5.5,R03G5.5	P
UniProtKB	A8WFK6	gpx-7	GO:0098869		6239	gpx-7,CELE_R03G5.5,R03G5.5	P
UniProtKB	A8WFK7	gpx-7	GO:0004601		6239	gpx-7,CELE_R03G5.5,R03G5.5	F
UniProtKB	A8WFK7	gpx-7	GO:0004602		6239	gpx-7,CELE_R03G5.5,R03G5.5	F
UniProtKB	A8WFK7	gpx-7	GO:0004601		6239	gpx-7,CELE_R03G5.5,R03G5.5	F
UniProtKB	A8WFK7	gpx-7	GO:0098869		6239	gpx-7,CELE_R03G5.5,R03G5.5	P
UniProtKB	A8WFK7	gpx-7	GO:0098869		6239	gpx-7,CELE_R03G5.5,R03G5.5	P
UniProtKB	A8WFK7	gpx-7	GO:0098869		6239	gpx-7,CELE_R03G5.5,R03G5.5	P
UniProtKB	D7SFI3	C02D5.4	GO:0045174		6239	C02D5.4,CELE_C02D5.4	F
UniProtKB	D7SFI3	C02D5.4	GO:0045174		6239	C02D5.4,CELE_C02D5.4	F
UniProtKB	D7SFI3	C02D5.4	GO:0098869		6239	C02D5.4,CELE_C02D5.4	P
UniProtKB	D7SFI3	C02D5.4	GO:0098869		6239	C02D5.4,CELE_C02D5.4	P
UniProtKB	D7SFI3	C02D5.4	GO:0098869		6239	C02D5.4,CELE_C02D5.4	P
UniProtKB	D7SFI3	C02D5.4	GO:0045174		6239	C02D5.4,CELE_C02D5.4	F
UniProtKB	G5ECK5	CELE_T06D8.10	GO:0004601		6239	CELE_T06D8.10,T06D8.10	F
UniProtKB	G5ECK5	CELE_T06D8.10	GO:0004601		6239	CELE_T06D8.10,T06D8.10	F
UniProtKB	G5ECK5	CELE_T06D8.10	GO:0098869		6239	CELE_T06D8.10,T06D8.10	P
UniProtKB	G5ECK5	CELE_T06D8.10	GO:0098869		6239	CELE_T06D8.10,T06D8.10	P
UniProtKB	G5ECR5	sod-4	GO:0016209		6239	sod-4,SOD4-2,CELE_F55H2.1,F55H2.1	F
UniProtKB	G5ECR5	sod-4	GO:0004784		6239	sod-4,SOD4-2,CELE_F55H2.1,F55H2.1	F
UniProtKB	G5ECR5	sod-4	GO:0004784		6239	sod-4,SOD4-2,CELE_F55H2.1,F55H2.1	F
UniProtKB	G5ECR5	sod-4	GO:0098869		6239	sod-4,SOD4-2,CELE_F55H2.1,F55H2.1	P
UniProtKB	G5ECR5	sod-4	GO:0019430		6239	sod-4,SOD4-2,CELE_F55H2.1,F55H2.1	P
UniProtKB	G5ECR5	sod-4	GO:0019430		6239	sod-4,SOD4-2,CELE_F55H2.1,F55H2.1	P
UniProtKB	G5EES9	txl-1	GO:0004791		6239	txl-1,txl,CELE_Y54E10A.3,Y54E10A.3	F
UniProtKB	G5EF86	CELE_Y48G10A.1	GO:0046294		6239	CELE_Y48G10A.1,Y48G10A.1	P
UniProtKB	G5EFD4	hmt-1	GO:0098849		6239	hmt-1,W09D6.6	P
UniProtKB	G5EFD4	hmt-1	GO:0010273		6239	hmt-1,W09D6.6	P
UniProtKB	G5EFD4	hmt-1	GO:0010273		6239	hmt-1,W09D6.6	P
UniProtKB	G5EFD4	hmt-1	GO:0071585		6239	hmt-1,W09D6.6	P
UniProtKB	G5EG78	pxn-2	GO:0004601		6239	pxn-2,K09C8.5	F
UniProtKB	G5EG78	pxn-2	GO:0004601		6239	pxn-2,K09C8.5	F
UniProtKB	G5EG78	pxn-2	GO:0004601		6239	pxn-2,K09C8.5	F
UniProtKB	G5EG78	pxn-2	GO:0098869		6239	pxn-2,K09C8.5	P
UniProtKB	G5EG78	pxn-2	GO:0098869		6239	pxn-2,K09C8.5	P
UniProtKB	G5EG78	pxn-2	GO:0098869		6239	pxn-2,K09C8.5	P
UniProtKB	H2KYJ6	gpx-6	GO:0004601		6239	gpx-6,CELE_T09A12.2,T09A12.2	F
UniProtKB	H2KYJ6	gpx-6	GO:0004602		6239	gpx-6,CELE_T09A12.2,T09A12.2	F
UniProtKB	H2KYJ6	gpx-6	GO:0004601		6239	gpx-6,CELE_T09A12.2,T09A12.2	F
UniProtKB	H2KYJ6	gpx-6	GO:0098869		6239	gpx-6,CELE_T09A12.2,T09A12.2	P
UniProtKB	H2KYJ6	gpx-6	GO:0098869		6239	gpx-6,CELE_T09A12.2,T09A12.2	P
UniProtKB	H2KYJ6	gpx-6	GO:0098869		6239	gpx-6,CELE_T09A12.2,T09A12.2	P
UniProtKB	H2KZ53	skpo-3	GO:0004601		6239	skpo-3,CELE_F32A5.2,F32A5.2	F
UniProtKB	H2KZ53	skpo-3	GO:0004601		6239	skpo-3,CELE_F32A5.2,F32A5.2	F
UniProtKB	H2KZ53	skpo-3	GO:0098869		6239	skpo-3,CELE_F32A5.2,F32A5.2	P
UniProtKB	H2KZ53	skpo-3	GO:0098869		6239	skpo-3,CELE_F32A5.2,F32A5.2	P
UniProtKB	O01795	duox-2	GO:0004601		6239	duox-2,CELE_F53G12.3,F53G12.3	F
UniProtKB	O01795	duox-2	GO:0098869		6239	duox-2,CELE_F53G12.3,F53G12.3	P
UniProtKB	O01892	CELE_R08F11.7	GO:0004601		6239	CELE_R08F11.7,R08F11.7	F
UniProtKB	O01892	CELE_R08F11.7	GO:0004601		6239	CELE_R08F11.7,R08F11.7	F
UniProtKB	O01892	CELE_R08F11.7	GO:0098869		6239	CELE_R08F11.7,R08F11.7	P
UniProtKB	O01892	CELE_R08F11.7	GO:0098869		6239	CELE_R08F11.7,R08F11.7	P
UniProtKB	O02621	gpx-1	GO:0004601		6239	gpx-1,F26E4.12	F
UniProtKB	O02621	gpx-1	GO:0004602		6239	gpx-1,F26E4.12	F
UniProtKB	O02621	gpx-1	GO:0004601		6239	gpx-1,F26E4.12	F
UniProtKB	O02621	gpx-1	GO:0004602		6239	gpx-1,F26E4.12	F
UniProtKB	O02621	gpx-1	GO:0047066		6239	gpx-1,F26E4.12	F
UniProtKB	O02621	gpx-1	GO:0004602		6239	gpx-1,F26E4.12	F
UniProtKB	O02621	gpx-1	GO:0098869		6239	gpx-1,F26E4.12	P
UniProtKB	O02621	gpx-1	GO:0098869		6239	gpx-1,F26E4.12	P
UniProtKB	O02621	gpx-1	GO:0098869		6239	gpx-1,F26E4.12	P
UniProtKB	O02621	gpx-1	GO:0098869		6239	gpx-1,F26E4.12	P
UniProtKB	O02621	gpx-1	GO:0098869		6239	gpx-1,F26E4.12	P
UniProtKB	O17234	gsto-3	GO:0045174		6239	gsto-3,CELE_K10F12.4,K10F12.4	F
UniProtKB	O17234	gsto-3	GO:0098869		6239	gsto-3,CELE_K10F12.4,K10F12.4	P
UniProtKB	O17234	gsto-3	GO:0098869		6239	gsto-3,CELE_K10F12.4,K10F12.4	P
UniProtKB	O17234	gsto-3	GO:0045174		6239	gsto-3,CELE_K10F12.4,K10F12.4	F
UniProtKB	O17241	CELE_K10B4.1	GO:0004601		6239	CELE_K10B4.1,K10B4.1	F
UniProtKB	O17241	CELE_K10B4.1	GO:0004601		6239	CELE_K10B4.1,K10B4.1	F
UniProtKB	O17241	CELE_K10B4.1	GO:0098869		6239	CELE_K10B4.1,K10B4.1	P
UniProtKB	O17241	CELE_K10B4.1	GO:0098869		6239	CELE_K10B4.1,K10B4.1	P
UniProtKB	O45352	gst-44	GO:0045174		6239	gst-44,CELE_F13A7.10,F13A7.10	F
UniProtKB	O45352	gst-44	GO:0045174		6239	gst-44,CELE_F13A7.10,F13A7.10	F
UniProtKB	O45352	gst-44	GO:0098869		6239	gst-44,CELE_F13A7.10,F13A7.10	P
UniProtKB	O45352	gst-44	GO:0098869		6239	gst-44,CELE_F13A7.10,F13A7.10	P
UniProtKB	O45352	gst-44	GO:0098869		6239	gst-44,CELE_F13A7.10,F13A7.10	P
UniProtKB	O45352	gst-44	GO:0045174		6239	gst-44,CELE_F13A7.10,F13A7.10	F
UniProtKB	O61213	bli-3	GO:0004601		6239	bli-3,F56C11.1	F
UniProtKB	O61213	bli-3	GO:0004601		6239	bli-3,F56C11.1	F
UniProtKB	O61213	bli-3	GO:0004601		6239	bli-3,F56C11.1	F
UniProtKB	O61213	bli-3	GO:0004601		6239	bli-3,F56C11.1	F
UniProtKB	O61213	bli-3	GO:0098869		6239	bli-3,F56C11.1	P
UniProtKB	O61213	bli-3	GO:0098869		6239	bli-3,F56C11.1	P
UniProtKB	O61213	bli-3	GO:0098869		6239	bli-3,F56C11.1	P
UniProtKB	O61213	bli-3	GO:0098869		6239	bli-3,F56C11.1	P
UniProtKB	O61235	ctl-1	GO:0004096		6239	ctl-1,cat-2,Y54G11A.6	F
UniProtKB	O61235	ctl-1	GO:0004096		6239	ctl-1,cat-2,Y54G11A.6	F
UniProtKB	O61235	ctl-1	GO:0004601		6239	ctl-1,cat-2,Y54G11A.6	F
UniProtKB	O61235	ctl-1	GO:0004096		6239	ctl-1,cat-2,Y54G11A.6	F
UniProtKB	O61235	ctl-1	GO:0004096		6239	ctl-1,cat-2,Y54G11A.6	F
UniProtKB	O61235	ctl-1	GO:0004096		6239	ctl-1,cat-2,Y54G11A.6	F
UniProtKB	O61235	ctl-1	GO:0098869		6239	ctl-1,cat-2,Y54G11A.6	P
UniProtKB	O61235	ctl-1	GO:0098869		6239	ctl-1,cat-2,Y54G11A.6	P
UniProtKB	O61235	ctl-1	GO:0098869		6239	ctl-1,cat-2,Y54G11A.6	P
UniProtKB	O61235	ctl-1	GO:0098869		6239	ctl-1,cat-2,Y54G11A.6	P
UniProtKB	O61235	ctl-1	GO:0098869		6239	ctl-1,cat-2,Y54G11A.6	P
UniProtKB	O61235	ctl-1	GO:0098869		6239	ctl-1,cat-2,Y54G11A.6	P
UniProtKB	O62327	gpx-2	GO:0004601		6239	gpx-2,R05H10.5	F
UniProtKB	O62327	gpx-2	GO:0004602		6239	gpx-2,R05H10.5	F
UniProtKB	O62327	gpx-2	GO:0004601		6239	gpx-2,R05H10.5	F
UniProtKB	O62327	gpx-2	GO:0004602		6239	gpx-2,R05H10.5	F
UniProtKB	O62327	gpx-2	GO:0004602		6239	gpx-2,R05H10.5	F
UniProtKB	O62327	gpx-2	GO:0098869		6239	gpx-2,R05H10.5	P
UniProtKB	O62327	gpx-2	GO:0098869		6239	gpx-2,R05H10.5	P
UniProtKB	O62327	gpx-2	GO:0098869		6239	gpx-2,R05H10.5	P
UniProtKB	O62327	gpx-2	GO:0098869		6239	gpx-2,R05H10.5	P
UniProtKB	O62327	gpx-2	GO:0098869		6239	gpx-2,R05H10.5	P
UniProtKB	P30632	asna-1	GO:0071722		6239	asna-1,tag-205,ZK637.5	P
UniProtKB	P30635	trxr-2	GO:0004791		6239	trxr-2,ZK637.10	F
UniProtKB	P30635	trxr-2	GO:0004791		6239	trxr-2,ZK637.10	F
UniProtKB	P30635	trxr-2	GO:0004362		6239	trxr-2,ZK637.10	F
UniProtKB	P30635	trxr-2	GO:0004791		6239	trxr-2,ZK637.10	F
UniProtKB	P30635	trxr-2	GO:0004362		6239	trxr-2,ZK637.10	F
UniProtKB	P30635	trxr-2	GO:0098869		6239	trxr-2,ZK637.10	P
UniProtKB	P30635	trxr-2	GO:0098869		6239	trxr-2,ZK637.10	P
UniProtKB	P30635	trxr-2	GO:0098869		6239	trxr-2,ZK637.10	P
UniProtKB	P30635	trxr-2	GO:0098869		6239	trxr-2,ZK637.10	P
UniProtKB	P30635	trxr-2	GO:0098869		6239	trxr-2,ZK637.10	P
UniProtKB	P31161	sod-2	GO:0004784		6239	sod-2,sdm-1,F10D11.1	F
UniProtKB	P31161	sod-2	GO:0004784		6239	sod-2,sdm-1,F10D11.1	F
UniProtKB	P31161	sod-2	GO:0004784		6239	sod-2,sdm-1,F10D11.1	F
UniProtKB	P31161	sod-2	GO:0004784		6239	sod-2,sdm-1,F10D11.1	F
UniProtKB	P31161	sod-2	GO:0019430		6239	sod-2,sdm-1,F10D11.1	P
UniProtKB	P31161	sod-2	GO:0004784		6239	sod-2,sdm-1,F10D11.1	F
UniProtKB	P34277	gsto-2	GO:0045174		6239	gsto-2,C02D5.3	F
UniProtKB	P34277	gsto-2	GO:0045174		6239	gsto-2,C02D5.3	F
UniProtKB	P34277	gsto-2	GO:0045174		6239	gsto-2,C02D5.3	F
UniProtKB	P34277	gsto-2	GO:0098869		6239	gsto-2,C02D5.3	P
UniProtKB	P34277	gsto-2	GO:0098869		6239	gsto-2,C02D5.3	P
UniProtKB	P34277	gsto-2	GO:0098869		6239	gsto-2,C02D5.3	P
UniProtKB	P34277	gsto-2	GO:0098869		6239	gsto-2,C02D5.3	P
UniProtKB	P34277	gsto-2	GO:0045174		6239	gsto-2,C02D5.3	F
UniProtKB	P34345	gsto-1	GO:0045174		6239	gsto-1,C29E4.7	F
UniProtKB	P34345	gsto-1	GO:0045174		6239	gsto-1,C29E4.7	F
UniProtKB	P34345	gsto-1	GO:0045174		6239	gsto-1,C29E4.7	F
UniProtKB	P34345	gsto-1	GO:0045174		6239	gsto-1,C29E4.7	F
UniProtKB	P34345	gsto-1	GO:0098869		6239	gsto-1,C29E4.7	P
UniProtKB	P34345	gsto-1	GO:0098869		6239	gsto-1,C29E4.7	P
UniProtKB	P34345	gsto-1	GO:0098869		6239	gsto-1,C29E4.7	P
UniProtKB	P34345	gsto-1	GO:0098869		6239	gsto-1,C29E4.7	P
UniProtKB	P34345	gsto-1	GO:0098869		6239	gsto-1,C29E4.7	P
UniProtKB	P34345	gsto-1	GO:0098869		6239	gsto-1,C29E4.7	P
UniProtKB	P34345	gsto-1	GO:0045174		6239	gsto-1,C29E4.7	F
UniProtKB	P34345	gsto-1	GO:0045174		6239	gsto-1,C29E4.7	F
UniProtKB	P34461	sod-4	GO:0019430		6239	sod-4,F55H2.1	P
UniProtKB	P34461	sod-4	GO:0004784		6239	sod-4,F55H2.1	F
UniProtKB	P34461	sod-4	GO:0016209		6239	sod-4,F55H2.1	F
UniProtKB	P34461	sod-4	GO:0004784		6239	sod-4,F55H2.1	F
UniProtKB	P34461	sod-4	GO:0004784		6239	sod-4,F55H2.1	F
UniProtKB	P34461	sod-4	GO:0004784		6239	sod-4,F55H2.1	F
UniProtKB	P34697	sod-1	GO:0019430		6239	sod-1,C15F1.7	P
UniProtKB	P34697	sod-1	GO:0004784		6239	sod-1,C15F1.7	F
UniProtKB	P34697	sod-1	GO:0016209		6239	sod-1,C15F1.7	F
UniProtKB	P34697	sod-1	GO:0004784		6239	sod-1,C15F1.7	F
UniProtKB	P34697	sod-1	GO:0004784		6239	sod-1,C15F1.7	F
UniProtKB	P34697	sod-1	GO:0019430		6239	sod-1,C15F1.7	P
UniProtKB	P34697	sod-1	GO:0004784		6239	sod-1,C15F1.7	F
UniProtKB	P34697	sod-1	GO:0004784		6239	sod-1,C15F1.7	F
UniProtKB	P34697	sod-1	GO:0004784		6239	sod-1,C15F1.7	F
UniProtKB	P41977	sod-3	GO:0004784		6239	sod-3,C08A9.1	F
UniProtKB	P41977	sod-3	GO:0004784		6239	sod-3,C08A9.1	F
UniProtKB	P41977	sod-3	GO:0004784		6239	sod-3,C08A9.1	F
UniProtKB	P41977	sod-3	GO:0004784		6239	sod-3,C08A9.1	F
UniProtKB	P41977	sod-3	GO:0019430		6239	sod-3,C08A9.1	P
UniProtKB	P41977	sod-3	GO:0004784		6239	sod-3,C08A9.1	F
UniProtKB	P90820	hpx-2	GO:0004601		6239	hpx-2,F09F3.5	F
UniProtKB	P90820	hpx-2	GO:0004601		6239	hpx-2,F09F3.5	F
UniProtKB	P90820	hpx-2	GO:0004601		6239	hpx-2,F09F3.5	F
UniProtKB	P90820	hpx-2	GO:0098869		6239	hpx-2,F09F3.5	P
UniProtKB	P90820	hpx-2	GO:0098869		6239	hpx-2,F09F3.5	P
UniProtKB	P90820	hpx-2	GO:0098869		6239	hpx-2,F09F3.5	P
UniProtKB	P91060	skpo-2	GO:0004601		6239	skpo-2,C16C8.2,CELE_C16C8.2	F
UniProtKB	P91060	skpo-2	GO:0004601		6239	skpo-2,C16C8.2,CELE_C16C8.2	F
UniProtKB	P91060	skpo-2	GO:0004601		6239	skpo-2,C16C8.2,CELE_C16C8.2	F
UniProtKB	P91060	skpo-2	GO:0098869		6239	skpo-2,C16C8.2,CELE_C16C8.2	P
UniProtKB	P91060	skpo-2	GO:0098869		6239	skpo-2,C16C8.2,CELE_C16C8.2	P
UniProtKB	P91060	skpo-2	GO:0098869		6239	skpo-2,C16C8.2,CELE_C16C8.2	P
UniProtKB	Q09607	gst-36	GO:0004602		6239	gst-36,R07B1.4	F
UniProtKB	Q09607	gst-36	GO:0098869		6239	gst-36,R07B1.4	P
UniProtKB	Q09652	gstk-1	GO:0004602		6239	gstk-1,ZK1320.1	F
UniProtKB	Q09652	gstk-1	GO:0004602		6239	gstk-1,ZK1320.1	F
UniProtKB	Q09652	gstk-1	GO:0098869		6239	gstk-1,ZK1320.1	P
UniProtKB	Q09652	gstk-1	GO:0098869		6239	gstk-1,ZK1320.1	P
UniProtKB	Q17335	H24K24.3	GO:0046294		6239	H24K24.3	P
UniProtKB	Q17745	trxr-1	GO:0004791		6239	trxr-1,C06G3.7	F
UniProtKB	Q17745	trxr-1	GO:0004791		6239	trxr-1,C06G3.7	F
UniProtKB	Q17745	trxr-1	GO:0004791		6239	trxr-1,C06G3.7	F
UniProtKB	Q17745	trxr-1	GO:0004791		6239	trxr-1,C06G3.7	F
UniProtKB	Q17745	trxr-1	GO:0098869		6239	trxr-1,C06G3.7	P
UniProtKB	Q17745	trxr-1	GO:0098869		6239	trxr-1,C06G3.7	P
UniProtKB	Q17745	trxr-1	GO:0098869		6239	trxr-1,C06G3.7	P
UniProtKB	Q17745	trxr-1	GO:0098869		6239	trxr-1,C06G3.7	P
UniProtKB	Q17745	trxr-1	GO:0098869		6239	trxr-1,C06G3.7	P
UniProtKB	Q17745	trxr-1	GO:0004791		6239	trxr-1,C06G3.7	F
UniProtKB	Q18647	C46A5.4	GO:0004601		6239	C46A5.4,CELE_C46A5.4	F
UniProtKB	Q18647	C46A5.4	GO:0004601		6239	C46A5.4,CELE_C46A5.4	F
UniProtKB	Q18647	C46A5.4	GO:0098869		6239	C46A5.4,CELE_C46A5.4	P
UniProtKB	Q18647	C46A5.4	GO:0098869		6239	C46A5.4,CELE_C46A5.4	P
UniProtKB	Q18973	gstk-2	GO:0004602		6239	gstk-2,D2024.7	F
UniProtKB	Q18973	gstk-2	GO:0004602		6239	gstk-2,D2024.7	F
UniProtKB	Q18973	gstk-2	GO:0098869		6239	gstk-2,D2024.7	P
UniProtKB	Q18973	gstk-2	GO:0098869		6239	gstk-2,D2024.7	P
UniProtKB	Q19892	selt-1.2	GO:0004791		6239	selt-1.2,F28H7.4	F
UniProtKB	Q19892	selt-1.2	GO:0004791		6239	selt-1.2,F28H7.4	F
UniProtKB	Q19892	selt-1.2	GO:0004791		6239	selt-1.2,F28H7.4	F
UniProtKB	Q19892	selt-1.2	GO:0098869		6239	selt-1.2,F28H7.4	P
UniProtKB	Q19892	selt-1.2	GO:0098869		6239	selt-1.2,F28H7.4	P
UniProtKB	Q19892	selt-1.2	GO:0098869		6239	selt-1.2,F28H7.4	P
UniProtKB	Q1ENI8	pxn-1	GO:0004601		6239	pxn-1,ZK994.3	F
UniProtKB	Q1ENI8	pxn-1	GO:0004601		6239	pxn-1,ZK994.3	F
UniProtKB	Q1ENI8	pxn-1	GO:0004601		6239	pxn-1,ZK994.3	F
UniProtKB	Q1ENI8	pxn-1	GO:0098869		6239	pxn-1,ZK994.3	P
UniProtKB	Q1ENI8	pxn-1	GO:0098869		6239	pxn-1,ZK994.3	P
UniProtKB	Q1ENI8	pxn-1	GO:0098869		6239	pxn-1,ZK994.3	P
UniProtKB	Q20616	skpo-1	GO:0004601		6239	skpo-1,F49E12.1	F
UniProtKB	Q20616	skpo-1	GO:0004601		6239	skpo-1,F49E12.1	F
UniProtKB	Q20616	skpo-1	GO:0004601		6239	skpo-1,F49E12.1	F
UniProtKB	Q20616	skpo-1	GO:0098869		6239	skpo-1,F49E12.1	P
UniProtKB	Q20616	skpo-1	GO:0098869		6239	skpo-1,F49E12.1	P
UniProtKB	Q20616	skpo-1	GO:0098869		6239	skpo-1,F49E12.1	P
UniProtKB	Q20616	skpo-1	GO:0098869		6239	skpo-1,F49E12.1	P
UniProtKB	Q20616	skpo-1	GO:0004601		6239	skpo-1,F49E12.1	F
UniProtKB	Q21824	prdx-3	GO:0008379		6239	prdx-3,R07E5.2	F
UniProtKB	Q21824	prdx-3	GO:0016209		6239	prdx-3,R07E5.2	F
UniProtKB	Q21824	prdx-3	GO:0051920		6239	prdx-3,R07E5.2	F
UniProtKB	Q21824	prdx-3	GO:0016209		6239	prdx-3,R07E5.2	F
UniProtKB	Q21824	prdx-3	GO:0004601		6239	prdx-3,R07E5.2	F
UniProtKB	Q21824	prdx-3	GO:0051920		6239	prdx-3,R07E5.2	F
UniProtKB	Q21824	prdx-3	GO:0098869		6239	prdx-3,R07E5.2	P
UniProtKB	Q21824	prdx-3	GO:0098869		6239	prdx-3,R07E5.2	P
UniProtKB	Q21824	prdx-3	GO:0098869		6239	prdx-3,R07E5.2	P
UniProtKB	Q21824	prdx-3	GO:0098869		6239	prdx-3,R07E5.2	P
UniProtKB	Q21824	prdx-3	GO:0098869		6239	prdx-3,R07E5.2	P
UniProtKB	Q21824	prdx-3	GO:0098869		6239	prdx-3,R07E5.2	P
UniProtKB	Q21925	pges-2	GO:0004362		6239	pges-2,CELE_R11A8.5,R11A8.5	F
UniProtKB	Q21925	pges-2	GO:0098869		6239	pges-2,CELE_R11A8.5,R11A8.5	P
UniProtKB	Q22020	CELE_R53.5	GO:0016209		6239	CELE_R53.5,R53.5	F
UniProtKB	Q22020	CELE_R53.5	GO:0016209		6239	CELE_R53.5,R53.5	F
UniProtKB	Q22020	CELE_R53.5	GO:0098869		6239	CELE_R53.5,R53.5	P
UniProtKB	Q22020	CELE_R53.5	GO:0098869		6239	CELE_R53.5,R53.5	P
UniProtKB	Q22312	CELE_T07E3.3	GO:0004602		6239	CELE_T07E3.3,T07E3.3	F
UniProtKB	Q22312	CELE_T07E3.3	GO:0098869		6239	CELE_T07E3.3,T07E3.3	P
UniProtKB	Q23384	nit-1	GO:0051410		6239	nit-1,CELE_ZK1058.6,ZK1058.6	P
UniProtKB	Q23490	mlt-7	GO:0004601		6239	mlt-7,ZK430.8	F
UniProtKB	Q23490	mlt-7	GO:0004601		6239	mlt-7,ZK430.8	F
UniProtKB	Q23490	mlt-7	GO:0004601		6239	mlt-7,ZK430.8	F
UniProtKB	Q23490	mlt-7	GO:0004601		6239	mlt-7,ZK430.8	F
UniProtKB	Q23490	mlt-7	GO:0098869		6239	mlt-7,ZK430.8	P
UniProtKB	Q23490	mlt-7	GO:0098869		6239	mlt-7,ZK430.8	P
UniProtKB	Q23490	mlt-7	GO:0098869		6239	mlt-7,ZK430.8	P
UniProtKB	Q23490	mlt-7	GO:0098869		6239	mlt-7,ZK430.8	P
UniProtKB	Q27487	ctl-2	GO:0004096		6239	ctl-2,cat,cat-1,Y54G11A.5	F
UniProtKB	Q27487	ctl-2	GO:0004096		6239	ctl-2,cat,cat-1,Y54G11A.5	F
UniProtKB	Q27487	ctl-2	GO:0004601		6239	ctl-2,cat,cat-1,Y54G11A.5	F
UniProtKB	Q27487	ctl-2	GO:0004096		6239	ctl-2,cat,cat-1,Y54G11A.5	F
UniProtKB	Q27487	ctl-2	GO:0004096		6239	ctl-2,cat,cat-1,Y54G11A.5	F
UniProtKB	Q27487	ctl-2	GO:0004601		6239	ctl-2,cat,cat-1,Y54G11A.5	F
UniProtKB	Q27487	ctl-2	GO:0004096		6239	ctl-2,cat,cat-1,Y54G11A.5	F
UniProtKB	Q27487	ctl-2	GO:0004096		6239	ctl-2,cat,cat-1,Y54G11A.5	F
UniProtKB	Q27487	ctl-2	GO:0098869		6239	ctl-2,cat,cat-1,Y54G11A.5	P
UniProtKB	Q27487	ctl-2	GO:0098869		6239	ctl-2,cat,cat-1,Y54G11A.5	P
UniProtKB	Q27487	ctl-2	GO:0098869		6239	ctl-2,cat,cat-1,Y54G11A.5	P
UniProtKB	Q27487	ctl-2	GO:0098869		6239	ctl-2,cat,cat-1,Y54G11A.5	P
UniProtKB	Q27487	ctl-2	GO:0098869		6239	ctl-2,cat,cat-1,Y54G11A.5	P
UniProtKB	Q27487	ctl-2	GO:0098869		6239	ctl-2,cat,cat-1,Y54G11A.5	P
UniProtKB	Q27487	ctl-2	GO:0098869		6239	ctl-2,cat,cat-1,Y54G11A.5	P
UniProtKB	Q27538	sod-5	GO:0019430		6239	sod-5,CELE_ZK430.3,ZK430.3	P
UniProtKB	Q27538	sod-5	GO:0004784		6239	sod-5,CELE_ZK430.3,ZK430.3	F
UniProtKB	Q27538	sod-5	GO:0016209		6239	sod-5,CELE_ZK430.3,ZK430.3	F
UniProtKB	Q27538	sod-5	GO:0004784		6239	sod-5,CELE_ZK430.3,ZK430.3	F
UniProtKB	Q27538	sod-5	GO:0004784		6239	sod-5,CELE_ZK430.3,ZK430.3	F
UniProtKB	Q8IA74	gsto-3	GO:0045174		6239	gsto-3,CELE_K10F12.4,K10F12.4	F
UniProtKB	Q8IA74	gsto-3	GO:0098869		6239	gsto-3,CELE_K10F12.4,K10F12.4	P
UniProtKB	Q8MXT1	prdx-6	GO:0098869		6239	prdx-6,CELE_Y38C1AA.11,Y38C1AA.11	P
UniProtKB	Q8MXT1	prdx-6	GO:0008379		6239	prdx-6,CELE_Y38C1AA.11,Y38C1AA.11	F
UniProtKB	Q8MXT1	prdx-6	GO:0016209		6239	prdx-6,CELE_Y38C1AA.11,Y38C1AA.11	F
UniProtKB	Q8MXT1	prdx-6	GO:0051920		6239	prdx-6,CELE_Y38C1AA.11,Y38C1AA.11	F
UniProtKB	Q8MXT1	prdx-6	GO:0016209		6239	prdx-6,CELE_Y38C1AA.11,Y38C1AA.11	F
UniProtKB	Q8MXT1	prdx-6	GO:0004601		6239	prdx-6,CELE_Y38C1AA.11,Y38C1AA.11	F
UniProtKB	Q8MXT1	prdx-6	GO:0004601		6239	prdx-6,CELE_Y38C1AA.11,Y38C1AA.11	F
UniProtKB	Q8MYL7	ctl-3	GO:0004096		6239	ctl-3,CELE_Y54G11A.13,Y54G11A.13	F
UniProtKB	Q8MYL7	ctl-3	GO:0004096		6239	ctl-3,CELE_Y54G11A.13,Y54G11A.13	F
UniProtKB	Q8MYL7	ctl-3	GO:0004601		6239	ctl-3,CELE_Y54G11A.13,Y54G11A.13	F
UniProtKB	Q8MYL7	ctl-3	GO:0004096		6239	ctl-3,CELE_Y54G11A.13,Y54G11A.13	F
UniProtKB	Q8MYL7	ctl-3	GO:0004096		6239	ctl-3,CELE_Y54G11A.13,Y54G11A.13	F
UniProtKB	Q8MYL7	ctl-3	GO:0098869		6239	ctl-3,CELE_Y54G11A.13,Y54G11A.13	P
UniProtKB	Q8MYL7	ctl-3	GO:0098869		6239	ctl-3,CELE_Y54G11A.13,Y54G11A.13	P
UniProtKB	Q8MYL7	ctl-3	GO:0098869		6239	ctl-3,CELE_Y54G11A.13,Y54G11A.13	P
UniProtKB	Q8MYL7	ctl-3	GO:0098869		6239	ctl-3,CELE_Y54G11A.13,Y54G11A.13	P
UniProtKB	Q8MYL7	ctl-3	GO:0098869		6239	ctl-3,CELE_Y54G11A.13,Y54G11A.13	P
UniProtKB	Q93204	gpx-5	GO:0004601		6239	gpx-5,C11E4.1,CELE_C11E4.1	F
UniProtKB	Q93204	gpx-5	GO:0004602		6239	gpx-5,C11E4.1,CELE_C11E4.1	F
UniProtKB	Q93204	gpx-5	GO:0004602		6239	gpx-5,C11E4.1,CELE_C11E4.1	F
UniProtKB	Q93204	gpx-5	GO:0004601		6239	gpx-5,C11E4.1,CELE_C11E4.1	F
UniProtKB	Q93204	gpx-5	GO:0004602		6239	gpx-5,C11E4.1,CELE_C11E4.1	F
UniProtKB	Q93204	gpx-5	GO:0098869		6239	gpx-5,C11E4.1,CELE_C11E4.1	P
UniProtKB	Q93204	gpx-5	GO:0098869		6239	gpx-5,C11E4.1,CELE_C11E4.1	P
UniProtKB	Q93204	gpx-5	GO:0098869		6239	gpx-5,C11E4.1,CELE_C11E4.1	P
UniProtKB	Q93204	gpx-5	GO:0098869		6239	gpx-5,C11E4.1,CELE_C11E4.1	P
UniProtKB	Q93204	gpx-5	GO:0098869		6239	gpx-5,C11E4.1,CELE_C11E4.1	P
UniProtKB	Q93379	gsr-1	GO:0004362		6239	gsr-1,C46F11.2	F
UniProtKB	Q93379	gsr-1	GO:0004362		6239	gsr-1,C46F11.2	F
UniProtKB	Q93379	gsr-1	GO:0004362		6239	gsr-1,C46F11.2	F
UniProtKB	Q93379	gsr-1	GO:0004362		6239	gsr-1,C46F11.2	F
UniProtKB	Q93379	gsr-1	GO:0004362		6239	gsr-1,C46F11.2	F
UniProtKB	Q93379	gsr-1	GO:0004362		6239	gsr-1,C46F11.2	F
UniProtKB	Q93379	gsr-1	GO:0098869		6239	gsr-1,C46F11.2	P
UniProtKB	Q93379	gsr-1	GO:0098869		6239	gsr-1,C46F11.2	P
UniProtKB	Q93379	gsr-1	GO:0098869		6239	gsr-1,C46F11.2	P
UniProtKB	Q93379	gsr-1	GO:0098869		6239	gsr-1,C46F11.2	P
UniProtKB	Q93379	gsr-1	GO:0098869		6239	gsr-1,C46F11.2	P
UniProtKB	Q93379	gsr-1	GO:0098869		6239	gsr-1,C46F11.2	P
UniProtKB	Q95003	gpx-3	GO:0004601		6239	gpx-3,C11E4.2	F
UniProtKB	Q95003	gpx-3	GO:0004602		6239	gpx-3,C11E4.2	F
UniProtKB	Q95003	gpx-3	GO:0004602		6239	gpx-3,C11E4.2	F
UniProtKB	Q95003	gpx-3	GO:0004601		6239	gpx-3,C11E4.2	F
UniProtKB	Q95003	gpx-3	GO:0004602		6239	gpx-3,C11E4.2	F
UniProtKB	Q95003	gpx-3	GO:0004602		6239	gpx-3,C11E4.2	F
UniProtKB	Q95003	gpx-3	GO:0098869		6239	gpx-3,C11E4.2	P
UniProtKB	Q95003	gpx-3	GO:0098869		6239	gpx-3,C11E4.2	P
UniProtKB	Q95003	gpx-3	GO:0098869		6239	gpx-3,C11E4.2	P
UniProtKB	Q95003	gpx-3	GO:0098869		6239	gpx-3,C11E4.2	P
UniProtKB	Q95003	gpx-3	GO:0098869		6239	gpx-3,C11E4.2	P
UniProtKB	Q95003	gpx-3	GO:0098869		6239	gpx-3,C11E4.2	P
UniProtKB	Q95QH5	skpo-3	GO:0004601		6239	skpo-3,CELE_F32A5.2,F32A5.2	F
UniProtKB	Q95QH5	skpo-3	GO:0004601		6239	skpo-3,CELE_F32A5.2,F32A5.2	F
UniProtKB	Q95QH5	skpo-3	GO:0098869		6239	skpo-3,CELE_F32A5.2,F32A5.2	P
UniProtKB	Q95QH5	skpo-3	GO:0098869		6239	skpo-3,CELE_F32A5.2,F32A5.2	P
UniProtKB	Q95QW4	cdf-1	GO:0010312		6239	cdf-1,C15B12.7	P
UniProtKB	Q9BL27	txdc-17	GO:0004601		6239	txdc-17,CELE_Y71H2AR.1,Y71H2AR.1	F
UniProtKB	Q9BL27	txdc-17	GO:0098869		6239	txdc-17,CELE_Y71H2AR.1,Y71H2AR.1	P
UniProtKB	Q9N2X2	gpx-4	GO:0004601		6239	gpx-4,CELE_Y94H6A.4,Y94H6A.4	F
UniProtKB	Q9N2X2	gpx-4	GO:0004602		6239	gpx-4,CELE_Y94H6A.4,Y94H6A.4	F
UniProtKB	Q9N2X2	gpx-4	GO:0004602		6239	gpx-4,CELE_Y94H6A.4,Y94H6A.4	F
UniProtKB	Q9N2X2	gpx-4	GO:0004601		6239	gpx-4,CELE_Y94H6A.4,Y94H6A.4	F
UniProtKB	Q9N2X2	gpx-4	GO:0098869		6239	gpx-4,CELE_Y94H6A.4,Y94H6A.4	P
UniProtKB	Q9N2X2	gpx-4	GO:0098869		6239	gpx-4,CELE_Y94H6A.4,Y94H6A.4	P
UniProtKB	Q9N2X2	gpx-4	GO:0098869		6239	gpx-4,CELE_Y94H6A.4,Y94H6A.4	P
UniProtKB	Q9N2X2	gpx-4	GO:0098869		6239	gpx-4,CELE_Y94H6A.4,Y94H6A.4	P
UniProtKB	Q9N357	CELE_Y55F3AR.2	GO:0004791		6239	CELE_Y55F3AR.2,Y55F3AR.2	F
UniProtKB	Q9N456	glrx-10	GO:0004362		6239	glrx-10,CELE_Y34D9A.6,Y34D9A.6	F
UniProtKB	Q9N456	glrx-10	GO:0098869		6239	glrx-10,CELE_Y34D9A.6,Y34D9A.6	P
UniProtKB	Q9N5S2	gpx-8	GO:0004601		6239	gpx-8,CELE_F55A3.5,F55A3.5	F
UniProtKB	Q9N5S2	gpx-8	GO:0004602		6239	gpx-8,CELE_F55A3.5,F55A3.5	F
UniProtKB	Q9N5S2	gpx-8	GO:0004601		6239	gpx-8,CELE_F55A3.5,F55A3.5	F
UniProtKB	Q9N5S2	gpx-8	GO:0098869		6239	gpx-8,CELE_F55A3.5,F55A3.5	P
UniProtKB	Q9N5S2	gpx-8	GO:0098869		6239	gpx-8,CELE_F55A3.5,F55A3.5	P
UniProtKB	Q9N5S2	gpx-8	GO:0098869		6239	gpx-8,CELE_F55A3.5,F55A3.5	P
UniProtKB	Q9U3N5	selt-1.1	GO:0004791		6239	selt-1.1,C35C5.3	F
UniProtKB	Q9U3N5	selt-1.1	GO:0004791		6239	selt-1.1,C35C5.3	F
UniProtKB	Q9U3N5	selt-1.1	GO:0004791		6239	selt-1.1,C35C5.3	F
UniProtKB	Q9U3N5	selt-1.1	GO:0098869		6239	selt-1.1,C35C5.3	P
UniProtKB	Q9U3N5	selt-1.1	GO:0098869		6239	selt-1.1,C35C5.3	P
UniProtKB	Q9U3N5	selt-1.1	GO:0098869		6239	selt-1.1,C35C5.3	P
UniProtKB	U4PB05	gpx-2	GO:0004602		6239	gpx-2,CELE_R05H10.5,R05H10.5	F
UniProtKB	U4PB05	gpx-2	GO:0004601		6239	gpx-2,CELE_R05H10.5,R05H10.5	F
UniProtKB	U4PB05	gpx-2	GO:0004602		6239	gpx-2,CELE_R05H10.5,R05H10.5	F
UniProtKB	U4PB05	gpx-2	GO:0098869		6239	gpx-2,CELE_R05H10.5,R05H10.5	P
UniProtKB	U4PB05	gpx-2	GO:0098869		6239	gpx-2,CELE_R05H10.5,R05H10.5	P
UniProtKB	U4PB05	gpx-2	GO:0098869		6239	gpx-2,CELE_R05H10.5,R05H10.5	P
UniProtKB	U4PE16	ctl-3	GO:0004096		6239	ctl-3,CELE_Y54G11A.13,Y54G11A.13	F
UniProtKB	U4PE16	ctl-3	GO:0004096		6239	ctl-3,CELE_Y54G11A.13,Y54G11A.13	F
UniProtKB	U4PE16	ctl-3	GO:0004601		6239	ctl-3,CELE_Y54G11A.13,Y54G11A.13	F
UniProtKB	U4PE16	ctl-3	GO:0004096		6239	ctl-3,CELE_Y54G11A.13,Y54G11A.13	F
UniProtKB	U4PE16	ctl-3	GO:0004096		6239	ctl-3,CELE_Y54G11A.13,Y54G11A.13	F
UniProtKB	U4PE16	ctl-3	GO:0098869		6239	ctl-3,CELE_Y54G11A.13,Y54G11A.13	P
UniProtKB	U4PE16	ctl-3	GO:0098869		6239	ctl-3,CELE_Y54G11A.13,Y54G11A.13	P
UniProtKB	U4PE16	ctl-3	GO:0098869		6239	ctl-3,CELE_Y54G11A.13,Y54G11A.13	P
UniProtKB	U4PE16	ctl-3	GO:0098869		6239	ctl-3,CELE_Y54G11A.13,Y54G11A.13	P
UniProtKB	U4PE16	ctl-3	GO:0098869		6239	ctl-3,CELE_Y54G11A.13,Y54G11A.13	P
UniProtKB	V6CLN2	trxr-1	GO:0004791		6239	trxr-1,C06G3.7,CELE_C06G3.7	F
UniProtKB	V6CLN2	trxr-1	GO:0098869		6239	trxr-1,C06G3.7,CELE_C06G3.7	P
ComplexPortal	CPX-1020	bli3_caeel	GO:0004601		6239	bli-3:doxa-1:tsp-15	F
ComplexPortal	CPX-1020	bli3_caeel	GO:0098869		6239	bli-3:doxa-1:tsp-15	P
UniProtKB	A0A0B4UMT5	CAT3	GO:0004096		3702	CAT3,AT1G20620	F
UniProtKB	A0A0B4UMT5	CAT3	GO:0004096		3702	CAT3,AT1G20620	F
UniProtKB	A0A0B4UMT5	CAT3	GO:0098869		3702	CAT3,AT1G20620	P
UniProtKB	A0A0B4UMT5	CAT3	GO:0098869		3702	CAT3,AT1G20620	P
UniProtKB	A0A178U798	AXX17_At5g63690	GO:0004601		3702	AXX17_At5g63690,AN1_LOCUS26725,AT9943_LOCUS23006,C24_LOCUS26546	F
UniProtKB	A0A178U798	AXX17_At5g63690	GO:0004601		3702	AXX17_At5g63690,AN1_LOCUS26725,AT9943_LOCUS23006,C24_LOCUS26546	F
UniProtKB	A0A178U798	AXX17_At5g63690	GO:0098869		3702	AXX17_At5g63690,AN1_LOCUS26725,AT9943_LOCUS23006,C24_LOCUS26546	P
UniProtKB	A0A178U798	AXX17_At5g63690	GO:0098869		3702	AXX17_At5g63690,AN1_LOCUS26725,AT9943_LOCUS23006,C24_LOCUS26546	P
UniProtKB	A0A178U7L9	AXX17_At5g24510	GO:0098869		3702	AXX17_At5g24510,AN1_LOCUS23215,AT9943_LOCUS19992,C24_LOCUS23100	P
UniProtKB	A0A178U7M8	AXX17_ATUG04420	GO:0016209		3702	AXX17_ATUG04420	F
UniProtKB	A0A178U7M8	AXX17_ATUG04420	GO:0051920		3702	AXX17_ATUG04420	F
UniProtKB	A0A178U7M8	AXX17_ATUG04420	GO:0098869		3702	AXX17_ATUG04420	P
UniProtKB	A0A178U7M8	AXX17_ATUG04420	GO:0098869		3702	AXX17_ATUG04420	P
UniProtKB	A0A178U7Y0	AXX17_At5g46420	GO:0004601		3702	AXX17_At5g46420,AN1_LOCUS25028	F
UniProtKB	A0A178U7Y0	AXX17_At5g46420	GO:0004601		3702	AXX17_At5g46420,AN1_LOCUS25028	F
UniProtKB	A0A178U7Y0	AXX17_At5g46420	GO:0098869		3702	AXX17_At5g46420,AN1_LOCUS25028	P
UniProtKB	A0A178U7Y0	AXX17_At5g46420	GO:0098869		3702	AXX17_At5g46420,AN1_LOCUS25028	P
UniProtKB	A0A178UAC4	AXX17_At5g24520	GO:0098869		3702	AXX17_At5g24520,AN1_LOCUS23216,AT9943_LOCUS19993,C24_LOCUS23101	P
UniProtKB	A0A178UAR8	AXX17_At5g63710	GO:0004601		3702	AXX17_At5g63710,AN1_LOCUS26727	F
UniProtKB	A0A178UAR8	AXX17_At5g63710	GO:0004601		3702	AXX17_At5g63710,AN1_LOCUS26727	F
UniProtKB	A0A178UAR8	AXX17_At5g63710	GO:0098869		3702	AXX17_At5g63710,AN1_LOCUS26727	P
UniProtKB	A0A178UAR8	AXX17_At5g63710	GO:0098869		3702	AXX17_At5g63710,AN1_LOCUS26727	P
UniProtKB	A0A178UAZ8	AXX17_At5g66320	GO:0004601		3702	AXX17_At5g66320	F
UniProtKB	A0A178UAZ8	AXX17_At5g66320	GO:0004601		3702	AXX17_At5g66320	F
UniProtKB	A0A178UAZ8	AXX17_At5g66320	GO:0098869		3702	AXX17_At5g66320	P
UniProtKB	A0A178UAZ8	AXX17_At5g66320	GO:0098869		3702	AXX17_At5g66320	P
UniProtKB	A0A178UBJ8	AXX17_At5g04820	GO:0004601		3702	AXX17_At5g04820	F
UniProtKB	A0A178UBJ8	AXX17_At5g04820	GO:0004601		3702	AXX17_At5g04820	F
UniProtKB	A0A178UBJ8	AXX17_At5g04820	GO:0098869		3702	AXX17_At5g04820	P
UniProtKB	A0A178UBJ8	AXX17_At5g04820	GO:0098869		3702	AXX17_At5g04820	P
UniProtKB	A0A178UC21	AXX17_At5g06350	GO:0004601		3702	AXX17_At5g06350,AT9943_LOCUS18511,C24_LOCUS21384	F
UniProtKB	A0A178UC21	AXX17_At5g06350	GO:0004601		3702	AXX17_At5g06350,AT9943_LOCUS18511,C24_LOCUS21384	F
UniProtKB	A0A178UC21	AXX17_At5g06350	GO:0098869		3702	AXX17_At5g06350,AT9943_LOCUS18511,C24_LOCUS21384	P
UniProtKB	A0A178UC21	AXX17_At5g06350	GO:0098869		3702	AXX17_At5g06350,AT9943_LOCUS18511,C24_LOCUS21384	P
UniProtKB	A0A178UD80	AXX17_At5g65190	GO:1990961		3702	AXX17_At5g65190,At5g65380	P
UniProtKB	A0A178UDA9	AXX17_At5g57750	GO:0004601		3702	AXX17_At5g57750,At5g58400	F
UniProtKB	A0A178UDA9	AXX17_At5g57750	GO:0098869		3702	AXX17_At5g57750,At5g58400	P
UniProtKB	A0A178UDU2	AXX17_At5g19620	GO:1990961		3702	AXX17_At5g19620	P
UniProtKB	A0A178UDZ9	AXX17_At5g45480	GO:0004601		3702	AXX17_At5g45480	F
UniProtKB	A0A178UDZ9	AXX17_At5g45480	GO:0004601		3702	AXX17_At5g45480	F
UniProtKB	A0A178UDZ9	AXX17_At5g45480	GO:0098869		3702	AXX17_At5g45480	P
UniProtKB	A0A178UDZ9	AXX17_At5g45480	GO:0098869		3702	AXX17_At5g45480	P
UniProtKB	A0A178UE14	AXX17_At5g59450	GO:0004601		3702	AXX17_At5g59450	F
UniProtKB	A0A178UE14	AXX17_At5g59450	GO:0004601		3702	AXX17_At5g59450	F
UniProtKB	A0A178UE14	AXX17_At5g59450	GO:0098869		3702	AXX17_At5g59450	P
UniProtKB	A0A178UE14	AXX17_At5g59450	GO:0098869		3702	AXX17_At5g59450	P
UniProtKB	A0A178UE22	AXX17_At5g22860	GO:0004784		3702	AXX17_At5g22860	F
UniProtKB	A0A178UE22	AXX17_At5g22860	GO:0004784		3702	AXX17_At5g22860	F
UniProtKB	A0A178UE22	AXX17_At5g22860	GO:0004784		3702	AXX17_At5g22860	F
UniProtKB	A0A178UE22	AXX17_At5g22860	GO:0019430		3702	AXX17_At5g22860	P
UniProtKB	A0A178UE22	AXX17_At5g22860	GO:0019430		3702	AXX17_At5g22860	P
UniProtKB	A0A178UE22	AXX17_At5g22860	GO:0019430		3702	AXX17_At5g22860	P
UniProtKB	A0A178UEF2	AXX17_At5g47850	GO:1990961		3702	AXX17_At5g47850	P
UniProtKB	A0A178UEL6	AXX17_At5g65190	GO:1990961		3702	AXX17_At5g65190	P
UniProtKB	A0A178UFD7	AXX17_At5g03210	GO:0004362		3702	AXX17_At5g03210,AN1_LOCUS21189,C24_LOCUS21086	F
UniProtKB	A0A178UFD7	AXX17_At5g03210	GO:0098869		3702	AXX17_At5g03210,AN1_LOCUS21189,C24_LOCUS21086	P
UniProtKB	A0A178UFE1	AXX17_At5g57760	GO:0004601		3702	AXX17_At5g57760	F
UniProtKB	A0A178UFE1	AXX17_At5g57760	GO:0004601		3702	AXX17_At5g57760	F
UniProtKB	A0A178UFE1	AXX17_At5g57760	GO:0098869		3702	AXX17_At5g57760	P
UniProtKB	A0A178UFE1	AXX17_At5g57760	GO:0098869		3702	AXX17_At5g57760	P
UniProtKB	A0A178UFT0	AXX17_At5g22860	GO:0004784		3702	AXX17_At5g22860,AN1_LOCUS23071,AT9943_LOCUS19863,C24_LOCUS22956	F
UniProtKB	A0A178UFT0	AXX17_At5g22860	GO:0004784		3702	AXX17_At5g22860,AN1_LOCUS23071,AT9943_LOCUS19863,C24_LOCUS22956	F
UniProtKB	A0A178UFT0	AXX17_At5g22860	GO:0004784		3702	AXX17_At5g22860,AN1_LOCUS23071,AT9943_LOCUS19863,C24_LOCUS22956	F
UniProtKB	A0A178UFT0	AXX17_At5g22860	GO:0019430		3702	AXX17_At5g22860,AN1_LOCUS23071,AT9943_LOCUS19863,C24_LOCUS22956	P
UniProtKB	A0A178UFT0	AXX17_At5g22860	GO:0019430		3702	AXX17_At5g22860,AN1_LOCUS23071,AT9943_LOCUS19863,C24_LOCUS22956	P
UniProtKB	A0A178UFT0	AXX17_At5g22860	GO:0019430		3702	AXX17_At5g22860,AN1_LOCUS23071,AT9943_LOCUS19863,C24_LOCUS22956	P
UniProtKB	A0A178UG76	AXX17_At5g47850	GO:1990961		3702	AXX17_At5g47850,C24_LOCUS24990	P
UniProtKB	A0A178UGU9	AXX17_At5g37780	GO:0004601		3702	AXX17_At5g37780	F
UniProtKB	A0A178UGU9	AXX17_At5g37780	GO:0004601		3702	AXX17_At5g37780	F
UniProtKB	A0A178UGU9	AXX17_At5g37780	GO:0098869		3702	AXX17_At5g37780	P
UniProtKB	A0A178UGU9	AXX17_At5g37780	GO:0098869		3702	AXX17_At5g37780	P
UniProtKB	A0A178UHC7	AXX17_At5g62000	GO:0009407		3702	AXX17_At5g62000	P
UniProtKB	A0A178UHP6	AXX17_At5g35200	GO:1990961		3702	AXX17_At5g35200,C24_LOCUS23792	P
UniProtKB	A0A178UIL9	AXX17_At5g16340	GO:0098869		3702	AXX17_At5g16340,AN1_LOCUS22448,C24_LOCUS22338	P
UniProtKB	A0A178UIL9	AXX17_At5g16340	GO:0045174		3702	AXX17_At5g16340,AN1_LOCUS22448,C24_LOCUS22338	F
UniProtKB	A0A178UIL9	AXX17_At5g16340	GO:0045174		3702	AXX17_At5g16340,AN1_LOCUS22448,C24_LOCUS22338	F
UniProtKB	A0A178UIM3	AXX17_At5g06340	GO:0004601		3702	AXX17_At5g06340	F
UniProtKB	A0A178UIM3	AXX17_At5g06340	GO:0004601		3702	AXX17_At5g06340	F
UniProtKB	A0A178UIM3	AXX17_At5g06340	GO:0098869		3702	AXX17_At5g06340	P
UniProtKB	A0A178UIM3	AXX17_At5g06340	GO:0098869		3702	AXX17_At5g06340	P
UniProtKB	A0A178UIV0	AXX17_At5g49850	GO:0004601		3702	AXX17_At5g49850,AN1_LOCUS25350,C24_LOCUS25182	F
UniProtKB	A0A178UIV0	AXX17_At5g49850	GO:0004601		3702	AXX17_At5g49850,AN1_LOCUS25350,C24_LOCUS25182	F
UniProtKB	A0A178UIV0	AXX17_At5g49850	GO:0098869		3702	AXX17_At5g49850,AN1_LOCUS25350,C24_LOCUS25182	P
UniProtKB	A0A178UIV0	AXX17_At5g49850	GO:0098869		3702	AXX17_At5g49850,AN1_LOCUS25350,C24_LOCUS25182	P
UniProtKB	A0A178UJ34	AXX17_At5g42160	GO:1990961		3702	AXX17_At5g42160	P
UniProtKB	A0A178UJQ3	AXX17_At5g17420	GO:1990961		3702	AXX17_At5g17420,AN1_LOCUS22550,C24_LOCUS22439	P
UniProtKB	A0A178UJR0	AXX17_At5g07070	GO:0004601		3702	AXX17_At5g07070	F
UniProtKB	A0A178UJR0	AXX17_At5g07070	GO:0004601		3702	AXX17_At5g07070	F
UniProtKB	A0A178UJR0	AXX17_At5g07070	GO:0098869		3702	AXX17_At5g07070	P
UniProtKB	A0A178UJR0	AXX17_At5g07070	GO:0098869		3702	AXX17_At5g07070	P
UniProtKB	A0A178UJR4	AXX17_At5g39980	GO:0004601		3702	AXX17_At5g39980,C24_LOCUS24223	F
UniProtKB	A0A178UJR4	AXX17_At5g39980	GO:0004601		3702	AXX17_At5g39980,C24_LOCUS24223	F
UniProtKB	A0A178UJR4	AXX17_At5g39980	GO:0098869		3702	AXX17_At5g39980,C24_LOCUS24223	P
UniProtKB	A0A178UJR4	AXX17_At5g39980	GO:0098869		3702	AXX17_At5g39980,C24_LOCUS24223	P
UniProtKB	A0A178UJR7	AXX17_At5g10080	GO:1990961		3702	AXX17_At5g10080,AN1_LOCUS21835,AT9943_LOCUS18799	P
UniProtKB	A0A178UKT4	AXX17_At5g37030	GO:0004601		3702	AXX17_At5g37030,AT9943_LOCUS20840	F
UniProtKB	A0A178UKT4	AXX17_At5g37030	GO:0004601		3702	AXX17_At5g37030,AT9943_LOCUS20840	F
UniProtKB	A0A178UKT4	AXX17_At5g37030	GO:0098869		3702	AXX17_At5g37030,AT9943_LOCUS20840	P
UniProtKB	A0A178UKT4	AXX17_At5g37030	GO:0098869		3702	AXX17_At5g37030,AT9943_LOCUS20840	P
UniProtKB	A0A178UL58	AXX17_At5g67500	GO:0004601		3702	AXX17_At5g67500,AN1_LOCUS27079,C24_LOCUS26907	F
UniProtKB	A0A178UL58	AXX17_At5g67500	GO:0004601		3702	AXX17_At5g67500,AN1_LOCUS27079,C24_LOCUS26907	F
UniProtKB	A0A178UL58	AXX17_At5g67500	GO:0098869		3702	AXX17_At5g67500,AN1_LOCUS27079,C24_LOCUS26907	P
UniProtKB	A0A178UL58	AXX17_At5g67500	GO:0098869		3702	AXX17_At5g67500,AN1_LOCUS27079,C24_LOCUS26907	P
UniProtKB	A0A178ULP1	AXX17_At5g05830	GO:0016209		3702	AXX17_At5g05830	F
UniProtKB	A0A178ULP1	AXX17_At5g05830	GO:0051920		3702	AXX17_At5g05830	F
UniProtKB	A0A178ULP1	AXX17_At5g05830	GO:0051920		3702	AXX17_At5g05830	F
UniProtKB	A0A178ULP1	AXX17_At5g05830	GO:0098869		3702	AXX17_At5g05830	P
UniProtKB	A0A178ULP1	AXX17_At5g05830	GO:0098869		3702	AXX17_At5g05830	P
UniProtKB	A0A178ULP1	AXX17_At5g05830	GO:0098869		3702	AXX17_At5g05830	P
UniProtKB	A0A178UM55	AXX17_At5g33630	GO:0098869		3702	AXX17_At5g33630	P
UniProtKB	A0A178UM55	AXX17_At5g33630	GO:0045174		3702	AXX17_At5g33630	F
UniProtKB	A0A178UM55	AXX17_At5g33630	GO:0045174		3702	AXX17_At5g33630	F
UniProtKB	A0A178UM67	AXX17_At5g50920	GO:1990961		3702	AXX17_At5g50920,C24_LOCUS25287	P
UniProtKB	A0A178UMG0	AXX17_At5g57740	GO:0004601		3702	AXX17_At5g57740,AN1_LOCUS26134,C24_LOCUS25959	F
UniProtKB	A0A178UMG0	AXX17_At5g57740	GO:0004601		3702	AXX17_At5g57740,AN1_LOCUS26134,C24_LOCUS25959	F
UniProtKB	A0A178UMG0	AXX17_At5g57740	GO:0098869		3702	AXX17_At5g57740,AN1_LOCUS26134,C24_LOCUS25959	P
UniProtKB	A0A178UMG0	AXX17_At5g57740	GO:0098869		3702	AXX17_At5g57740,AN1_LOCUS26134,C24_LOCUS25959	P
UniProtKB	A0A178UMN3	AXX17_At5g51330	GO:1990961		3702	AXX17_At5g51330,AN1_LOCUS25499	P
UniProtKB	A0A178UN17	AXX17_At5g40770	GO:0004601		3702	AXX17_At5g40770,AN1_LOCUS24475	F
UniProtKB	A0A178UN17	AXX17_At5g40770	GO:0098869		3702	AXX17_At5g40770,AN1_LOCUS24475	P
UniProtKB	A0A178UNC2	AXX17_At5g63700	GO:0004601		3702	AXX17_At5g63700,AN1_LOCUS26726,AT9943_LOCUS23007,C24_LOCUS26547	F
UniProtKB	A0A178UNC2	AXX17_At5g63700	GO:0004601		3702	AXX17_At5g63700,AN1_LOCUS26726,AT9943_LOCUS23007,C24_LOCUS26547	F
UniProtKB	A0A178UNC2	AXX17_At5g63700	GO:0098869		3702	AXX17_At5g63700,AN1_LOCUS26726,AT9943_LOCUS23007,C24_LOCUS26547	P
UniProtKB	A0A178UNC2	AXX17_At5g63700	GO:0098869		3702	AXX17_At5g63700,AN1_LOCUS26726,AT9943_LOCUS23007,C24_LOCUS26547	P
UniProtKB	A0A178UNL1	AXX17_At5g21740	GO:0004601		3702	AXX17_At5g21740	F
UniProtKB	A0A178UNL1	AXX17_At5g21740	GO:0004601		3702	AXX17_At5g21740	F
UniProtKB	A0A178UNL1	AXX17_At5g21740	GO:0098869		3702	AXX17_At5g21740	P
UniProtKB	A0A178UNL1	AXX17_At5g21740	GO:0098869		3702	AXX17_At5g21740	P
UniProtKB	A0A178UPS4	AXX17_At5g13600	GO:0004601		3702	AXX17_At5g13600,AT9943_LOCUS19100	F
UniProtKB	A0A178UPS4	AXX17_At5g13600	GO:0004601		3702	AXX17_At5g13600,AT9943_LOCUS19100	F
UniProtKB	A0A178UPS4	AXX17_At5g13600	GO:0098869		3702	AXX17_At5g13600,AT9943_LOCUS19100	P
UniProtKB	A0A178UPS4	AXX17_At5g13600	GO:0098869		3702	AXX17_At5g13600,AT9943_LOCUS19100	P
UniProtKB	A0A178UQJ4	AXX17_At5g49880	GO:0004784		3702	AXX17_At5g49880	F
UniProtKB	A0A178UQJ4	AXX17_At5g49880	GO:0004784		3702	AXX17_At5g49880	F
UniProtKB	A0A178UQJ4	AXX17_At5g49880	GO:0019430		3702	AXX17_At5g49880	P
UniProtKB	A0A178UQJ4	AXX17_At5g49880	GO:0019430		3702	AXX17_At5g49880	P
UniProtKB	A0A178UQK5	AXX17_At5g19830	GO:0004601		3702	AXX17_At5g19830	F
UniProtKB	A0A178UQK5	AXX17_At5g19830	GO:0004601		3702	AXX17_At5g19830	F
UniProtKB	A0A178UQK5	AXX17_At5g19830	GO:0098869		3702	AXX17_At5g19830	P
UniProtKB	A0A178UQK5	AXX17_At5g19830	GO:0098869		3702	AXX17_At5g19830	P
UniProtKB	A0A178UR16	AXX17_At5g50760	GO:0004601		3702	AXX17_At5g50760	F
UniProtKB	A0A178UR16	AXX17_At5g50760	GO:0004601		3702	AXX17_At5g50760	F
UniProtKB	A0A178UR16	AXX17_At5g50760	GO:0098869		3702	AXX17_At5g50760	P
UniProtKB	A0A178UR16	AXX17_At5g50760	GO:0098869		3702	AXX17_At5g50760	P
UniProtKB	A0A178USL4	AXX17_At4g12720	GO:0004601		3702	AXX17_At4g12720	F
UniProtKB	A0A178USL4	AXX17_At4g12720	GO:0004601		3702	AXX17_At4g12720	F
UniProtKB	A0A178USL4	AXX17_At4g12720	GO:0098869		3702	AXX17_At4g12720	P
UniProtKB	A0A178USL4	AXX17_At4g12720	GO:0098869		3702	AXX17_At4g12720	P
UniProtKB	A0A178USM8	AXX17_At5g23720	GO:0004601		3702	AXX17_At5g23720,AN1_LOCUS23148,C24_LOCUS23033	F
UniProtKB	A0A178USM8	AXX17_At5g23720	GO:0004601		3702	AXX17_At5g23720,AN1_LOCUS23148,C24_LOCUS23033	F
UniProtKB	A0A178USM8	AXX17_At5g23720	GO:0098869		3702	AXX17_At5g23720,AN1_LOCUS23148,C24_LOCUS23033	P
UniProtKB	A0A178USM8	AXX17_At5g23720	GO:0098869		3702	AXX17_At5g23720,AN1_LOCUS23148,C24_LOCUS23033	P
UniProtKB	A0A178UT50	AXX17_At5g39970	GO:0004362		3702	AXX17_At5g39970,At5g42150,AN1_LOCUS24396,C24_LOCUS24223	F
UniProtKB	A0A178UT50	AXX17_At5g39970	GO:0098869		3702	AXX17_At5g39970,At5g42150,AN1_LOCUS24396,C24_LOCUS24223	P
UniProtKB	A0A178UTE8	AXX17_At4g38710	GO:0004601		3702	AXX17_At4g38710	F
UniProtKB	A0A178UTE8	AXX17_At4g38710	GO:0004601		3702	AXX17_At4g38710	F
UniProtKB	A0A178UTE8	AXX17_At4g38710	GO:0098869		3702	AXX17_At4g38710	P
UniProtKB	A0A178UTE8	AXX17_At4g38710	GO:0098869		3702	AXX17_At4g38710	P
UniProtKB	A0A178UTH2	AXX17_At4g09980	GO:0004601		3702	AXX17_At4g09980	F
UniProtKB	A0A178UTH2	AXX17_At4g09980	GO:0004601		3702	AXX17_At4g09980	F
UniProtKB	A0A178UTH2	AXX17_At4g09980	GO:0098869		3702	AXX17_At4g09980	P
UniProtKB	A0A178UTH2	AXX17_At4g09980	GO:0098869		3702	AXX17_At4g09980	P
UniProtKB	A0A178UTM3	AXX17_At4g10330	GO:0004601		3702	AXX17_At4g10330	F
UniProtKB	A0A178UTM3	AXX17_At4g10330	GO:0098869		3702	AXX17_At4g10330	P
UniProtKB	A0A178UU44	AXX17_At4g28990	GO:0004601		3702	AXX17_At4g28990	F
UniProtKB	A0A178UU44	AXX17_At4g28990	GO:0004601		3702	AXX17_At4g28990	F
UniProtKB	A0A178UU44	AXX17_At4g28990	GO:0098869		3702	AXX17_At4g28990	P
UniProtKB	A0A178UU44	AXX17_At4g28990	GO:0098869		3702	AXX17_At4g28990	P
UniProtKB	A0A178UU74	AXX17_At4g26480	GO:1990961		3702	AXX17_At4g26480,AN1_LOCUS19008,AT9943_LOCUS16387,C24_LOCUS18911	P
UniProtKB	A0A178UUD0	AXX17_At4g40070	GO:0004096		3702	AXX17_At4g40070	F
UniProtKB	A0A178UUD0	AXX17_At4g40070	GO:0004601		3702	AXX17_At4g40070	F
UniProtKB	A0A178UUD0	AXX17_At4g40070	GO:0004096		3702	AXX17_At4g40070	F
UniProtKB	A0A178UUD0	AXX17_At4g40070	GO:0004096		3702	AXX17_At4g40070	F
UniProtKB	A0A178UUD0	AXX17_At4g40070	GO:0098869		3702	AXX17_At4g40070	P
UniProtKB	A0A178UUD0	AXX17_At4g40070	GO:0098869		3702	AXX17_At4g40070	P
UniProtKB	A0A178UUD0	AXX17_At4g40070	GO:0098869		3702	AXX17_At4g40070	P
UniProtKB	A0A178UUD0	AXX17_At4g40070	GO:0098869		3702	AXX17_At4g40070	P
UniProtKB	A0A178UUF4	AXX17_At5g38080	GO:0004362		3702	AXX17_At5g38080,AN1_LOCUS24206,AT9943_LOCUS20914,C24_LOCUS24030	F
UniProtKB	A0A178UUF4	AXX17_At5g38080	GO:0098869		3702	AXX17_At5g38080,AN1_LOCUS24206,AT9943_LOCUS20914,C24_LOCUS24030	P
UniProtKB	A0A178UUM6	AXX17_At4g25490	GO:0004601		3702	AXX17_At4g25490,AT9943_LOCUS16303,C24_LOCUS18809	F
UniProtKB	A0A178UUM6	AXX17_At4g25490	GO:0004601		3702	AXX17_At4g25490,AT9943_LOCUS16303,C24_LOCUS18809	F
UniProtKB	A0A178UUM6	AXX17_At4g25490	GO:0098869		3702	AXX17_At4g25490,AT9943_LOCUS16303,C24_LOCUS18809	P
UniProtKB	A0A178UUM6	AXX17_At4g25490	GO:0098869		3702	AXX17_At4g25490,AT9943_LOCUS16303,C24_LOCUS18809	P
UniProtKB	A0A178UUS4	AXX17_At4g20780	GO:0004601		3702	AXX17_At4g20780,AN1_LOCUS18476	F
UniProtKB	A0A178UUS4	AXX17_At4g20780	GO:0004601		3702	AXX17_At4g20780,AN1_LOCUS18476	F
UniProtKB	A0A178UUS4	AXX17_At4g20780	GO:0098869		3702	AXX17_At4g20780,AN1_LOCUS18476	P
UniProtKB	A0A178UUS4	AXX17_At4g20780	GO:0098869		3702	AXX17_At4g20780,AN1_LOCUS18476	P
UniProtKB	A0A178UV62	AXX17_At4g29970	GO:0004601		3702	AXX17_At4g29970	F
UniProtKB	A0A178UV62	AXX17_At4g29970	GO:0098869		3702	AXX17_At4g29970	P
UniProtKB	A0A178UV69	AXX17_At4g35780	GO:0004791		3702	AXX17_At4g35780,At4g31240	F
UniProtKB	A0A178UV69	AXX17_At4g35780	GO:0098869		3702	AXX17_At4g35780,At4g31240	P
UniProtKB	A0A178UVA9	AXX17_At4g33480	GO:1990961		3702	AXX17_At4g33480,AN1_LOCUS19703	P
UniProtKB	A0A178UVF1	AXX17_At4g36360	GO:0004601		3702	AXX17_At4g36360,AN1_LOCUS19985,C24_LOCUS19879	F
UniProtKB	A0A178UVF1	AXX17_At4g36360	GO:0004601		3702	AXX17_At4g36360,AN1_LOCUS19985,C24_LOCUS19879	F
UniProtKB	A0A178UVF1	AXX17_At4g36360	GO:0098869		3702	AXX17_At4g36360,AN1_LOCUS19985,C24_LOCUS19879	P
UniProtKB	A0A178UVF1	AXX17_At4g36360	GO:0098869		3702	AXX17_At4g36360,AN1_LOCUS19985,C24_LOCUS19879	P
UniProtKB	A0A178UVJ5	AXX17_At4g29000	GO:0004784		3702	AXX17_At4g29000,At4g25100	F
UniProtKB	A0A178UVJ5	AXX17_At4g29000	GO:0004784		3702	AXX17_At4g29000,At4g25100	F
UniProtKB	A0A178UVJ5	AXX17_At4g29000	GO:0004784		3702	AXX17_At4g29000,At4g25100	F
UniProtKB	A0A178UVJ5	AXX17_At4g29000	GO:0019430		3702	AXX17_At4g29000,At4g25100	P
UniProtKB	A0A178UVJ5	AXX17_At4g29000	GO:0019430		3702	AXX17_At4g29000,At4g25100	P
UniProtKB	A0A178UVJ5	AXX17_At4g29000	GO:0019430		3702	AXX17_At4g29000,At4g25100	P
UniProtKB	A0A178UW79	AXX17_At4g12660	GO:0004601		3702	AXX17_At4g12660	F
UniProtKB	A0A178UW79	AXX17_At4g12660	GO:0004601		3702	AXX17_At4g12660	F
UniProtKB	A0A178UW79	AXX17_At4g12660	GO:0098869		3702	AXX17_At4g12660	P
UniProtKB	A0A178UW79	AXX17_At4g12660	GO:0098869		3702	AXX17_At4g12660	P
UniProtKB	A0A178UWD6	AXX17_At4g35780	GO:0004791		3702	AXX17_At4g35780,AN1_LOCUS19927,C24_LOCUS19821	F
UniProtKB	A0A178UWD6	AXX17_At4g35780	GO:0098869		3702	AXX17_At4g35780,AN1_LOCUS19927,C24_LOCUS19821	P
UniProtKB	A0A178UWG0	AXX17_At4g42760	GO:0004601		3702	AXX17_At4g42760	F
UniProtKB	A0A178UWG0	AXX17_At4g42760	GO:0098869		3702	AXX17_At4g42760	P
UniProtKB	A0A178UXK1	AXX17_At4g42760	GO:0004601		3702	AXX17_At4g42760	F
UniProtKB	A0A178UXK1	AXX17_At4g42760	GO:0098869		3702	AXX17_At4g42760	P
UniProtKB	A0A178UXP1	AXX17_At4g19110	GO:0004601		3702	AXX17_At4g19110,At4g16270	F
UniProtKB	A0A178UXP1	AXX17_At4g19110	GO:0004601		3702	AXX17_At4g19110,At4g16270	F
UniProtKB	A0A178UXP1	AXX17_At4g19110	GO:0098869		3702	AXX17_At4g19110,At4g16270	P
UniProtKB	A0A178UXP1	AXX17_At4g19110	GO:0098869		3702	AXX17_At4g19110,At4g16270	P
UniProtKB	A0A178UXP6	AXX17_At4g12660	GO:0004601		3702	AXX17_At4g12660,AN1_LOCUS17716,C24_LOCUS17604	F
UniProtKB	A0A178UXP6	AXX17_At4g12660	GO:0004601		3702	AXX17_At4g12660,AN1_LOCUS17716,C24_LOCUS17604	F
UniProtKB	A0A178UXP6	AXX17_At4g12660	GO:0098869		3702	AXX17_At4g12660,AN1_LOCUS17716,C24_LOCUS17604	P
UniProtKB	A0A178UXP6	AXX17_At4g12660	GO:0098869		3702	AXX17_At4g12660,AN1_LOCUS17716,C24_LOCUS17604	P
UniProtKB	A0A178UXU0	AXX17_At4g40490	GO:0019430		3702	AXX17_At4g40490,C24_LOCUS20281	P
UniProtKB	A0A178UXU0	AXX17_At4g40490	GO:0004791		3702	AXX17_At4g40490,C24_LOCUS20281	F
UniProtKB	A0A178UXU0	AXX17_At4g40490	GO:0004791		3702	AXX17_At4g40490,C24_LOCUS20281	F
UniProtKB	A0A178UXU0	AXX17_At4g40490	GO:0019430		3702	AXX17_At4g40490,C24_LOCUS20281	P
UniProtKB	A0A178UXU0	AXX17_At4g40490	GO:0004791		3702	AXX17_At4g40490,C24_LOCUS20281	F
UniProtKB	A0A178UXU0	AXX17_At4g40490	GO:0004791		3702	AXX17_At4g40490,C24_LOCUS20281	F
UniProtKB	A0A178UXW7	AXX17_At4g39980	GO:0004601		3702	AXX17_At4g39980	F
UniProtKB	A0A178UXW7	AXX17_At4g39980	GO:0004601		3702	AXX17_At4g39980	F
UniProtKB	A0A178UXW7	AXX17_At4g39980	GO:0016688		3702	AXX17_At4g39980	F
UniProtKB	A0A178UXW7	AXX17_At4g39980	GO:0098869		3702	AXX17_At4g39980	P
UniProtKB	A0A178UXW7	AXX17_At4g39980	GO:0098869		3702	AXX17_At4g39980	P
UniProtKB	A0A178UXW7	AXX17_At4g39980	GO:0098869		3702	AXX17_At4g39980	P
UniProtKB	A0A178UZF1	AXX17_At4g25420	GO:1990961		3702	AXX17_At4g25420,AN1_LOCUS18905,C24_LOCUS18802	P
UniProtKB	A0A178V0D0	AXX17_At4g34600	GO:0004601		3702	AXX17_At4g34600,AN1_LOCUS19815,AT9943_LOCUS17100,C24_LOCUS19709	F
UniProtKB	A0A178V0D0	AXX17_At4g34600	GO:0004601		3702	AXX17_At4g34600,AN1_LOCUS19815,AT9943_LOCUS17100,C24_LOCUS19709	F
UniProtKB	A0A178V0D0	AXX17_At4g34600	GO:0098869		3702	AXX17_At4g34600,AN1_LOCUS19815,AT9943_LOCUS17100,C24_LOCUS19709	P
UniProtKB	A0A178V0D0	AXX17_At4g34600	GO:0098869		3702	AXX17_At4g34600,AN1_LOCUS19815,AT9943_LOCUS17100,C24_LOCUS19709	P
UniProtKB	A0A178V0M2	AXX17_At4g13080	GO:0004602		3702	AXX17_At4g13080,At4g11600	F
UniProtKB	A0A178V0M2	AXX17_At4g13080	GO:0004601		3702	AXX17_At4g13080,At4g11600	F
UniProtKB	A0A178V0M2	AXX17_At4g13080	GO:0098869		3702	AXX17_At4g13080,At4g11600	P
UniProtKB	A0A178V0M2	AXX17_At4g13080	GO:0098869		3702	AXX17_At4g13080,At4g11600	P
UniProtKB	A0A178V0Q5	AXX17_At4g09460	GO:0004601		3702	AXX17_At4g09460	F
UniProtKB	A0A178V0Q5	AXX17_At4g09460	GO:0016688		3702	AXX17_At4g09460	F
UniProtKB	A0A178V0Q5	AXX17_At4g09460	GO:0098869		3702	AXX17_At4g09460	P
UniProtKB	A0A178V0Q5	AXX17_At4g09460	GO:0098869		3702	AXX17_At4g09460	P
UniProtKB	A0A178V1L7	AXX17_At4g42740	GO:0004601		3702	AXX17_At4g42740,AN1_LOCUS20608,C24_LOCUS20504	F
UniProtKB	A0A178V1L7	AXX17_At4g42740	GO:0004601		3702	AXX17_At4g42740,AN1_LOCUS20608,C24_LOCUS20504	F
UniProtKB	A0A178V1L7	AXX17_At4g42740	GO:0098869		3702	AXX17_At4g42740,AN1_LOCUS20608,C24_LOCUS20504	P
UniProtKB	A0A178V1L7	AXX17_At4g42740	GO:0098869		3702	AXX17_At4g42740,AN1_LOCUS20608,C24_LOCUS20504	P
UniProtKB	A0A178V1T5	AXX17_At4g29980	GO:0004601		3702	AXX17_At4g29980	F
UniProtKB	A0A178V1T5	AXX17_At4g29980	GO:0098869		3702	AXX17_At4g29980	P
UniProtKB	A0A178V282	AXX17_At4g37090	GO:0004601		3702	AXX17_At4g37090,AN1_LOCUS20048,C24_LOCUS19942	F
UniProtKB	A0A178V282	AXX17_At4g37090	GO:0004601		3702	AXX17_At4g37090,AN1_LOCUS20048,C24_LOCUS19942	F
UniProtKB	A0A178V282	AXX17_At4g37090	GO:0016688		3702	AXX17_At4g37090,AN1_LOCUS20048,C24_LOCUS19942	F
UniProtKB	A0A178V282	AXX17_At4g37090	GO:0098869		3702	AXX17_At4g37090,AN1_LOCUS20048,C24_LOCUS19942	P
UniProtKB	A0A178V282	AXX17_At4g37090	GO:0098869		3702	AXX17_At4g37090,AN1_LOCUS20048,C24_LOCUS19942	P
UniProtKB	A0A178V282	AXX17_At4g37090	GO:0098869		3702	AXX17_At4g37090,AN1_LOCUS20048,C24_LOCUS19942	P
UniProtKB	A0A178V331	AXX17_At4g29580	GO:1990961		3702	AXX17_At4g29580,AN1_LOCUS19309,AT9943_LOCUS16659,C24_LOCUS19209	P
UniProtKB	A0A178V3A3	AXX17_At4g36490	GO:0004602		3702	AXX17_At4g36490	F
UniProtKB	A0A178V3A3	AXX17_At4g36490	GO:0004601		3702	AXX17_At4g36490	F
UniProtKB	A0A178V3A3	AXX17_At4g36490	GO:0098869		3702	AXX17_At4g36490	P
UniProtKB	A0A178V3A3	AXX17_At4g36490	GO:0098869		3702	AXX17_At4g36490	P
UniProtKB	A0A178V4B3	AXX17_At4g41540	GO:0004601		3702	AXX17_At4g41540	F
UniProtKB	A0A178V4B3	AXX17_At4g41540	GO:0004601		3702	AXX17_At4g41540	F
UniProtKB	A0A178V4B3	AXX17_At4g41540	GO:0098869		3702	AXX17_At4g41540	P
UniProtKB	A0A178V4B3	AXX17_At4g41540	GO:0098869		3702	AXX17_At4g41540	P
UniProtKB	A0A178V4J6	AXX17_At4g38210	GO:0004601		3702	AXX17_At4g38210	F
UniProtKB	A0A178V4J6	AXX17_At4g38210	GO:0004601		3702	AXX17_At4g38210	F
UniProtKB	A0A178V4J6	AXX17_At4g38210	GO:0098869		3702	AXX17_At4g38210	P
UniProtKB	A0A178V4J6	AXX17_At4g38210	GO:0098869		3702	AXX17_At4g38210	P
UniProtKB	A0A178V4R4	AXX17_At4g41110	GO:0004601		3702	AXX17_At4g41110,AN1_LOCUS20445,C24_LOCUS20339	F
UniProtKB	A0A178V4R4	AXX17_At4g41110	GO:0004601		3702	AXX17_At4g41110,AN1_LOCUS20445,C24_LOCUS20339	F
UniProtKB	A0A178V4R4	AXX17_At4g41110	GO:0016688		3702	AXX17_At4g41110,AN1_LOCUS20445,C24_LOCUS20339	F
UniProtKB	A0A178V4R4	AXX17_At4g41110	GO:0098869		3702	AXX17_At4g41110,AN1_LOCUS20445,C24_LOCUS20339	P
UniProtKB	A0A178V4R4	AXX17_At4g41110	GO:0098869		3702	AXX17_At4g41110,AN1_LOCUS20445,C24_LOCUS20339	P
UniProtKB	A0A178V4R4	AXX17_At4g41110	GO:0098869		3702	AXX17_At4g41110,AN1_LOCUS20445,C24_LOCUS20339	P
UniProtKB	A0A178V4R8	AXX17_At3g26110	GO:0004362		3702	AXX17_At3g26110,AN1_LOCUS13889,C24_LOCUS13726	F
UniProtKB	A0A178V4R8	AXX17_At3g26110	GO:0004362		3702	AXX17_At3g26110,AN1_LOCUS13889,C24_LOCUS13726	F
UniProtKB	A0A178V4R8	AXX17_At3g26110	GO:0098869		3702	AXX17_At3g26110,AN1_LOCUS13889,C24_LOCUS13726	P
UniProtKB	A0A178V4R8	AXX17_At3g26110	GO:0098869		3702	AXX17_At3g26110,AN1_LOCUS13889,C24_LOCUS13726	P
UniProtKB	A0A178V4U6	AXX17_At3g43250	GO:0004601		3702	AXX17_At3g43250	F
UniProtKB	A0A178V4U6	AXX17_At3g43250	GO:0004601		3702	AXX17_At3g43250	F
UniProtKB	A0A178V4U6	AXX17_At3g43250	GO:0098869		3702	AXX17_At3g43250	P
UniProtKB	A0A178V4U6	AXX17_At3g43250	GO:0098869		3702	AXX17_At3g43250	P
UniProtKB	A0A178V6D1	AXX17_At4g00470	GO:1990961		3702	AXX17_At4g00470	P
UniProtKB	A0A178V6M5	AXX17_At3g02980	GO:1990961		3702	AXX17_At3g02980	P
UniProtKB	A0A178V6S0	AXX17_At3g49150	GO:0004362		3702	AXX17_At3g49150	F
UniProtKB	A0A178V6S0	AXX17_At3g49150	GO:0004362		3702	AXX17_At3g49150	F
UniProtKB	A0A178V6S0	AXX17_At3g49150	GO:0004362		3702	AXX17_At3g49150	F
UniProtKB	A0A178V6S0	AXX17_At3g49150	GO:0098869		3702	AXX17_At3g49150	P
UniProtKB	A0A178V6S0	AXX17_At3g49150	GO:0098869		3702	AXX17_At3g49150	P
UniProtKB	A0A178V6S0	AXX17_At3g49150	GO:0098869		3702	AXX17_At3g49150	P
UniProtKB	A0A178V714	AXX17_At4g30010	GO:0004601		3702	AXX17_At4g30010	F
UniProtKB	A0A178V714	AXX17_At4g30010	GO:0004601		3702	AXX17_At4g30010	F
UniProtKB	A0A178V714	AXX17_At4g30010	GO:0098869		3702	AXX17_At4g30010	P
UniProtKB	A0A178V714	AXX17_At4g30010	GO:0098869		3702	AXX17_At4g30010	P
UniProtKB	A0A178V7T8	AXX17_At4g26710	GO:1990961		3702	AXX17_At4g26710,AN1_LOCUS19032	P
UniProtKB	A0A178V7Z9	AXX17_At4g09970	GO:0004601		3702	AXX17_At4g09970,AT9943_LOCUS15052	F
UniProtKB	A0A178V7Z9	AXX17_At4g09970	GO:0004601		3702	AXX17_At4g09970,AT9943_LOCUS15052	F
UniProtKB	A0A178V7Z9	AXX17_At4g09970	GO:0098869		3702	AXX17_At4g09970,AT9943_LOCUS15052	P
UniProtKB	A0A178V7Z9	AXX17_At4g09970	GO:0098869		3702	AXX17_At4g09970,AT9943_LOCUS15052	P
UniProtKB	A0A178V802	AXX17_At3g00240	GO:0004601		3702	AXX17_At3g00240,AN1_LOCUS11370,C24_LOCUS11207	F
UniProtKB	A0A178V802	AXX17_At3g00240	GO:0004601		3702	AXX17_At3g00240,AN1_LOCUS11370,C24_LOCUS11207	F
UniProtKB	A0A178V802	AXX17_At3g00240	GO:0098869		3702	AXX17_At3g00240,AN1_LOCUS11370,C24_LOCUS11207	P
UniProtKB	A0A178V802	AXX17_At3g00240	GO:0098869		3702	AXX17_At3g00240,AN1_LOCUS11370,C24_LOCUS11207	P
UniProtKB	A0A178V845	AXX17_At3g37260	GO:0009407		3702	AXX17_At3g37260,AN1_LOCUS14688	P
UniProtKB	A0A178V8I3	AXX17_At3g39680	GO:0004601		3702	AXX17_At3g39680	F
UniProtKB	A0A178V8I3	AXX17_At3g39680	GO:0004601		3702	AXX17_At3g39680	F
UniProtKB	A0A178V8I3	AXX17_At3g39680	GO:0098869		3702	AXX17_At3g39680	P
UniProtKB	A0A178V8I3	AXX17_At3g39680	GO:0098869		3702	AXX17_At3g39680	P
UniProtKB	A0A178V8W6	AXX17_At3g00510	GO:0004601		3702	AXX17_At3g00510,C24_LOCUS11240	F
UniProtKB	A0A178V8W6	AXX17_At3g00510	GO:0098869		3702	AXX17_At3g00510,C24_LOCUS11240	P
UniProtKB	A0A178VAP5	AXX17_At3g43700	GO:0098869		3702	AXX17_At3g43700,AN1_LOCUS15308,C24_LOCUS15188	P
UniProtKB	A0A178VB34	AXX17_At3g44140	GO:0004601		3702	AXX17_At3g44140	F
UniProtKB	A0A178VB34	AXX17_At3g44140	GO:0004601		3702	AXX17_At3g44140	F
UniProtKB	A0A178VB34	AXX17_At3g44140	GO:0098869		3702	AXX17_At3g44140	P
UniProtKB	A0A178VB34	AXX17_At3g44140	GO:0098869		3702	AXX17_At3g44140	P
UniProtKB	A0A178VBA5	AXX17_At3g05750	GO:0016209		3702	AXX17_At3g05750,C24_LOCUS11756	F
UniProtKB	A0A178VBA5	AXX17_At3g05750	GO:0004601		3702	AXX17_At3g05750,C24_LOCUS11756	F
UniProtKB	A0A178VBA5	AXX17_At3g05750	GO:0098869		3702	AXX17_At3g05750,C24_LOCUS11756	P
UniProtKB	A0A178VBA5	AXX17_At3g05750	GO:0098869		3702	AXX17_At3g05750,C24_LOCUS11756	P
UniProtKB	A0A178VBR1	AXX17_At3g23270	GO:1990961		3702	AXX17_At3g23270	P
UniProtKB	A0A178VCD1	AXX17_At3g23360	GO:0004601		3702	AXX17_At3g23360	F
UniProtKB	A0A178VCD1	AXX17_At3g23360	GO:0004601		3702	AXX17_At3g23360	F
UniProtKB	A0A178VCD1	AXX17_At3g23360	GO:0098869		3702	AXX17_At3g23360	P
UniProtKB	A0A178VCD1	AXX17_At3g23360	GO:0098869		3702	AXX17_At3g23360	P
UniProtKB	A0A178VD11	AXX17_At3g28170	GO:0016209		3702	AXX17_At3g28170	F
UniProtKB	A0A178VD11	AXX17_At3g28170	GO:0051920		3702	AXX17_At3g28170	F
UniProtKB	A0A178VD11	AXX17_At3g28170	GO:0098869		3702	AXX17_At3g28170	P
UniProtKB	A0A178VD11	AXX17_At3g28170	GO:0098869		3702	AXX17_At3g28170	P
UniProtKB	A0A178VDJ0	AXX17_At3g50980	GO:0004784		3702	AXX17_At3g50980,AN1_LOCUS16013,AT9943_LOCUS13784	F
UniProtKB	A0A178VDJ0	AXX17_At3g50980	GO:0004784		3702	AXX17_At3g50980,AN1_LOCUS16013,AT9943_LOCUS13784	F
UniProtKB	A0A178VDJ0	AXX17_At3g50980	GO:0019430		3702	AXX17_At3g50980,AN1_LOCUS16013,AT9943_LOCUS13784	P
UniProtKB	A0A178VDJ0	AXX17_At3g50980	GO:0019430		3702	AXX17_At3g50980,AN1_LOCUS16013,AT9943_LOCUS13784	P
UniProtKB	A0A178VDR9	AXX17_At3g10800	GO:0004784		3702	AXX17_At3g10800,C24_LOCUS12239	F
UniProtKB	A0A178VDR9	AXX17_At3g10800	GO:0004784		3702	AXX17_At3g10800,C24_LOCUS12239	F
UniProtKB	A0A178VDR9	AXX17_At3g10800	GO:0019430		3702	AXX17_At3g10800,C24_LOCUS12239	P
UniProtKB	A0A178VDR9	AXX17_At3g10800	GO:0019430		3702	AXX17_At3g10800,C24_LOCUS12239	P
UniProtKB	A0A178VDY2	AXX17_At3g57360	GO:0004602		3702	AXX17_At3g57360,At3g63080	F
UniProtKB	A0A178VDY2	AXX17_At3g57360	GO:0004601		3702	AXX17_At3g57360,At3g63080	F
UniProtKB	A0A178VDY2	AXX17_At3g57360	GO:0098869		3702	AXX17_At3g57360,At3g63080	P
UniProtKB	A0A178VDY2	AXX17_At3g57360	GO:0098869		3702	AXX17_At3g57360,At3g63080	P
UniProtKB	A0A178VEY5	AXX17_At3g28870	GO:1990961		3702	AXX17_At3g28870,C24_LOCUS13981	P
UniProtKB	A0A178VF66	AXX17_At3g43710	GO:0098869		3702	AXX17_At3g43710,AN1_LOCUS15309,AT9943_LOCUS13162,C24_LOCUS15189	P
UniProtKB	A0A178VFJ7	AXX17_At3g30780	GO:0004601		3702	AXX17_At3g30780,AN1_LOCUS14325,AT9943_LOCUS12270,C24_LOCUS14161	F
UniProtKB	A0A178VFJ7	AXX17_At3g30780	GO:0004601		3702	AXX17_At3g30780,AN1_LOCUS14325,AT9943_LOCUS12270,C24_LOCUS14161	F
UniProtKB	A0A178VFJ7	AXX17_At3g30780	GO:0098869		3702	AXX17_At3g30780,AN1_LOCUS14325,AT9943_LOCUS12270,C24_LOCUS14161	P
UniProtKB	A0A178VFJ7	AXX17_At3g30780	GO:0098869		3702	AXX17_At3g30780,AN1_LOCUS14325,AT9943_LOCUS12270,C24_LOCUS14161	P
UniProtKB	A0A178VGZ7	AXX17_At3g43260	GO:0004601		3702	AXX17_At3g43260	F
UniProtKB	A0A178VGZ7	AXX17_At3g43260	GO:0004601		3702	AXX17_At3g43260	F
UniProtKB	A0A178VGZ7	AXX17_At3g43260	GO:0098869		3702	AXX17_At3g43260	P
UniProtKB	A0A178VGZ7	AXX17_At3g43260	GO:0098869		3702	AXX17_At3g43260	P
UniProtKB	A0A178VH43	AXX17_At3g09280	GO:0004601		3702	AXX17_At3g09280,AN1_LOCUS12261,AT9943_LOCUS10541,C24_LOCUS12094	F
UniProtKB	A0A178VH43	AXX17_At3g09280	GO:0004601		3702	AXX17_At3g09280,AN1_LOCUS12261,AT9943_LOCUS10541,C24_LOCUS12094	F
UniProtKB	A0A178VH43	AXX17_At3g09280	GO:0016688		3702	AXX17_At3g09280,AN1_LOCUS12261,AT9943_LOCUS10541,C24_LOCUS12094	F
UniProtKB	A0A178VH43	AXX17_At3g09280	GO:0098869		3702	AXX17_At3g09280,AN1_LOCUS12261,AT9943_LOCUS10541,C24_LOCUS12094	P
UniProtKB	A0A178VH43	AXX17_At3g09280	GO:0098869		3702	AXX17_At3g09280,AN1_LOCUS12261,AT9943_LOCUS10541,C24_LOCUS12094	P
UniProtKB	A0A178VH43	AXX17_At3g09280	GO:0098869		3702	AXX17_At3g09280,AN1_LOCUS12261,AT9943_LOCUS10541,C24_LOCUS12094	P
UniProtKB	A0A178VHG0	AXX17_At3g47370	GO:0016209		3702	AXX17_At3g47370,AN1_LOCUS15663,AT9943_LOCUS13476,C24_LOCUS15545	F
UniProtKB	A0A178VHG0	AXX17_At3g47370	GO:0004601		3702	AXX17_At3g47370,AN1_LOCUS15663,AT9943_LOCUS13476,C24_LOCUS15545	F
UniProtKB	A0A178VHG0	AXX17_At3g47370	GO:0098869		3702	AXX17_At3g47370,AN1_LOCUS15663,AT9943_LOCUS13476,C24_LOCUS15545	P
UniProtKB	A0A178VHG0	AXX17_At3g47370	GO:0098869		3702	AXX17_At3g47370,AN1_LOCUS15663,AT9943_LOCUS13476,C24_LOCUS15545	P
UniProtKB	A0A178VI54	AXX17_At3g17950	GO:0004601		3702	AXX17_At3g17950,AT9943_LOCUS11271,C24_LOCUS12928	F
UniProtKB	A0A178VI54	AXX17_At3g17950	GO:0004601		3702	AXX17_At3g17950,AT9943_LOCUS11271,C24_LOCUS12928	F
UniProtKB	A0A178VI54	AXX17_At3g17950	GO:0098869		3702	AXX17_At3g17950,AT9943_LOCUS11271,C24_LOCUS12928	P
UniProtKB	A0A178VI54	AXX17_At3g17950	GO:0098869		3702	AXX17_At3g17950,AT9943_LOCUS11271,C24_LOCUS12928	P
UniProtKB	A0A178VJF9	AXX17_At3g03030	GO:0004601		3702	AXX17_At3g03030	F
UniProtKB	A0A178VJF9	AXX17_At3g03030	GO:0004601		3702	AXX17_At3g03030	F
UniProtKB	A0A178VJF9	AXX17_At3g03030	GO:0098869		3702	AXX17_At3g03030	P
UniProtKB	A0A178VJF9	AXX17_At3g03030	GO:0098869		3702	AXX17_At3g03030	P
UniProtKB	A0A178VJI8	AXX17_At3g45270	GO:0004601		3702	AXX17_At3g45270,C24_LOCUS15342	F
UniProtKB	A0A178VJI8	AXX17_At3g45270	GO:0004601		3702	AXX17_At3g45270,C24_LOCUS15342	F
UniProtKB	A0A178VJI8	AXX17_At3g45270	GO:0098869		3702	AXX17_At3g45270,C24_LOCUS15342	P
UniProtKB	A0A178VJI8	AXX17_At3g45270	GO:0098869		3702	AXX17_At3g45270,C24_LOCUS15342	P
UniProtKB	A0A178VJT2	AXX17_At3g11560	GO:0016209		3702	AXX17_At3g11560,AN1_LOCUS12485,AT9943_LOCUS10735,C24_LOCUS12315	F
UniProtKB	A0A178VJT2	AXX17_At3g11560	GO:0051920		3702	AXX17_At3g11560,AN1_LOCUS12485,AT9943_LOCUS10735,C24_LOCUS12315	F
UniProtKB	A0A178VJT2	AXX17_At3g11560	GO:0051920		3702	AXX17_At3g11560,AN1_LOCUS12485,AT9943_LOCUS10735,C24_LOCUS12315	F
UniProtKB	A0A178VJT2	AXX17_At3g11560	GO:0098869		3702	AXX17_At3g11560,AN1_LOCUS12485,AT9943_LOCUS10735,C24_LOCUS12315	P
UniProtKB	A0A178VJT2	AXX17_At3g11560	GO:0098869		3702	AXX17_At3g11560,AN1_LOCUS12485,AT9943_LOCUS10735,C24_LOCUS12315	P
UniProtKB	A0A178VJT2	AXX17_At3g11560	GO:0098869		3702	AXX17_At3g11560,AN1_LOCUS12485,AT9943_LOCUS10735,C24_LOCUS12315	P
UniProtKB	A0A178VKA2	AXX17_At3g53550	GO:1990961		3702	AXX17_At3g53550,AN1_LOCUS16282,AT9943_LOCUS14011,C24_LOCUS16164	P
UniProtKB	A0A178VKN3	AXX17_At3g08890	GO:0009407		3702	AXX17_At3g08890	P
UniProtKB	A0A178VLU1	AXX17_At2g03110	GO:1990961		3702	AXX17_At2g03110	P
UniProtKB	A0A178VM24	AXX17_At2g13470	GO:0004601		3702	AXX17_At2g13470,AN1_LOCUS8176	F
UniProtKB	A0A178VM24	AXX17_At2g13470	GO:0004601		3702	AXX17_At2g13470,AN1_LOCUS8176	F
UniProtKB	A0A178VM24	AXX17_At2g13470	GO:0098869		3702	AXX17_At2g13470,AN1_LOCUS8176	P
UniProtKB	A0A178VM24	AXX17_At2g13470	GO:0098869		3702	AXX17_At2g13470,AN1_LOCUS8176	P
UniProtKB	A0A178VNB1	AXX17_At2g03120	GO:1990961		3702	AXX17_At2g03120	P
UniProtKB	A0A178VNI1	AXX17_At3g25120	GO:1990961		3702	AXX17_At3g25120	P
UniProtKB	A0A178VPE1	AXX17_At3g25110	GO:1990961		3702	AXX17_At3g25110,AN1_LOCUS13817	P
UniProtKB	A0A178VPK0	AXX17_At2g25540	GO:0009407		3702	AXX17_At2g25540,AN1_LOCUS9347,C24_LOCUS9197	P
UniProtKB	A0A178VPK7	AXX17_At2g03090	GO:1990961		3702	AXX17_At2g03090,C24_LOCUS7330	P
UniProtKB	A0A178VPP0	AXX17_At2g25530	GO:0009407		3702	AXX17_At2g25530	P
UniProtKB	A0A178VPU1	AXX17_At2g38750	GO:0004601		3702	AXX17_At2g38750	F
UniProtKB	A0A178VPU1	AXX17_At2g38750	GO:0004601		3702	AXX17_At2g38750	F
UniProtKB	A0A178VPU1	AXX17_At2g38750	GO:0098869		3702	AXX17_At2g38750	P
UniProtKB	A0A178VPU1	AXX17_At2g38750	GO:0098869		3702	AXX17_At2g38750	P
UniProtKB	A0A178VQA7	AXX17_At2g24200	GO:0016209		3702	AXX17_At2g24200	F
UniProtKB	A0A178VQA7	AXX17_At2g24200	GO:0004784		3702	AXX17_At2g24200	F
UniProtKB	A0A178VQA7	AXX17_At2g24200	GO:0098869		3702	AXX17_At2g24200	P
UniProtKB	A0A178VQA7	AXX17_At2g24200	GO:0019430		3702	AXX17_At2g24200	P
UniProtKB	A0A178VQH7	AXX17_At2g30900	GO:1990961		3702	AXX17_At2g30900	P
UniProtKB	A0A178VQZ7	AXX17_At2g38800	GO:0046294		3702	AXX17_At2g38800,AN1_LOCUS10651,AT9943_LOCUS9146	P
UniProtKB	A0A178VRE4	AXX17_At2g30540	GO:0004601		3702	AXX17_At2g30540	F
UniProtKB	A0A178VRE4	AXX17_At2g30540	GO:0004601		3702	AXX17_At2g30540	F
UniProtKB	A0A178VRE4	AXX17_At2g30540	GO:0098869		3702	AXX17_At2g30540	P
UniProtKB	A0A178VRE4	AXX17_At2g30540	GO:0098869		3702	AXX17_At2g30540	P
UniProtKB	A0A178VRR2	AXX17_At2g03100	GO:1990961		3702	AXX17_At2g03100	P
UniProtKB	A0A178VRV0	AXX17_At2g35960	GO:0004601		3702	AXX17_At2g35960,AN1_LOCUS10368,C24_LOCUS10213	F
UniProtKB	A0A178VRV0	AXX17_At2g35960	GO:0004601		3702	AXX17_At2g35960,AN1_LOCUS10368,C24_LOCUS10213	F
UniProtKB	A0A178VRV0	AXX17_At2g35960	GO:0098869		3702	AXX17_At2g35960,AN1_LOCUS10368,C24_LOCUS10213	P
UniProtKB	A0A178VRV0	AXX17_At2g35960	GO:0098869		3702	AXX17_At2g35960,AN1_LOCUS10368,C24_LOCUS10213	P
UniProtKB	A0A178VRV1	AXX17_At2g24200	GO:0016209		3702	AXX17_At2g24200,AN1_LOCUS9217,C24_LOCUS9067	F
UniProtKB	A0A178VRV1	AXX17_At2g24200	GO:0004784		3702	AXX17_At2g24200,AN1_LOCUS9217,C24_LOCUS9067	F
UniProtKB	A0A178VRV1	AXX17_At2g24200	GO:0098869		3702	AXX17_At2g24200,AN1_LOCUS9217,C24_LOCUS9067	P
UniProtKB	A0A178VRV1	AXX17_At2g24200	GO:0019430		3702	AXX17_At2g24200,AN1_LOCUS9217,C24_LOCUS9067	P
UniProtKB	A0A178VTA3	AXX17_At2g08840	GO:0004601		3702	AXX17_At2g08840	F
UniProtKB	A0A178VTA3	AXX17_At2g08840	GO:0004601		3702	AXX17_At2g08840	F
UniProtKB	A0A178VTA3	AXX17_At2g08840	GO:0098869		3702	AXX17_At2g08840	P
UniProtKB	A0A178VTA3	AXX17_At2g08840	GO:0098869		3702	AXX17_At2g08840	P
UniProtKB	A0A178VTX5	AXX17_At2g35250	GO:0004601		3702	AXX17_At2g35250,C24_LOCUS10146	F
UniProtKB	A0A178VTX5	AXX17_At2g35250	GO:0004601		3702	AXX17_At2g35250,C24_LOCUS10146	F
UniProtKB	A0A178VTX5	AXX17_At2g35250	GO:0098869		3702	AXX17_At2g35250,C24_LOCUS10146	P
UniProtKB	A0A178VTX5	AXX17_At2g35250	GO:0098869		3702	AXX17_At2g35250,C24_LOCUS10146	P
UniProtKB	A0A178VU84	AXX17_At2g31960	GO:0004601		3702	AXX17_At2g31960	F
UniProtKB	A0A178VU84	AXX17_At2g31960	GO:0004601		3702	AXX17_At2g31960	F
UniProtKB	A0A178VU84	AXX17_At2g31960	GO:0098869		3702	AXX17_At2g31960	P
UniProtKB	A0A178VU84	AXX17_At2g31960	GO:0098869		3702	AXX17_At2g31960	P
UniProtKB	A0A178VUI4	AXX17_At2g25570	GO:0009407		3702	AXX17_At2g25570,C24_LOCUS9201	P
UniProtKB	A0A178VUQ0	AXX17_At2g25520	GO:0009407		3702	AXX17_At2g25520,AN1_LOCUS9344	P
UniProtKB	A0A178VVD7	AXX17_At2g12620	GO:0019430		3702	AXX17_At2g12620	P
UniProtKB	A0A178VVD7	AXX17_At2g12620	GO:0004791		3702	AXX17_At2g12620	F
UniProtKB	A0A178VVD7	AXX17_At2g12620	GO:0004791		3702	AXX17_At2g12620	F
UniProtKB	A0A178VVD7	AXX17_At2g12620	GO:0004791		3702	AXX17_At2g12620	F
UniProtKB	A0A178VVD7	AXX17_At2g12620	GO:0019430		3702	AXX17_At2g12620	P
UniProtKB	A0A178VVD7	AXX17_At2g12620	GO:0004791		3702	AXX17_At2g12620	F
UniProtKB	A0A178VVD7	AXX17_At2g12620	GO:0004791		3702	AXX17_At2g12620	F
UniProtKB	A0A178VW94	AXX17_At2g13460	GO:0004601		3702	AXX17_At2g13460,AT9943_LOCUS7019,C24_LOCUS8020	F
UniProtKB	A0A178VW94	AXX17_At2g13460	GO:0004601		3702	AXX17_At2g13460,AT9943_LOCUS7019,C24_LOCUS8020	F
UniProtKB	A0A178VW94	AXX17_At2g13460	GO:0098869		3702	AXX17_At2g13460,AT9943_LOCUS7019,C24_LOCUS8020	P
UniProtKB	A0A178VW94	AXX17_At2g13460	GO:0098869		3702	AXX17_At2g13460,AT9943_LOCUS7019,C24_LOCUS8020	P
UniProtKB	A0A178VWU9	AXX17_At2g03150	GO:1990961		3702	AXX17_At2g03150	P
UniProtKB	A0A178VWX5	AXX17_At2g35380	GO:1990961		3702	AXX17_At2g35380	P
UniProtKB	A0A178VXC8	AXX17_At2g45940	GO:0004602		3702	AXX17_At2g45940,AN1_LOCUS11347,C24_LOCUS11183	F
UniProtKB	A0A178VXC8	AXX17_At2g45940	GO:0004601		3702	AXX17_At2g45940,AN1_LOCUS11347,C24_LOCUS11183	F
UniProtKB	A0A178VXC8	AXX17_At2g45940	GO:0098869		3702	AXX17_At2g45940,AN1_LOCUS11347,C24_LOCUS11183	P
UniProtKB	A0A178VXC8	AXX17_At2g45940	GO:0098869		3702	AXX17_At2g45940,AN1_LOCUS11347,C24_LOCUS11183	P
UniProtKB	A0A178VXJ6	AXX17_At2g40990	GO:0004601		3702	AXX17_At2g40990,C24_LOCUS10698	F
UniProtKB	A0A178VXJ6	AXX17_At2g40990	GO:0004601		3702	AXX17_At2g40990,C24_LOCUS10698	F
UniProtKB	A0A178VXJ6	AXX17_At2g40990	GO:0098869		3702	AXX17_At2g40990,C24_LOCUS10698	P
UniProtKB	A0A178VXJ6	AXX17_At2g40990	GO:0098869		3702	AXX17_At2g40990,C24_LOCUS10698	P
UniProtKB	A0A178VXY4	AXX17_At2g25500	GO:0009407		3702	AXX17_At2g25500,C24_LOCUS9192	P
UniProtKB	A0A178VXY6	AXX17_At2g20790	GO:0004602		3702	AXX17_At2g20790,AN1_LOCUS8890,AT9943_LOCUS7623,C24_LOCUS8740	F
UniProtKB	A0A178VXY6	AXX17_At2g20790	GO:0004601		3702	AXX17_At2g20790,AN1_LOCUS8890,AT9943_LOCUS7623,C24_LOCUS8740	F
UniProtKB	A0A178VXY6	AXX17_At2g20790	GO:0098869		3702	AXX17_At2g20790,AN1_LOCUS8890,AT9943_LOCUS7623,C24_LOCUS8740	P
UniProtKB	A0A178VXY6	AXX17_At2g20790	GO:0098869		3702	AXX17_At2g20790,AN1_LOCUS8890,AT9943_LOCUS7623,C24_LOCUS8740	P
UniProtKB	A0A178VYF0	AXX17_At2g38740	GO:0004601		3702	AXX17_At2g38740	F
UniProtKB	A0A178VYF0	AXX17_At2g38740	GO:0098869		3702	AXX17_At2g38740	P
UniProtKB	A0A178VYF3	AXX17_At2g27810	GO:0004602		3702	AXX17_At2g27810,AN1_LOCUS9576,C24_LOCUS9424	F
UniProtKB	A0A178VYF3	AXX17_At2g27810	GO:0004601		3702	AXX17_At2g27810,AN1_LOCUS9576,C24_LOCUS9424	F
UniProtKB	A0A178VYF3	AXX17_At2g27810	GO:0098869		3702	AXX17_At2g27810,AN1_LOCUS9576,C24_LOCUS9424	P
UniProtKB	A0A178VYF3	AXX17_At2g27810	GO:0098869		3702	AXX17_At2g27810,AN1_LOCUS9576,C24_LOCUS9424	P
UniProtKB	A0A178VZE7	AXX17_At2g38950	GO:0004791		3702	AXX17_At2g38950,AN1_LOCUS10664,C24_LOCUS10506	F
UniProtKB	A0A178VZE7	AXX17_At2g38950	GO:0019430		3702	AXX17_At2g38950,AN1_LOCUS10664,C24_LOCUS10506	P
UniProtKB	A0A178VZE7	AXX17_At2g38950	GO:0004791		3702	AXX17_At2g38950,AN1_LOCUS10664,C24_LOCUS10506	F
UniProtKB	A0A178VZE7	AXX17_At2g38950	GO:0004791		3702	AXX17_At2g38950,AN1_LOCUS10664,C24_LOCUS10506	F
UniProtKB	A0A178VZE7	AXX17_At2g38950	GO:0019430		3702	AXX17_At2g38950,AN1_LOCUS10664,C24_LOCUS10506	P
UniProtKB	A0A178VZE7	AXX17_At2g38950	GO:0004791		3702	AXX17_At2g38950,AN1_LOCUS10664,C24_LOCUS10506	F
UniProtKB	A0A178VZE7	AXX17_At2g38950	GO:0004791		3702	AXX17_At2g38950,AN1_LOCUS10664,C24_LOCUS10506	F
UniProtKB	A0A178VZG2	AXX17_At2g17990	GO:0004601		3702	AXX17_At2g17990	F
UniProtKB	A0A178VZG2	AXX17_At2g17990	GO:0004601		3702	AXX17_At2g17990	F
UniProtKB	A0A178VZG2	AXX17_At2g17990	GO:0098869		3702	AXX17_At2g17990	P
UniProtKB	A0A178VZG2	AXX17_At2g17990	GO:0098869		3702	AXX17_At2g17990	P
UniProtKB	A0A178VZK8	AXX17_At2g25550	GO:0009407		3702	AXX17_At2g25550	P
UniProtKB	A0A178VZV3	AXX17_At2g03130	GO:1990961		3702	AXX17_At2g03130	P
UniProtKB	A0A178VZV4	AXX17_At2g33920	GO:0004601		3702	AXX17_At2g33920	F
UniProtKB	A0A178VZV4	AXX17_At2g33920	GO:0004601		3702	AXX17_At2g33920	F
UniProtKB	A0A178VZV4	AXX17_At2g33920	GO:0098869		3702	AXX17_At2g33920	P
UniProtKB	A0A178VZV4	AXX17_At2g33920	GO:0098869		3702	AXX17_At2g33920	P
UniProtKB	A0A178W097	AXX17_At2g40820	GO:0004602		3702	AXX17_At2g40820,At2g43350,AT9943_LOCUS9319	F
UniProtKB	A0A178W097	AXX17_At2g40820	GO:0004601		3702	AXX17_At2g40820,At2g43350,AT9943_LOCUS9319	F
UniProtKB	A0A178W097	AXX17_At2g40820	GO:0098869		3702	AXX17_At2g40820,At2g43350,AT9943_LOCUS9319	P
UniProtKB	A0A178W097	AXX17_At2g40820	GO:0098869		3702	AXX17_At2g40820,At2g43350,AT9943_LOCUS9319	P
UniProtKB	A0A178W1N0	AXX17_At2g03140	GO:1990961		3702	AXX17_At2g03140	P
UniProtKB	A0A178W1Z7	AXX17_At2g20580	GO:0004601		3702	AXX17_At2g20580,C24_LOCUS8718	F
UniProtKB	A0A178W1Z7	AXX17_At2g20580	GO:0004601		3702	AXX17_At2g20580,C24_LOCUS8718	F
UniProtKB	A0A178W1Z7	AXX17_At2g20580	GO:0098869		3702	AXX17_At2g20580,C24_LOCUS8718	P
UniProtKB	A0A178W1Z7	AXX17_At2g20580	GO:0098869		3702	AXX17_At2g20580,C24_LOCUS8718	P
UniProtKB	A0A178W2G2	AXX17_At1g17990	GO:0009407		3702	AXX17_At1g17990,AN1_LOCUS1852	P
UniProtKB	A0A178W2H8	AXX17_At1g64080	GO:0009407		3702	AXX17_At1g64080,AN1_LOCUS6028,C24_LOCUS5917	P
UniProtKB	A0A178W406	AXX17_At1g67980	GO:1990961		3702	AXX17_At1g67980,AN1_LOCUS6403,AT9943_LOCUS5408,C24_LOCUS6295	P
UniProtKB	A0A178W4C2	AXX17_At1g35480	GO:0004601		3702	AXX17_At1g35480,AN1_LOCUS3479	F
UniProtKB	A0A178W4C2	AXX17_At1g35480	GO:0004601		3702	AXX17_At1g35480,AN1_LOCUS3479	F
UniProtKB	A0A178W4C2	AXX17_At1g35480	GO:0098869		3702	AXX17_At1g35480,AN1_LOCUS3479	P
UniProtKB	A0A178W4C2	AXX17_At1g35480	GO:0098869		3702	AXX17_At1g35480,AN1_LOCUS3479	P
UniProtKB	A0A178W4D4	AXX17_At1g73010	GO:0009407		3702	AXX17_At1g73010	P
UniProtKB	A0A178W4F0	AXX17_At1g72060	GO:0004601		3702	AXX17_At1g72060,AN1_LOCUS6793	F
UniProtKB	A0A178W4F0	AXX17_At1g72060	GO:0016688		3702	AXX17_At1g72060,AN1_LOCUS6793	F
UniProtKB	A0A178W4F0	AXX17_At1g72060	GO:0098869		3702	AXX17_At1g72060,AN1_LOCUS6793	P
UniProtKB	A0A178W4F0	AXX17_At1g72060	GO:0098869		3702	AXX17_At1g72060,AN1_LOCUS6793	P
UniProtKB	A0A178W4K6	AXX17_At1g73020	GO:0009407		3702	AXX17_At1g73020,AN1_LOCUS6882,C24_LOCUS6768	P
UniProtKB	A0A178W5I1	AXX17_At1g07590	GO:0004601		3702	AXX17_At1g07590,AN1_LOCUS857,AT9943_LOCUS627,C24_LOCUS774	F
UniProtKB	A0A178W5I1	AXX17_At1g07590	GO:0004601		3702	AXX17_At1g07590,AN1_LOCUS857,AT9943_LOCUS627,C24_LOCUS774	F
UniProtKB	A0A178W5I1	AXX17_At1g07590	GO:0016688		3702	AXX17_At1g07590,AN1_LOCUS857,AT9943_LOCUS627,C24_LOCUS774	F
UniProtKB	A0A178W5I1	AXX17_At1g07590	GO:0098869		3702	AXX17_At1g07590,AN1_LOCUS857,AT9943_LOCUS627,C24_LOCUS774	P
UniProtKB	A0A178W5I1	AXX17_At1g07590	GO:0098869		3702	AXX17_At1g07590,AN1_LOCUS857,AT9943_LOCUS627,C24_LOCUS774	P
UniProtKB	A0A178W5I1	AXX17_At1g07590	GO:0098869		3702	AXX17_At1g07590,AN1_LOCUS857,AT9943_LOCUS627,C24_LOCUS774	P
UniProtKB	A0A178W5S6	AXX17_At1g64070	GO:0009407		3702	AXX17_At1g64070	P
UniProtKB	A0A178W601	AXX17_At1g08910	GO:0004601		3702	AXX17_At1g08910	F
UniProtKB	A0A178W601	AXX17_At1g08910	GO:0004601		3702	AXX17_At1g08910	F
UniProtKB	A0A178W601	AXX17_At1g08910	GO:0098869		3702	AXX17_At1g08910	P
UniProtKB	A0A178W601	AXX17_At1g08910	GO:0098869		3702	AXX17_At1g08910	P
UniProtKB	A0A178W646	AXX17_At1g04670	GO:0004601		3702	AXX17_At1g04670,AN1_LOCUS575,C24_LOCUS490	F
UniProtKB	A0A178W646	AXX17_At1g04670	GO:0004601		3702	AXX17_At1g04670,AN1_LOCUS575,C24_LOCUS490	F
UniProtKB	A0A178W646	AXX17_At1g04670	GO:0098869		3702	AXX17_At1g04670,AN1_LOCUS575,C24_LOCUS490	P
UniProtKB	A0A178W646	AXX17_At1g04670	GO:0098869		3702	AXX17_At1g04670,AN1_LOCUS575,C24_LOCUS490	P
UniProtKB	A0A178W6A3	AXX17_At1g62950	GO:0004601		3702	AXX17_At1g62950,AN1_LOCUS5912	F
UniProtKB	A0A178W6A3	AXX17_At1g62950	GO:0004601		3702	AXX17_At1g62950,AN1_LOCUS5912	F
UniProtKB	A0A178W6A3	AXX17_At1g62950	GO:0098869		3702	AXX17_At1g62950,AN1_LOCUS5912	P
UniProtKB	A0A178W6A3	AXX17_At1g62950	GO:0098869		3702	AXX17_At1g62950,AN1_LOCUS5912	P
UniProtKB	A0A178W6B9	AXX17_At1g59640	GO:0016209		3702	AXX17_At1g59640	F
UniProtKB	A0A178W6B9	AXX17_At1g59640	GO:0004601		3702	AXX17_At1g59640	F
UniProtKB	A0A178W6B9	AXX17_At1g59640	GO:0098869		3702	AXX17_At1g59640	P
UniProtKB	A0A178W6B9	AXX17_At1g59640	GO:0098869		3702	AXX17_At1g59640	P
UniProtKB	A0A178W7Q8	AXX17_At1g15890	GO:1990961		3702	AXX17_At1g15890,At1g15180	P
UniProtKB	A0A178W8F0	AXX17_At1g20540	GO:0098869		3702	AXX17_At1g20540,AN1_LOCUS2094,AT9943_LOCUS1696,C24_LOCUS2007	P
UniProtKB	A0A178W8F0	AXX17_At1g20540	GO:0045174		3702	AXX17_At1g20540,AN1_LOCUS2094,AT9943_LOCUS1696,C24_LOCUS2007	F
UniProtKB	A0A178W8F0	AXX17_At1g20540	GO:0045174		3702	AXX17_At1g20540,AN1_LOCUS2094,AT9943_LOCUS1696,C24_LOCUS2007	F
UniProtKB	A0A178W8N3	AXX17_At1g15840	GO:1990961		3702	AXX17_At1g15840,AN1_LOCUS1644,AT9943_LOCUS1306,C24_LOCUS1562	P
UniProtKB	A0A178W934	AXX17_At1g72970	GO:0009407		3702	AXX17_At1g72970,AN1_LOCUS6879,C24_LOCUS6765	P
UniProtKB	A0A178W965	AXX17_At1g34610	GO:0016209		3702	AXX17_At1g34610	F
UniProtKB	A0A178W965	AXX17_At1g34610	GO:0098869		3702	AXX17_At1g34610	P
UniProtKB	A0A178W968	AXX17_At1g42190	GO:0098869		3702	AXX17_At1g42190,AN1_LOCUS3928,AT9943_LOCUS3327	P
UniProtKB	A0A178W968	AXX17_At1g42190	GO:0008379		3702	AXX17_At1g42190,AN1_LOCUS3928,AT9943_LOCUS3327	F
UniProtKB	A0A178W968	AXX17_At1g42190	GO:0016209		3702	AXX17_At1g42190,AN1_LOCUS3928,AT9943_LOCUS3327	F
UniProtKB	A0A178W968	AXX17_At1g42190	GO:0051920		3702	AXX17_At1g42190,AN1_LOCUS3928,AT9943_LOCUS3327	F
UniProtKB	A0A178W968	AXX17_At1g42190	GO:0016209		3702	AXX17_At1g42190,AN1_LOCUS3928,AT9943_LOCUS3327	F
UniProtKB	A0A178W968	AXX17_At1g42190	GO:0004601		3702	AXX17_At1g42190,AN1_LOCUS3928,AT9943_LOCUS3327	F
UniProtKB	A0A178W968	AXX17_At1g42190	GO:0051920		3702	AXX17_At1g42190,AN1_LOCUS3928,AT9943_LOCUS3327	F
UniProtKB	A0A178W968	AXX17_At1g42190	GO:0004601		3702	AXX17_At1g42190,AN1_LOCUS3928,AT9943_LOCUS3327	F
UniProtKB	A0A178W985	AXX17_At1g60560	GO:1990961		3702	AXX17_At1g60560,AN1_LOCUS5688	P
UniProtKB	A0A178W9G4	AXX17_At1g56920	GO:0004602		3702	AXX17_At1g56920,At1g63460	F
UniProtKB	A0A178W9G4	AXX17_At1g56920	GO:0004601		3702	AXX17_At1g56920,At1g63460	F
UniProtKB	A0A178W9G4	AXX17_At1g56920	GO:0098869		3702	AXX17_At1g56920,At1g63460	P
UniProtKB	A0A178W9G4	AXX17_At1g56920	GO:0098869		3702	AXX17_At1g56920,At1g63460	P
UniProtKB	A0A178W9T9	AXX17_At1g68960	GO:0009407		3702	AXX17_At1g68960,AN1_LOCUS6500,C24_LOCUS6388	P
UniProtKB	A0A178W9X6	AXX17_At1g59670	GO:0016209		3702	AXX17_At1g59670	F
UniProtKB	A0A178W9X6	AXX17_At1g59670	GO:0004601		3702	AXX17_At1g59670	F
UniProtKB	A0A178W9X6	AXX17_At1g59670	GO:0098869		3702	AXX17_At1g59670	P
UniProtKB	A0A178W9X6	AXX17_At1g59670	GO:0098869		3702	AXX17_At1g59670	P
UniProtKB	A0A178WB34	AXX17_At1g65790	GO:0004601		3702	AXX17_At1g65790,AN1_LOCUS6197	F
UniProtKB	A0A178WB34	AXX17_At1g65790	GO:0004601		3702	AXX17_At1g65790,AN1_LOCUS6197	F
UniProtKB	A0A178WB34	AXX17_At1g65790	GO:0098869		3702	AXX17_At1g65790,AN1_LOCUS6197	P
UniProtKB	A0A178WB34	AXX17_At1g65790	GO:0098869		3702	AXX17_At1g65790,AN1_LOCUS6197	P
UniProtKB	A0A178WC98	AXX17_At1g10140	GO:0009407		3702	AXX17_At1g10140,C24_LOCUS1035	P
UniProtKB	A0A178WCP4	AXX17_At1g13390	GO:1990961		3702	AXX17_At1g13390,AN1_LOCUS1406,C24_LOCUS1322	P
UniProtKB	A0A178WCY7	AXX17_At1g53810	GO:0016209		3702	AXX17_At1g53810	F
UniProtKB	A0A178WCY7	AXX17_At1g53810	GO:0004601		3702	AXX17_At1g53810	F
UniProtKB	A0A178WCY7	AXX17_At1g53810	GO:0098869		3702	AXX17_At1g53810	P
UniProtKB	A0A178WCY7	AXX17_At1g53810	GO:0098869		3702	AXX17_At1g53810	P
UniProtKB	A0A178WD32	AXX17_At1g69710	GO:0098869		3702	AXX17_At1g69710,AN1_LOCUS6568,AT9943_LOCUS5550,C24_LOCUS6454	P
UniProtKB	A0A178WD32	AXX17_At1g69710	GO:0045174		3702	AXX17_At1g69710,AN1_LOCUS6568,AT9943_LOCUS5550,C24_LOCUS6454	F
UniProtKB	A0A178WD32	AXX17_At1g69710	GO:0045174		3702	AXX17_At1g69710,AN1_LOCUS6568,AT9943_LOCUS5550,C24_LOCUS6454	F
UniProtKB	A0A178WD87	AXX17_At1g12010	GO:1990961		3702	AXX17_At1g12010,AN1_LOCUS1268,C24_LOCUS1180	P
UniProtKB	A0A178WDB6	AXX17_At1g20520	GO:0098869		3702	AXX17_At1g20520,C24_LOCUS2005	P
UniProtKB	A0A178WDB6	AXX17_At1g20520	GO:0045174		3702	AXX17_At1g20520,C24_LOCUS2005	F
UniProtKB	A0A178WDB6	AXX17_At1g20520	GO:0045174		3702	AXX17_At1g20520,C24_LOCUS2005	F
UniProtKB	A0A178WDK2	AXX17_At1g33050	GO:1990961		3702	AXX17_At1g33050	P
UniProtKB	A0A178WDL9	AXX17_At1g31450	GO:0004601		3702	AXX17_At1g31450,C24_LOCUS3044	F
UniProtKB	A0A178WDL9	AXX17_At1g31450	GO:0004601		3702	AXX17_At1g31450,C24_LOCUS3044	F
UniProtKB	A0A178WDL9	AXX17_At1g31450	GO:0098869		3702	AXX17_At1g31450,C24_LOCUS3044	P
UniProtKB	A0A178WDL9	AXX17_At1g31450	GO:0098869		3702	AXX17_At1g31450,C24_LOCUS3044	P
UniProtKB	A0A178WE10	AXX17_At1g18000	GO:0009407		3702	AXX17_At1g18000	P
UniProtKB	A0A178WE23	AXX17_At1g22400	GO:0016209		3702	AXX17_At1g22400	F
UniProtKB	A0A178WE23	AXX17_At1g22400	GO:0051920		3702	AXX17_At1g22400	F
UniProtKB	A0A178WE23	AXX17_At1g22400	GO:0098869		3702	AXX17_At1g22400	P
UniProtKB	A0A178WE23	AXX17_At1g22400	GO:0098869		3702	AXX17_At1g22400	P
UniProtKB	A0A178WE43	AXX17_At1g67940	GO:0004601		3702	AXX17_At1g67940,AN1_LOCUS6401	F
UniProtKB	A0A178WE43	AXX17_At1g67940	GO:0098869		3702	AXX17_At1g67940,AN1_LOCUS6401	P
UniProtKB	A0A178WEJ3	AXX17_At1g60540	GO:1990961		3702	AXX17_At1g60540	P
UniProtKB	A0A178WEW6	AXX17_At1g15150	GO:0004601		3702	AXX17_At1g15150,AN1_LOCUS1576,C24_LOCUS1493	F
UniProtKB	A0A178WEW6	AXX17_At1g15150	GO:0004601		3702	AXX17_At1g15150,AN1_LOCUS1576,C24_LOCUS1493	F
UniProtKB	A0A178WEW6	AXX17_At1g15150	GO:0098869		3702	AXX17_At1g15150,AN1_LOCUS1576,C24_LOCUS1493	P
UniProtKB	A0A178WEW6	AXX17_At1g15150	GO:0098869		3702	AXX17_At1g15150,AN1_LOCUS1576,C24_LOCUS1493	P
UniProtKB	A0A178WF57	AXX17_At1g17980	GO:0009407		3702	AXX17_At1g17980,AN1_LOCUS1851	P
UniProtKB	A0A178WF72	AXX17_At1g40660	GO:0004601		3702	AXX17_At1g40660,AN1_LOCUS3780	F
UniProtKB	A0A178WF72	AXX17_At1g40660	GO:0004601		3702	AXX17_At1g40660,AN1_LOCUS3780	F
UniProtKB	A0A178WF72	AXX17_At1g40660	GO:0098869		3702	AXX17_At1g40660,AN1_LOCUS3780	P
UniProtKB	A0A178WF72	AXX17_At1g40660	GO:0098869		3702	AXX17_At1g40660,AN1_LOCUS3780	P
UniProtKB	A0A178WFI6	AXX17_At1g24510	GO:1990961		3702	AXX17_At1g24510	P
UniProtKB	A0A178WFY6	AXX17_At1g22400	GO:0016209		3702	AXX17_At1g22400,At1g21350	F
UniProtKB	A0A178WFY6	AXX17_At1g22400	GO:0051920		3702	AXX17_At1g22400,At1g21350	F
UniProtKB	A0A178WFY6	AXX17_At1g22400	GO:0098869		3702	AXX17_At1g22400,At1g21350	P
UniProtKB	A0A178WFY6	AXX17_At1g22400	GO:0098869		3702	AXX17_At1g22400,At1g21350	P
UniProtKB	A0A178WH65	AXX17_At1g31770	GO:0032542		3702	AXX17_At1g31770,AN1_LOCUS3166,AT9943_LOCUS2626,C24_LOCUS3080	F
UniProtKB	A0A178WH65	AXX17_At1g31770	GO:0016209		3702	AXX17_At1g31770,AN1_LOCUS3166,AT9943_LOCUS2626,C24_LOCUS3080	F
UniProtKB	A0A178WH65	AXX17_At1g31770	GO:0032542		3702	AXX17_At1g31770,AN1_LOCUS3166,AT9943_LOCUS2626,C24_LOCUS3080	F
UniProtKB	A0A178WH65	AXX17_At1g31770	GO:0098869		3702	AXX17_At1g31770,AN1_LOCUS3166,AT9943_LOCUS2626,C24_LOCUS3080	P
UniProtKB	A0A178WH65	AXX17_At1g31770	GO:0098869		3702	AXX17_At1g31770,AN1_LOCUS3166,AT9943_LOCUS2626,C24_LOCUS3080	P
UniProtKB	A0A178WH65	AXX17_At1g31770	GO:0098869		3702	AXX17_At1g31770,AN1_LOCUS3166,AT9943_LOCUS2626,C24_LOCUS3080	P
UniProtKB	A0A178WHU4	AXX17_At1g41560	GO:1990961		3702	AXX17_At1g41560	P
UniProtKB	A0A178WI19	AXX17_At1g48110	GO:0009407		3702	AXX17_At1g48110	P
UniProtKB	A0A178WI42	AXX17_At1g65340	GO:1990961		3702	AXX17_At1g65340	P
UniProtKB	A0A178WI64	AXX17_At1g65340	GO:1990961		3702	AXX17_At1g65340	P
UniProtKB	A0A178WI86	AXX17_At1g10450	GO:0009407		3702	AXX17_At1g10450,AN1_LOCUS1119	P
UniProtKB	A0A178WJ95	AXX17_At1g34320	GO:0004601		3702	AXX17_At1g34320	F
UniProtKB	A0A178WJ95	AXX17_At1g34320	GO:0098869		3702	AXX17_At1g34320	P
UniProtKB	A0A178WJR0	AXX17_At1g33820	GO:1990961		3702	AXX17_At1g33820	P
UniProtKB	A0A178WJW4	AXX17_At1g52320	GO:1990961		3702	AXX17_At1g52320,At1g58340,AT9943_LOCUS4159	P
UniProtKB	A0A178WK04	AXX17_At1g66010	GO:1990961		3702	AXX17_At1g66010,AN1_LOCUS6218,AT9943_LOCUS5256,C24_LOCUS6106	P
UniProtKB	A0A178WK78	AXX17_At1g43740	GO:0004601		3702	AXX17_At1g43740,AN1_LOCUS4075,AT9943_LOCUS3453,C24_LOCUS3956	F
UniProtKB	A0A178WK78	AXX17_At1g43740	GO:0004601		3702	AXX17_At1g43740,AN1_LOCUS4075,AT9943_LOCUS3453,C24_LOCUS3956	F
UniProtKB	A0A178WK78	AXX17_At1g43740	GO:0098869		3702	AXX17_At1g43740,AN1_LOCUS4075,AT9943_LOCUS3453,C24_LOCUS3956	P
UniProtKB	A0A178WK78	AXX17_At1g43740	GO:0098869		3702	AXX17_At1g43740,AN1_LOCUS4075,AT9943_LOCUS3453,C24_LOCUS3956	P
UniProtKB	A0A178WK83	AXX17_At1g04650	GO:0004601		3702	AXX17_At1g04650,AXX17_At1g04660,AN1_LOCUS573,AN1_LOCUS574	F
UniProtKB	A0A178WK83	AXX17_At1g04650	GO:0004601		3702	AXX17_At1g04650,AXX17_At1g04660,AN1_LOCUS573,AN1_LOCUS574	F
UniProtKB	A0A178WK83	AXX17_At1g04650	GO:0098869		3702	AXX17_At1g04650,AXX17_At1g04660,AN1_LOCUS573,AN1_LOCUS574	P
UniProtKB	A0A178WK83	AXX17_At1g04650	GO:0098869		3702	AXX17_At1g04650,AXX17_At1g04660,AN1_LOCUS573,AN1_LOCUS574	P
UniProtKB	A0A178WKA4	AXX17_At1g33810	GO:1990961		3702	AXX17_At1g33810,AN1_LOCUS3353	P
UniProtKB	A0A178WKB5	AXX17_At1g10450	GO:0009407		3702	AXX17_At1g10450,At1g10360	P
UniProtKB	A0A178WKG0	AXX17_At1g59630	GO:0016209		3702	AXX17_At1g59630,AN1_LOCUS5604,AT9943_LOCUS4732,C24_LOCUS5494	F
UniProtKB	A0A178WKG0	AXX17_At1g59630	GO:0004601		3702	AXX17_At1g59630,AN1_LOCUS5604,AT9943_LOCUS4732,C24_LOCUS5494	F
UniProtKB	A0A178WKG0	AXX17_At1g59630	GO:0098869		3702	AXX17_At1g59630,AN1_LOCUS5604,AT9943_LOCUS4732,C24_LOCUS5494	P
UniProtKB	A0A178WKG0	AXX17_At1g59630	GO:0098869		3702	AXX17_At1g59630,AN1_LOCUS5604,AT9943_LOCUS4732,C24_LOCUS5494	P
UniProtKB	A0A178WKK8	AXX17_At1g08650	GO:0016209		3702	AXX17_At1g08650,At1g08830	F
UniProtKB	A0A178WKK8	AXX17_At1g08650	GO:0004784		3702	AXX17_At1g08650,At1g08830	F
UniProtKB	A0A178WKK8	AXX17_At1g08650	GO:0098869		3702	AXX17_At1g08650,At1g08830	P
UniProtKB	A0A178WKK8	AXX17_At1g08650	GO:0019430		3702	AXX17_At1g08650,At1g08830	P
UniProtKB	A0A178WLE0	AXX17_At1g52750	GO:0009407		3702	AXX17_At1g52750,C24_LOCUS4817	P
UniProtKB	A0A178WLX0	AXX17_At1g57510	GO:0004601		3702	AXX17_At1g57510	F
UniProtKB	A0A178WLX0	AXX17_At1g57510	GO:0004601		3702	AXX17_At1g57510	F
UniProtKB	A0A178WLX0	AXX17_At1g57510	GO:0098869		3702	AXX17_At1g57510	P
UniProtKB	A0A178WLX0	AXX17_At1g57510	GO:0098869		3702	AXX17_At1g57510	P
UniProtKB	A0A178WM66	AXX17_At1g72950	GO:0009407		3702	AXX17_At1g72950	P
UniProtKB	A0A178WMI9	AXX17_At1g53450	GO:0004791		3702	AXX17_At1g53450	F
UniProtKB	A0A178WMI9	AXX17_At1g53450	GO:0098869		3702	AXX17_At1g53450	P
UniProtKB	A0A178WMJ3	AXX17_At1g73000	GO:0009407		3702	AXX17_At1g73000	P
UniProtKB	A0A178WMJ9	AXX17_At1g25280	GO:0004601		3702	AXX17_At1g25280	F
UniProtKB	A0A178WMJ9	AXX17_At1g25280	GO:0004601		3702	AXX17_At1g25280	F
UniProtKB	A0A178WMJ9	AXX17_At1g25280	GO:0098869		3702	AXX17_At1g25280	P
UniProtKB	A0A178WMJ9	AXX17_At1g25280	GO:0098869		3702	AXX17_At1g25280	P
UniProtKB	A0A178WMU1	AXX17_At1g08650	GO:0016209		3702	AXX17_At1g08650,AN1_LOCUS958,AT9943_LOCUS714,C24_LOCUS873	F
UniProtKB	A0A178WMU1	AXX17_At1g08650	GO:0004784		3702	AXX17_At1g08650,AN1_LOCUS958,AT9943_LOCUS714,C24_LOCUS873	F
UniProtKB	A0A178WMU1	AXX17_At1g08650	GO:0098869		3702	AXX17_At1g08650,AN1_LOCUS958,AT9943_LOCUS714,C24_LOCUS873	P
UniProtKB	A0A178WMU1	AXX17_At1g08650	GO:0019430		3702	AXX17_At1g08650,AN1_LOCUS958,AT9943_LOCUS714,C24_LOCUS873	P
UniProtKB	A0A178WN03	AXX17_At1g27580	GO:0009407		3702	AXX17_At1g27580,AN1_LOCUS2776,C24_LOCUS2680	P
UniProtKB	A0A178WN42	AXX17_At1g20180	GO:0004601		3702	AXX17_At1g20180,C24_LOCUS1974	F
UniProtKB	A0A178WN42	AXX17_At1g20180	GO:0004601		3702	AXX17_At1g20180,C24_LOCUS1974	F
UniProtKB	A0A178WN42	AXX17_At1g20180	GO:0098869		3702	AXX17_At1g20180,C24_LOCUS1974	P
UniProtKB	A0A178WN42	AXX17_At1g20180	GO:0098869		3702	AXX17_At1g20180,C24_LOCUS1974	P
UniProtKB	A0A178WN68	AXX17_At1g04650	GO:0004601		3702	AXX17_At1g04650,At1g05240	F
UniProtKB	A0A178WN68	AXX17_At1g04650	GO:0004601		3702	AXX17_At1g04650,At1g05240	F
UniProtKB	A0A178WN68	AXX17_At1g04650	GO:0098869		3702	AXX17_At1g04650,At1g05240	P
UniProtKB	A0A178WN68	AXX17_At1g04650	GO:0098869		3702	AXX17_At1g04650,At1g05240	P
UniProtKB	A0A178WNB7	AXX17_At1g20180	GO:0004601		3702	AXX17_At1g20180	F
UniProtKB	A0A178WNB7	AXX17_At1g20180	GO:0004601		3702	AXX17_At1g20180	F
UniProtKB	A0A178WNB7	AXX17_At1g20180	GO:0098869		3702	AXX17_At1g20180	P
UniProtKB	A0A178WNB7	AXX17_At1g20180	GO:0098869		3702	AXX17_At1g20180	P
UniProtKB	A0A178WND3	AXX17_At1g52780	GO:0009407		3702	AXX17_At1g52780	P
UniProtKB	A0A178WND9	AXX17_At1g15140	GO:0004601		3702	AXX17_At1g15140,C24_LOCUS1492	F
UniProtKB	A0A178WND9	AXX17_At1g15140	GO:0004601		3702	AXX17_At1g15140,C24_LOCUS1492	F
UniProtKB	A0A178WND9	AXX17_At1g15140	GO:0098869		3702	AXX17_At1g15140,C24_LOCUS1492	P
UniProtKB	A0A178WND9	AXX17_At1g15140	GO:0098869		3702	AXX17_At1g15140,C24_LOCUS1492	P
UniProtKB	A0A178WNH0	AXX17_At1g27570	GO:0009407		3702	AXX17_At1g27570,AN1_LOCUS2774,C24_LOCUS2679	P
UniProtKB	A0A178WNL0	AXX17_At1g15870	GO:1990961		3702	AXX17_At1g15870,C24_LOCUS1565	P
UniProtKB	A0A178WNR3	AXX17_At1g58420	GO:1990961		3702	AXX17_At1g58420	P
UniProtKB	A0A178WP18	AXX17_At1g35210	GO:0004601		3702	AXX17_At1g35210	F
UniProtKB	A0A178WP18	AXX17_At1g35210	GO:0098869		3702	AXX17_At1g35210	P
UniProtKB	A0A178WP98	AXX17_At1g35240	GO:0004601		3702	AXX17_At1g35240	F
UniProtKB	A0A178WP98	AXX17_At1g35240	GO:0004601		3702	AXX17_At1g35240	F
UniProtKB	A0A178WP98	AXX17_At1g35240	GO:0098869		3702	AXX17_At1g35240	P
UniProtKB	A0A178WP98	AXX17_At1g35240	GO:0098869		3702	AXX17_At1g35240	P
UniProtKB	A0A178WPH4	AXX17_At1g33840	GO:1990961		3702	AXX17_At1g33840	P
UniProtKB	A0A178WPZ5	AXX17_At1g55140	GO:1990961		3702	AXX17_At1g55140,AN1_LOCUS5178,AT9943_LOCUS4375,C24_LOCUS5057	P
UniProtKB	A0A178WQI0	AXX17_At1g21600	GO:0004096		3702	AXX17_At1g21600	F
UniProtKB	A0A178WQI0	AXX17_At1g21600	GO:0004601		3702	AXX17_At1g21600	F
UniProtKB	A0A178WQI0	AXX17_At1g21600	GO:0004096		3702	AXX17_At1g21600	F
UniProtKB	A0A178WQI0	AXX17_At1g21600	GO:0098869		3702	AXX17_At1g21600	P
UniProtKB	A0A178WQI0	AXX17_At1g21600	GO:0098869		3702	AXX17_At1g21600	P
UniProtKB	A0A178WQI0	AXX17_At1g21600	GO:0098869		3702	AXX17_At1g21600	P
UniProtKB	A0A1I9LM17	TT12	GO:1990961		3702	TT12,A. THALIANA TRANSPARENT TESTA,ATTT12,TRANSPARENT TESTA 12,At3g59030	P
UniProtKB	A0A1I9LQL4	At3g26590	GO:1990961		3702	At3g26590	P
UniProtKB	A0A1I9LR27	PRXQ	GO:0016209		3702	PRXQ,ATPRX Q,peroxiredoxin Q,At3g26060	F
UniProtKB	A0A1I9LR27	PRXQ	GO:0051920		3702	PRXQ,ATPRX Q,peroxiredoxin Q,At3g26060	F
UniProtKB	A0A1I9LR27	PRXQ	GO:0098869		3702	PRXQ,ATPRX Q,peroxiredoxin Q,At3g26060	P
UniProtKB	A0A1I9LR27	PRXQ	GO:0098869		3702	PRXQ,ATPRX Q,peroxiredoxin Q,At3g26060	P
UniProtKB	A0A1I9LRF4	PRXIIF	GO:0016209		3702	PRXIIF,ATPRXIIF,PEROXIREDOXIN IIF,peroxiredoxin IIF,At3g06050,F24F17.3,F24F17_3	F
UniProtKB	A0A1I9LRF4	PRXIIF	GO:0004601		3702	PRXIIF,ATPRXIIF,PEROXIREDOXIN IIF,peroxiredoxin IIF,At3g06050,F24F17.3,F24F17_3	F
UniProtKB	A0A1I9LRF4	PRXIIF	GO:0098869		3702	PRXIIF,ATPRXIIF,PEROXIREDOXIN IIF,peroxiredoxin IIF,At3g06050,F24F17.3,F24F17_3	P
UniProtKB	A0A1I9LRF4	PRXIIF	GO:0098869		3702	PRXIIF,ATPRXIIF,PEROXIREDOXIN IIF,peroxiredoxin IIF,At3g06050,F24F17.3,F24F17_3	P
UniProtKB	A0A1I9LSU6	At3g17070	GO:0004601		3702	At3g17070	F
UniProtKB	A0A1I9LSU6	At3g17070	GO:0004601		3702	At3g17070	F
UniProtKB	A0A1I9LSU6	At3g17070	GO:0098869		3702	At3g17070	P
UniProtKB	A0A1I9LSU6	At3g17070	GO:0098869		3702	At3g17070	P
UniProtKB	A0A1I9LSV7	ALF5	GO:1990961		3702	ALF5,At3g23560	P
UniProtKB	A0A1I9LTU7	LSU1	GO:0098869		3702	LSU1,RESPONSE TO LOW SULFUR 1,At3g49580	P
UniProtKB	A0A1L2EGK4	At1g71870	GO:1990961		3702	At1g71870	P
UniProtKB	A0A1L2EGK5	At1g71870	GO:1990961		3702	At1g71870	P
UniProtKB	A0A1L2EGK8	At1g71870	GO:1990961		3702	At1g71870	P
UniProtKB	A0A1P8APU0	TAPX	GO:0004601		3702	TAPX,At1g77490,T5M16.8,T5M16_8	F
UniProtKB	A0A1P8APU0	TAPX	GO:0004601		3702	TAPX,At1g77490,T5M16.8,T5M16_8	F
UniProtKB	A0A1P8APU0	TAPX	GO:0016688		3702	TAPX,At1g77490,T5M16.8,T5M16_8	F
UniProtKB	A0A1P8APU0	TAPX	GO:0098869		3702	TAPX,At1g77490,T5M16.8,T5M16_8	P
UniProtKB	A0A1P8APU0	TAPX	GO:0098869		3702	TAPX,At1g77490,T5M16.8,T5M16_8	P
UniProtKB	A0A1P8APU0	TAPX	GO:0098869		3702	TAPX,At1g77490,T5M16.8,T5M16_8	P
UniProtKB	A0A1P8AQM5	SRX	GO:0032542		3702	SRX,ATSRX,SULFIREDOXIN,sulfiredoxin,At1g31170,F28K20.12,F28K20_12	F
UniProtKB	A0A1P8AQM5	SRX	GO:0016209		3702	SRX,ATSRX,SULFIREDOXIN,sulfiredoxin,At1g31170,F28K20.12,F28K20_12	F
UniProtKB	A0A1P8AQM5	SRX	GO:0032542		3702	SRX,ATSRX,SULFIREDOXIN,sulfiredoxin,At1g31170,F28K20.12,F28K20_12	F
UniProtKB	A0A1P8AQM5	SRX	GO:0032542		3702	SRX,ATSRX,SULFIREDOXIN,sulfiredoxin,At1g31170,F28K20.12,F28K20_12	F
UniProtKB	A0A1P8AQM5	SRX	GO:0098869		3702	SRX,ATSRX,SULFIREDOXIN,sulfiredoxin,At1g31170,F28K20.12,F28K20_12	P
UniProtKB	A0A1P8AQM5	SRX	GO:0098869		3702	SRX,ATSRX,SULFIREDOXIN,sulfiredoxin,At1g31170,F28K20.12,F28K20_12	P
UniProtKB	A0A1P8AQM5	SRX	GO:0098869		3702	SRX,ATSRX,SULFIREDOXIN,sulfiredoxin,At1g31170,F28K20.12,F28K20_12	P
UniProtKB	A0A1P8AQM5	SRX	GO:0098869		3702	SRX,ATSRX,SULFIREDOXIN,sulfiredoxin,At1g31170,F28K20.12,F28K20_12	P
UniProtKB	A0A1P8ARS2	At1g61890	GO:1990961		3702	At1g61890,F8K4.9,F8K4_9	P
UniProtKB	A0A1P8ART6	At1g61890	GO:1990961		3702	At1g61890,F8K4.9,F8K4_9	P
UniProtKB	A0A1P8AS72	At1g66760	GO:1990961		3702	At1g66760,F4N21.11,F4N21_11	P
UniProtKB	A0A1P8AS85	At1g66760	GO:1990961		3702	At1g66760,F4N21.11,F4N21_11	P
UniProtKB	A0A1P8ATZ7	At1g21350	GO:0016209		3702	At1g21350,F24J8.1,F24J8_1	F
UniProtKB	A0A1P8ATZ7	At1g21350	GO:0051920		3702	At1g21350,F24J8.1,F24J8_1	F
UniProtKB	A0A1P8ATZ7	At1g21350	GO:0098869		3702	At1g21350,F24J8.1,F24J8_1	P
UniProtKB	A0A1P8ATZ7	At1g21350	GO:0098869		3702	At1g21350,F24J8.1,F24J8_1	P
UniProtKB	A0A1P8AUJ9	At1g47530	GO:1990961		3702	At1g47530,F16N3.20,F16N3_20	P
UniProtKB	A0A1P8AUX6	GSTU23	GO:0009407		3702	GSTU23,ATGSTU23,At1g78320,F3F9.14,F3F9_14	P
UniProtKB	A0A1P8AUY0	ALPHA DOX2	GO:0004601		3702	ALPHA DOX2,alpha dioxygenase,alpha-DOX2,alpha-dioxygenase 2,At1g73680,F25P22.10,F25P22_10	F
UniProtKB	A0A1P8AUY0	ALPHA DOX2	GO:0098869		3702	ALPHA DOX2,alpha dioxygenase,alpha-DOX2,alpha-dioxygenase 2,At1g73680,F25P22.10,F25P22_10	P
UniProtKB	A0A1P8AV22	ALPHA DOX2	GO:0004601		3702	ALPHA DOX2,alpha dioxygenase,alpha-DOX2,alpha-dioxygenase 2,At1g73680,F25P22.10,F25P22_10	F
UniProtKB	A0A1P8AV22	ALPHA DOX2	GO:0098869		3702	ALPHA DOX2,alpha dioxygenase,alpha-DOX2,alpha-dioxygenase 2,At1g73680,F25P22.10,F25P22_10	P
UniProtKB	A0A1P8AVA4	At1g15170	GO:1990961		3702	At1g15170,F9L1.11,F9L1_11	P
UniProtKB	A0A1P8AVU1	At1g15150	GO:1990961		3702	At1g15150,F9L1.9,F9L1_9	P
UniProtKB	A0A1P8AW28	At1g24350	GO:0004601		3702	At1g24350,F3I6.29,F3I6_29	F
UniProtKB	A0A1P8AW28	At1g24350	GO:0098869		3702	At1g24350,F3I6.29,F3I6_29	P
UniProtKB	A0A1P8AWR0	CAT3	GO:0004096		3702	CAT3,ATCAT3,SEN2,SENESCENCE 2,catalase 3,At1g20620,F5M15.5,F5M15_5	F
UniProtKB	A0A1P8AWR0	CAT3	GO:0004096		3702	CAT3,ATCAT3,SEN2,SENESCENCE 2,catalase 3,At1g20620,F5M15.5,F5M15_5	F
UniProtKB	A0A1P8AWR0	CAT3	GO:0098869		3702	CAT3,ATCAT3,SEN2,SENESCENCE 2,catalase 3,At1g20620,F5M15.5,F5M15_5	P
UniProtKB	A0A1P8AWR0	CAT3	GO:0098869		3702	CAT3,ATCAT3,SEN2,SENESCENCE 2,catalase 3,At1g20620,F5M15.5,F5M15_5	P
UniProtKB	A0A1P8AWT7	CAT3	GO:0004096		3702	CAT3,ATCAT3,SEN2,SENESCENCE 2,catalase 3,At1g20620,F5M15.5,F5M15_5	F
UniProtKB	A0A1P8AWT7	CAT3	GO:0004601		3702	CAT3,ATCAT3,SEN2,SENESCENCE 2,catalase 3,At1g20620,F5M15.5,F5M15_5	F
UniProtKB	A0A1P8AWT7	CAT3	GO:0004096		3702	CAT3,ATCAT3,SEN2,SENESCENCE 2,catalase 3,At1g20620,F5M15.5,F5M15_5	F
UniProtKB	A0A1P8AWT7	CAT3	GO:0098869		3702	CAT3,ATCAT3,SEN2,SENESCENCE 2,catalase 3,At1g20620,F5M15.5,F5M15_5	P
UniProtKB	A0A1P8AWT7	CAT3	GO:0098869		3702	CAT3,ATCAT3,SEN2,SENESCENCE 2,catalase 3,At1g20620,F5M15.5,F5M15_5	P
UniProtKB	A0A1P8AWT7	CAT3	GO:0098869		3702	CAT3,ATCAT3,SEN2,SENESCENCE 2,catalase 3,At1g20620,F5M15.5,F5M15_5	P
UniProtKB	A0A1P8AZN1	GPX4	GO:0004602		3702	GPX4,ATGPX4,glutathione peroxidase 4,At2g48150,F11L15.5	F
UniProtKB	A0A1P8AZN1	GPX4	GO:0004601		3702	GPX4,ATGPX4,glutathione peroxidase 4,At2g48150,F11L15.5	F
UniProtKB	A0A1P8AZN1	GPX4	GO:0098869		3702	GPX4,ATGPX4,glutathione peroxidase 4,At2g48150,F11L15.5	P
UniProtKB	A0A1P8AZN1	GPX4	GO:0098869		3702	GPX4,ATGPX4,glutathione peroxidase 4,At2g48150,F11L15.5	P
UniProtKB	A0A1P8AZS7	NTRA	GO:0019430		3702	NTRA,ATNTRA,NTR2,THIOREDOXIN REDUCTASE A,At2g17420,F5J6.18,F5J6_18	P
UniProtKB	A0A1P8AZS7	NTRA	GO:0004791		3702	NTRA,ATNTRA,NTR2,THIOREDOXIN REDUCTASE A,At2g17420,F5J6.18,F5J6_18	F
UniProtKB	A0A1P8AZS7	NTRA	GO:0004791		3702	NTRA,ATNTRA,NTR2,THIOREDOXIN REDUCTASE A,At2g17420,F5J6.18,F5J6_18	F
UniProtKB	A0A1P8AZS7	NTRA	GO:0004791		3702	NTRA,ATNTRA,NTR2,THIOREDOXIN REDUCTASE A,At2g17420,F5J6.18,F5J6_18	F
UniProtKB	A0A1P8AZS7	NTRA	GO:0019430		3702	NTRA,ATNTRA,NTR2,THIOREDOXIN REDUCTASE A,At2g17420,F5J6.18,F5J6_18	P
UniProtKB	A0A1P8AZS7	NTRA	GO:0004791		3702	NTRA,ATNTRA,NTR2,THIOREDOXIN REDUCTASE A,At2g17420,F5J6.18,F5J6_18	F
UniProtKB	A0A1P8AZS7	NTRA	GO:0004791		3702	NTRA,ATNTRA,NTR2,THIOREDOXIN REDUCTASE A,At2g17420,F5J6.18,F5J6_18	F
UniProtKB	A0A1P8B0B6	At2g34360	GO:1990961		3702	At2g34360,F13P17.20,F13P17_20	P
UniProtKB	A0A1P8B0Y4	At2g04080	GO:1990961		3702	At2g04080,F3L12.9,F3L12_9	P
UniProtKB	A0A1P8B1L7	At2g04100	GO:1990961		3702	At2g04100,F3L12.7,F3L12_7	P
UniProtKB	A0A1P8B2E5	At2g24800	GO:0004601		3702	At2g24800,F27C12.28,F27C12_28	F
UniProtKB	A0A1P8B2E5	At2g24800	GO:0004601		3702	At2g24800,F27C12.28,F27C12_28	F
UniProtKB	A0A1P8B2E5	At2g24800	GO:0098869		3702	At2g24800,F27C12.28,F27C12_28	P
UniProtKB	A0A1P8B2E5	At2g24800	GO:0098869		3702	At2g24800,F27C12.28,F27C12_28	P
UniProtKB	A0A1P8B428	At4g26010	GO:0004601		3702	At4g26010,F20B18.120,F20B18_120	F
UniProtKB	A0A1P8B428	At4g26010	GO:0004601		3702	At4g26010,F20B18.120,F20B18_120	F
UniProtKB	A0A1P8B428	At4g26010	GO:0098869		3702	At4g26010,F20B18.120,F20B18_120	P
UniProtKB	A0A1P8B428	At4g26010	GO:0098869		3702	At4g26010,F20B18.120,F20B18_120	P
UniProtKB	A0A1P8B4A9	At4g33420	GO:0004601		3702	At4g33420,F17M5.180,F17M5_180	F
UniProtKB	A0A1P8B4A9	At4g33420	GO:0004601		3702	At4g33420,F17M5.180,F17M5_180	F
UniProtKB	A0A1P8B4A9	At4g33420	GO:0098869		3702	At4g33420,F17M5.180,F17M5_180	P
UniProtKB	A0A1P8B4A9	At4g33420	GO:0098869		3702	At4g33420,F17M5.180,F17M5_180	P
UniProtKB	A0A1P8B564	CAT2	GO:0004096		3702	CAT2,CATALASE,catalase 2,At4g35090,T12J5.2	F
UniProtKB	A0A1P8B564	CAT2	GO:0004601		3702	CAT2,CATALASE,catalase 2,At4g35090,T12J5.2	F
UniProtKB	A0A1P8B564	CAT2	GO:0004096		3702	CAT2,CATALASE,catalase 2,At4g35090,T12J5.2	F
UniProtKB	A0A1P8B564	CAT2	GO:0004096		3702	CAT2,CATALASE,catalase 2,At4g35090,T12J5.2	F
UniProtKB	A0A1P8B564	CAT2	GO:0098869		3702	CAT2,CATALASE,catalase 2,At4g35090,T12J5.2	P
UniProtKB	A0A1P8B564	CAT2	GO:0098869		3702	CAT2,CATALASE,catalase 2,At4g35090,T12J5.2	P
UniProtKB	A0A1P8B564	CAT2	GO:0098869		3702	CAT2,CATALASE,catalase 2,At4g35090,T12J5.2	P
UniProtKB	A0A1P8B564	CAT2	GO:0098869		3702	CAT2,CATALASE,catalase 2,At4g35090,T12J5.2	P
UniProtKB	A0A1P8B5P9	APX5	GO:0004601		3702	APX5,ascorbate peroxidase 5,At4g35970,T19K4.100	F
UniProtKB	A0A1P8B5P9	APX5	GO:0004601		3702	APX5,ascorbate peroxidase 5,At4g35970,T19K4.100	F
UniProtKB	A0A1P8B5P9	APX5	GO:0016688		3702	APX5,ascorbate peroxidase 5,At4g35970,T19K4.100	F
UniProtKB	A0A1P8B5P9	APX5	GO:0098869		3702	APX5,ascorbate peroxidase 5,At4g35970,T19K4.100	P
UniProtKB	A0A1P8B5P9	APX5	GO:0098869		3702	APX5,ascorbate peroxidase 5,At4g35970,T19K4.100	P
UniProtKB	A0A1P8B5P9	APX5	GO:0098869		3702	APX5,ascorbate peroxidase 5,At4g35970,T19K4.100	P
UniProtKB	A0A1P8B5T1	GPX7	GO:0004602		3702	GPX7,ATGPX7,GLUTATHIONE PEROXIDASE 7,glutathione peroxidase 7,At4g31870,F11C18.70,F11C18_70	F
UniProtKB	A0A1P8B5T1	GPX7	GO:0004601		3702	GPX7,ATGPX7,GLUTATHIONE PEROXIDASE 7,glutathione peroxidase 7,At4g31870,F11C18.70,F11C18_70	F
UniProtKB	A0A1P8B5T1	GPX7	GO:0098869		3702	GPX7,ATGPX7,GLUTATHIONE PEROXIDASE 7,glutathione peroxidase 7,At4g31870,F11C18.70,F11C18_70	P
UniProtKB	A0A1P8B5T1	GPX7	GO:0098869		3702	GPX7,ATGPX7,GLUTATHIONE PEROXIDASE 7,glutathione peroxidase 7,At4g31870,F11C18.70,F11C18_70	P
UniProtKB	A0A1P8B6P0	At4g21903	GO:1990961		3702	At4g21903	P
UniProtKB	A0A1P8B7C3	DTX35	GO:1990961		3702	DTX35,ATDTX35,FFT,FLOWER FLAVONOID TRANSPORTER,detoxifying efflux carrier 35,At4g25640,L73G19.20,L73G19_20	P
UniProtKB	A0A1P8B7K6	At4g25980	GO:0004601		3702	At4g25980,F20B18.90,F20B18_90	F
UniProtKB	A0A1P8B7K6	At4g25980	GO:0004601		3702	At4g25980,F20B18.90,F20B18_90	F
UniProtKB	A0A1P8B7K6	At4g25980	GO:0098869		3702	At4g25980,F20B18.90,F20B18_90	P
UniProtKB	A0A1P8B7K6	At4g25980	GO:0098869		3702	At4g25980,F20B18.90,F20B18_90	P
UniProtKB	A0A1P8B8W6	TL29	GO:0004601		3702	TL29,APX4,ascorbate peroxidase 4,thylakoid lumen 29,At4g09010,F23J3.40,F23J3_40	F
UniProtKB	A0A1P8B8W6	TL29	GO:0004601		3702	TL29,APX4,ascorbate peroxidase 4,thylakoid lumen 29,At4g09010,F23J3.40,F23J3_40	F
UniProtKB	A0A1P8B8W6	TL29	GO:0098869		3702	TL29,APX4,ascorbate peroxidase 4,thylakoid lumen 29,At4g09010,F23J3.40,F23J3_40	P
UniProtKB	A0A1P8B8W6	TL29	GO:0098869		3702	TL29,APX4,ascorbate peroxidase 4,thylakoid lumen 29,At4g09010,F23J3.40,F23J3_40	P
UniProtKB	A0A1P8B8Y3	TL29	GO:0004601		3702	TL29,APX4,ascorbate peroxidase 4,thylakoid lumen 29,At4g09010,F23J3.40,F23J3_40	F
UniProtKB	A0A1P8B8Y3	TL29	GO:0004601		3702	TL29,APX4,ascorbate peroxidase 4,thylakoid lumen 29,At4g09010,F23J3.40,F23J3_40	F
UniProtKB	A0A1P8B8Y3	TL29	GO:0098869		3702	TL29,APX4,ascorbate peroxidase 4,thylakoid lumen 29,At4g09010,F23J3.40,F23J3_40	P
UniProtKB	A0A1P8B8Y3	TL29	GO:0098869		3702	TL29,APX4,ascorbate peroxidase 4,thylakoid lumen 29,At4g09010,F23J3.40,F23J3_40	P
UniProtKB	A0A1P8B9C1	GSTU9	GO:0009407		3702	GSTU9,ATGSTU9,GLUTATHIONE S-TRANSFERASE 14,GLUTATHIONE S-TRANSFERASE 14B,GST14,GST14B,At5g62480,K19B1.9,K19B1_9	P
UniProtKB	A0A1P8BAR9	MVA3.5	GO:1990961		3702	MVA3.5,MVA3_5,At5g17700	P
UniProtKB	A0A1P8BBJ5	FSD2	GO:0004784		3702	FSD2,Fe superoxide dismutase 2,MWD22.4,MWD22_4,At5g51100	F
UniProtKB	A0A1P8BBJ5	FSD2	GO:0004784		3702	FSD2,Fe superoxide dismutase 2,MWD22.4,MWD22_4,At5g51100	F
UniProtKB	A0A1P8BBJ5	FSD2	GO:0019430		3702	FSD2,Fe superoxide dismutase 2,MWD22.4,MWD22_4,At5g51100	P
UniProtKB	A0A1P8BBJ5	FSD2	GO:0019430		3702	FSD2,Fe superoxide dismutase 2,MWD22.4,MWD22_4,At5g51100	P
UniProtKB	A0A1P8BBK0	FSD2	GO:0004784		3702	FSD2,Fe superoxide dismutase 2,MWD22.4,MWD22_4,At5g51100	F
UniProtKB	A0A1P8BBK0	FSD2	GO:0004784		3702	FSD2,Fe superoxide dismutase 2,MWD22.4,MWD22_4,At5g51100	F
UniProtKB	A0A1P8BBK0	FSD2	GO:0019430		3702	FSD2,Fe superoxide dismutase 2,MWD22.4,MWD22_4,At5g51100	P
UniProtKB	A0A1P8BBK0	FSD2	GO:0019430		3702	FSD2,Fe superoxide dismutase 2,MWD22.4,MWD22_4,At5g51100	P
UniProtKB	A0A1P8BBM1	FSD2	GO:0004784		3702	FSD2,Fe superoxide dismutase 2,MWD22.4,MWD22_4,At5g51100	F
UniProtKB	A0A1P8BBM1	FSD2	GO:0004784		3702	FSD2,Fe superoxide dismutase 2,MWD22.4,MWD22_4,At5g51100	F
UniProtKB	A0A1P8BBM1	FSD2	GO:0019430		3702	FSD2,Fe superoxide dismutase 2,MWD22.4,MWD22_4,At5g51100	P
UniProtKB	A0A1P8BBM1	FSD2	GO:0019430		3702	FSD2,Fe superoxide dismutase 2,MWD22.4,MWD22_4,At5g51100	P
UniProtKB	A0A1P8BD74	2-Cys Prx B	GO:0016209		3702	2-Cys Prx B,2-CYS PEROXIREDOXIN B,2-cysteine peroxiredoxin B,2CPB,At5g06290	F
UniProtKB	A0A1P8BD74	2-Cys Prx B	GO:0051920		3702	2-Cys Prx B,2-CYS PEROXIREDOXIN B,2-cysteine peroxiredoxin B,2CPB,At5g06290	F
UniProtKB	A0A1P8BD74	2-Cys Prx B	GO:0098869		3702	2-Cys Prx B,2-CYS PEROXIREDOXIN B,2-cysteine peroxiredoxin B,2CPB,At5g06290	P
UniProtKB	A0A1P8BD74	2-Cys Prx B	GO:0098869		3702	2-Cys Prx B,2-CYS PEROXIREDOXIN B,2-cysteine peroxiredoxin B,2CPB,At5g06290	P
UniProtKB	A0A1P8BG91	MUA22.13	GO:0004601		3702	MUA22.13,MUA22_13,At5g14130	F
UniProtKB	A0A1P8BG91	MUA22.13	GO:0004601		3702	MUA22.13,MUA22_13,At5g14130	F
UniProtKB	A0A1P8BG91	MUA22.13	GO:0098869		3702	MUA22.13,MUA22_13,At5g14130	P
UniProtKB	A0A1P8BG91	MUA22.13	GO:0098869		3702	MUA22.13,MUA22_13,At5g14130	P
UniProtKB	A0A1P8BGP6	MVA3.170	GO:0004601		3702	MVA3.170,MVA3_170,At5g17820	F
UniProtKB	A0A1P8BGP6	MVA3.170	GO:0004601		3702	MVA3.170,MVA3_170,At5g17820	F
UniProtKB	A0A1P8BGP6	MVA3.170	GO:0098869		3702	MVA3.170,MVA3_170,At5g17820	P
UniProtKB	A0A1P8BGP6	MVA3.170	GO:0098869		3702	MVA3.170,MVA3_170,At5g17820	P
UniProtKB	A0A1S6Q8C1	FSD3	GO:0004784		3702	FSD3	F
UniProtKB	A0A1S6Q8C1	FSD3	GO:0004784		3702	FSD3	F
UniProtKB	A0A1S6Q8C1	FSD3	GO:0004784		3702	FSD3	F
UniProtKB	A0A1S6Q8C1	FSD3	GO:0019430		3702	FSD3	P
UniProtKB	A0A1S6Q8C1	FSD3	GO:0019430		3702	FSD3	P
UniProtKB	A0A1S6Q8C1	FSD3	GO:0019430		3702	FSD3	P
UniProtKB	A0A2H1ZEG3	GSTU21	GO:0009407		3702	GSTU21,ATGSTU21,At1g78360,F3F9.24,F3F9_24	P
UniProtKB	A0A384KCX5	AXX17_At5g17530	GO:0004601		3702	AXX17_At5g17530,AN1_LOCUS22562,AT9943_LOCUS19428,C24_LOCUS22451	F
UniProtKB	A0A384KCX5	AXX17_At5g17530	GO:0004601		3702	AXX17_At5g17530,AN1_LOCUS22562,AT9943_LOCUS19428,C24_LOCUS22451	F
UniProtKB	A0A384KCX5	AXX17_At5g17530	GO:0098869		3702	AXX17_At5g17530,AN1_LOCUS22562,AT9943_LOCUS19428,C24_LOCUS22451	P
UniProtKB	A0A384KCX5	AXX17_At5g17530	GO:0098869		3702	AXX17_At5g17530,AN1_LOCUS22562,AT9943_LOCUS19428,C24_LOCUS22451	P
UniProtKB	A0A384KE95	AXX17_At5g19820	GO:0004601		3702	AXX17_At5g19820,AN1_LOCUS22788	F
UniProtKB	A0A384KE95	AXX17_At5g19820	GO:0004601		3702	AXX17_At5g19820,AN1_LOCUS22788	F
UniProtKB	A0A384KE95	AXX17_At5g19820	GO:0098869		3702	AXX17_At5g19820,AN1_LOCUS22788	P
UniProtKB	A0A384KE95	AXX17_At5g19820	GO:0098869		3702	AXX17_At5g19820,AN1_LOCUS22788	P
UniProtKB	A0A384KGR2	AXX17_ATUG02000	GO:0004601		3702	AXX17_ATUG02000	F
UniProtKB	A0A384KGR2	AXX17_ATUG02000	GO:0004601		3702	AXX17_ATUG02000	F
UniProtKB	A0A384KGR2	AXX17_ATUG02000	GO:0098869		3702	AXX17_ATUG02000	P
UniProtKB	A0A384KGR2	AXX17_ATUG02000	GO:0098869		3702	AXX17_ATUG02000	P
UniProtKB	A0A384KTF9	AXX17_At2g14340	GO:0004601		3702	AXX17_At2g14340,AN1_LOCUS8259,C24_LOCUS8107	F
UniProtKB	A0A384KTF9	AXX17_At2g14340	GO:0004601		3702	AXX17_At2g14340,AN1_LOCUS8259,C24_LOCUS8107	F
UniProtKB	A0A384KTF9	AXX17_At2g14340	GO:0098869		3702	AXX17_At2g14340,AN1_LOCUS8259,C24_LOCUS8107	P
UniProtKB	A0A384KTF9	AXX17_At2g14340	GO:0098869		3702	AXX17_At2g14340,AN1_LOCUS8259,C24_LOCUS8107	P
UniProtKB	A0A384KXY6	AXX17_At1g21610	GO:0004096		3702	AXX17_At1g21610,AN1_LOCUS2194,C24_LOCUS2106	F
UniProtKB	A0A384KXY6	AXX17_At1g21610	GO:0004601		3702	AXX17_At1g21610,AN1_LOCUS2194,C24_LOCUS2106	F
UniProtKB	A0A384KXY6	AXX17_At1g21610	GO:0004096		3702	AXX17_At1g21610,AN1_LOCUS2194,C24_LOCUS2106	F
UniProtKB	A0A384KXY6	AXX17_At1g21610	GO:0098869		3702	AXX17_At1g21610,AN1_LOCUS2194,C24_LOCUS2106	P
UniProtKB	A0A384KXY6	AXX17_At1g21610	GO:0098869		3702	AXX17_At1g21610,AN1_LOCUS2194,C24_LOCUS2106	P
UniProtKB	A0A384KXY6	AXX17_At1g21610	GO:0098869		3702	AXX17_At1g21610,AN1_LOCUS2194,C24_LOCUS2106	P
UniProtKB	A0A384L8X8	AXX17_At2g35240	GO:0004601		3702	AXX17_At2g35240,AN1_LOCUS10301,AT9943_LOCUS8843,C24_LOCUS10145	F
UniProtKB	A0A384L8X8	AXX17_At2g35240	GO:0004601		3702	AXX17_At2g35240,AN1_LOCUS10301,AT9943_LOCUS8843,C24_LOCUS10145	F
UniProtKB	A0A384L8X8	AXX17_At2g35240	GO:0098869		3702	AXX17_At2g35240,AN1_LOCUS10301,AT9943_LOCUS8843,C24_LOCUS10145	P
UniProtKB	A0A384L8X8	AXX17_At2g35240	GO:0098869		3702	AXX17_At2g35240,AN1_LOCUS10301,AT9943_LOCUS8843,C24_LOCUS10145	P
UniProtKB	A0A384LES0	AXX17_At5g14670	GO:0004601		3702	AXX17_At5g14670,AN1_LOCUS22289,AT9943_LOCUS19189,C24_LOCUS22178	F
UniProtKB	A0A384LES0	AXX17_At5g14670	GO:0004601		3702	AXX17_At5g14670,AN1_LOCUS22289,AT9943_LOCUS19189,C24_LOCUS22178	F
UniProtKB	A0A384LES0	AXX17_At5g14670	GO:0098869		3702	AXX17_At5g14670,AN1_LOCUS22289,AT9943_LOCUS19189,C24_LOCUS22178	P
UniProtKB	A0A384LES0	AXX17_At5g14670	GO:0098869		3702	AXX17_At5g14670,AN1_LOCUS22289,AT9943_LOCUS19189,C24_LOCUS22178	P
UniProtKB	A0A5S9SNY7	At1g05240	GO:0004601		3702	At1g05240,AT9943_LOCUS384,AT9943_LOCUS385,C24_LOCUS488,C24_LOCUS489	F
UniProtKB	A0A5S9SNY7	At1g05240	GO:0004601		3702	At1g05240,AT9943_LOCUS384,AT9943_LOCUS385,C24_LOCUS488,C24_LOCUS489	F
UniProtKB	A0A5S9SNY7	At1g05240	GO:0098869		3702	At1g05240,AT9943_LOCUS384,AT9943_LOCUS385,C24_LOCUS488,C24_LOCUS489	P
UniProtKB	A0A5S9SNY7	At1g05240	GO:0098869		3702	At1g05240,AT9943_LOCUS384,AT9943_LOCUS385,C24_LOCUS488,C24_LOCUS489	P
UniProtKB	A0A5S9TDX5	C24_LOCUS898	GO:0004601		3702	C24_LOCUS898	F
UniProtKB	A0A5S9TDX5	C24_LOCUS898	GO:0098869		3702	C24_LOCUS898	P
UniProtKB	A0A5S9TPH6	C24_LOCUS1034	GO:0009407		3702	C24_LOCUS1034	P
UniProtKB	A0A5S9UI92	C24_LOCUS1563	GO:1990961		3702	C24_LOCUS1563	P
UniProtKB	A0A5S9UTQ3	C24_LOCUS1766	GO:0009407		3702	C24_LOCUS1766	P
UniProtKB	A0A5S9UUH2	C24_LOCUS1767	GO:0009407		3702	C24_LOCUS1767	P
UniProtKB	A0A5S9UVG7	C24_LOCUS1768	GO:0009407		3702	C24_LOCUS1768	P
UniProtKB	A0A5S9VCL0	AT9943_LOCUS1782	GO:0004096		3702	AT9943_LOCUS1782,C24_LOCUS2105	F
UniProtKB	A0A5S9VCL0	AT9943_LOCUS1782	GO:0004601		3702	AT9943_LOCUS1782,C24_LOCUS2105	F
UniProtKB	A0A5S9VCL0	AT9943_LOCUS1782	GO:0004096		3702	AT9943_LOCUS1782,C24_LOCUS2105	F
UniProtKB	A0A5S9VCL0	AT9943_LOCUS1782	GO:0098869		3702	AT9943_LOCUS1782,C24_LOCUS2105	P
UniProtKB	A0A5S9VCL0	AT9943_LOCUS1782	GO:0098869		3702	AT9943_LOCUS1782,C24_LOCUS2105	P
UniProtKB	A0A5S9VCL0	AT9943_LOCUS1782	GO:0098869		3702	AT9943_LOCUS1782,C24_LOCUS2105	P
UniProtKB	A0A5S9VFV2	C24_LOCUS2184	GO:0016209		3702	C24_LOCUS2184	F
UniProtKB	A0A5S9VFV2	C24_LOCUS2184	GO:0051920		3702	C24_LOCUS2184	F
UniProtKB	A0A5S9VFV2	C24_LOCUS2184	GO:0098869		3702	C24_LOCUS2184	P
UniProtKB	A0A5S9VFV2	C24_LOCUS2184	GO:0098869		3702	C24_LOCUS2184	P
UniProtKB	A0A5S9VPG7	C24_LOCUS2390	GO:1990961		3702	C24_LOCUS2390	P
UniProtKB	A0A5S9VR07	C24_LOCUS2460	GO:0004601		3702	C24_LOCUS2460	F
UniProtKB	A0A5S9VR07	C24_LOCUS2460	GO:0004601		3702	C24_LOCUS2460	F
UniProtKB	A0A5S9VR07	C24_LOCUS2460	GO:0098869		3702	C24_LOCUS2460	P
UniProtKB	A0A5S9VR07	C24_LOCUS2460	GO:0098869		3702	C24_LOCUS2460	P
UniProtKB	A0A5S9WHZ7	AN1_LOCUS3275	GO:1990961		3702	AN1_LOCUS3275,C24_LOCUS3186	P
UniProtKB	A0A5S9WIP6	C24_LOCUS3262	GO:1990961		3702	C24_LOCUS3262	P
UniProtKB	A0A5S9WJZ2	At1g47530	GO:1990961		3702	At1g47530,AN1_LOCUS3866,AT9943_LOCUS3276,C24_LOCUS3756	P
UniProtKB	A0A5S9WL69	C24_LOCUS3264	GO:1990961		3702	C24_LOCUS3264	P
UniProtKB	A0A5S9WLA6	C24_LOCUS3304	GO:0004601		3702	C24_LOCUS3304	F
UniProtKB	A0A5S9WLA6	C24_LOCUS3304	GO:0098869		3702	C24_LOCUS3304	P
UniProtKB	A0A5S9WLE0	C24_LOCUS3263	GO:1990961		3702	C24_LOCUS3263	P
UniProtKB	A0A5S9WLN0	C24_LOCUS3386	GO:0004601		3702	C24_LOCUS3386	F
UniProtKB	A0A5S9WLN0	C24_LOCUS3386	GO:0004601		3702	C24_LOCUS3386	F
UniProtKB	A0A5S9WLN0	C24_LOCUS3386	GO:0098869		3702	C24_LOCUS3386	P
UniProtKB	A0A5S9WLN0	C24_LOCUS3386	GO:0098869		3702	C24_LOCUS3386	P
UniProtKB	A0A5S9WMH4	AT9943_LOCUS3198	GO:0004601		3702	AT9943_LOCUS3198,C24_LOCUS3674	F
UniProtKB	A0A5S9WMH4	AT9943_LOCUS3198	GO:0004601		3702	AT9943_LOCUS3198,C24_LOCUS3674	F
UniProtKB	A0A5S9WMH4	AT9943_LOCUS3198	GO:0098869		3702	AT9943_LOCUS3198,C24_LOCUS3674	P
UniProtKB	A0A5S9WMH4	AT9943_LOCUS3198	GO:0098869		3702	AT9943_LOCUS3198,C24_LOCUS3674	P
UniProtKB	A0A5S9WMM6	C24_LOCUS3809	GO:0098869		3702	C24_LOCUS3809	P
UniProtKB	A0A5S9WMM6	C24_LOCUS3809	GO:0008379		3702	C24_LOCUS3809	F
UniProtKB	A0A5S9WMM6	C24_LOCUS3809	GO:0016209		3702	C24_LOCUS3809	F
UniProtKB	A0A5S9WMM6	C24_LOCUS3809	GO:0051920		3702	C24_LOCUS3809	F
UniProtKB	A0A5S9WMM6	C24_LOCUS3809	GO:0016209		3702	C24_LOCUS3809	F
UniProtKB	A0A5S9WMM6	C24_LOCUS3809	GO:0004601		3702	C24_LOCUS3809	F
UniProtKB	A0A5S9WMM6	C24_LOCUS3809	GO:0051920		3702	C24_LOCUS3809	F
UniProtKB	A0A5S9WMM6	C24_LOCUS3809	GO:0004601		3702	C24_LOCUS3809	F
UniProtKB	A0A5S9WN97	AN1_LOCUS3355	GO:1990961		3702	AN1_LOCUS3355,C24_LOCUS3265	P
UniProtKB	A0A5S9WN98	C24_LOCUS4895	GO:0004791		3702	C24_LOCUS4895	F
UniProtKB	A0A5S9WN98	C24_LOCUS4895	GO:0098869		3702	C24_LOCUS4895	P
UniProtKB	A0A5S9WQ65	C24_LOCUS5496	GO:0016209		3702	C24_LOCUS5496	F
UniProtKB	A0A5S9WQ65	C24_LOCUS5496	GO:0004601		3702	C24_LOCUS5496	F
UniProtKB	A0A5S9WQ65	C24_LOCUS5496	GO:0098869		3702	C24_LOCUS5496	P
UniProtKB	A0A5S9WQ65	C24_LOCUS5496	GO:0098869		3702	C24_LOCUS5496	P
UniProtKB	A0A5S9WQN6	C24_LOCUS4821	GO:0009407		3702	C24_LOCUS4821	P
UniProtKB	A0A5S9WQN8	AT9943_LOCUS5002	GO:0004601		3702	AT9943_LOCUS5002,C24_LOCUS5803	F
UniProtKB	A0A5S9WQN8	AT9943_LOCUS5002	GO:0004601		3702	AT9943_LOCUS5002,C24_LOCUS5803	F
UniProtKB	A0A5S9WQN8	AT9943_LOCUS5002	GO:0098869		3702	AT9943_LOCUS5002,C24_LOCUS5803	P
UniProtKB	A0A5S9WQN8	AT9943_LOCUS5002	GO:0098869		3702	AT9943_LOCUS5002,C24_LOCUS5803	P
UniProtKB	A0A5S9WQS4	C24_LOCUS4779	GO:1990961		3702	C24_LOCUS4779	P
UniProtKB	A0A5S9WQZ5	C24_LOCUS4924	GO:0016209		3702	C24_LOCUS4924	F
UniProtKB	A0A5S9WQZ5	C24_LOCUS4924	GO:0004601		3702	C24_LOCUS4924	F
UniProtKB	A0A5S9WQZ5	C24_LOCUS4924	GO:0098869		3702	C24_LOCUS4924	P
UniProtKB	A0A5S9WQZ5	C24_LOCUS4924	GO:0098869		3702	C24_LOCUS4924	P
UniProtKB	A0A5S9WRC5	C24_LOCUS6043	GO:1990961		3702	C24_LOCUS6043	P
UniProtKB	A0A5S9WRV6	AN1_LOCUS5404	GO:0004601		3702	AN1_LOCUS5404,AT9943_LOCUS4553,C24_LOCUS5289	F
UniProtKB	A0A5S9WRV6	AN1_LOCUS5404	GO:0004601		3702	AN1_LOCUS5404,AT9943_LOCUS4553,C24_LOCUS5289	F
UniProtKB	A0A5S9WRV6	AN1_LOCUS5404	GO:0098869		3702	AN1_LOCUS5404,AT9943_LOCUS4553,C24_LOCUS5289	P
UniProtKB	A0A5S9WRV6	AN1_LOCUS5404	GO:0098869		3702	AN1_LOCUS5404,AT9943_LOCUS4553,C24_LOCUS5289	P
UniProtKB	A0A5S9WS36	AT9943_LOCUS4627	GO:1990961		3702	AT9943_LOCUS4627,C24_LOCUS5371	P
UniProtKB	A0A5S9WSQ1	C24_LOCUS5494	GO:0016209		3702	C24_LOCUS5494	F
UniProtKB	A0A5S9WSQ1	C24_LOCUS5494	GO:0004601		3702	C24_LOCUS5494	F
UniProtKB	A0A5S9WSQ1	C24_LOCUS5494	GO:0098869		3702	C24_LOCUS5494	P
UniProtKB	A0A5S9WSQ1	C24_LOCUS5494	GO:0098869		3702	C24_LOCUS5494	P
UniProtKB	A0A5S9WSV8	C24_LOCUS5916	GO:0009407		3702	C24_LOCUS5916	P
UniProtKB	A0A5S9WT99	C24_LOCUS6085	GO:0004601		3702	C24_LOCUS6085	F
UniProtKB	A0A5S9WT99	C24_LOCUS6085	GO:0004601		3702	C24_LOCUS6085	F
UniProtKB	A0A5S9WT99	C24_LOCUS6085	GO:0098869		3702	C24_LOCUS6085	P
UniProtKB	A0A5S9WT99	C24_LOCUS6085	GO:0098869		3702	C24_LOCUS6085	P
UniProtKB	A0A5S9WTK3	C24_LOCUS5578	GO:1990961		3702	C24_LOCUS5578	P
UniProtKB	A0A5S9WU40	C24_LOCUS6293	GO:0004601		3702	C24_LOCUS6293	F
UniProtKB	A0A5S9WU40	C24_LOCUS6293	GO:0098869		3702	C24_LOCUS6293	P
UniProtKB	A0A5S9WV27	C24_LOCUS6640	GO:0004601		3702	C24_LOCUS6640	F
UniProtKB	A0A5S9WV27	C24_LOCUS6640	GO:0004601		3702	C24_LOCUS6640	F
UniProtKB	A0A5S9WV27	C24_LOCUS6640	GO:0098869		3702	C24_LOCUS6640	P
UniProtKB	A0A5S9WV27	C24_LOCUS6640	GO:0098869		3702	C24_LOCUS6640	P
UniProtKB	A0A5S9WV97	C24_LOCUS6679	GO:0004601		3702	C24_LOCUS6679	F
UniProtKB	A0A5S9WV97	C24_LOCUS6679	GO:0098869		3702	C24_LOCUS6679	P
UniProtKB	A0A5S9WVI5	AN1_LOCUS6877	GO:0009407		3702	AN1_LOCUS6877,C24_LOCUS6764	P
UniProtKB	A0A5S9WX17	C24_LOCUS7331	GO:1990961		3702	C24_LOCUS7331	P
UniProtKB	A0A5S9WX32	C24_LOCUS7331	GO:1990961		3702	C24_LOCUS7331	P
UniProtKB	A0A5S9WXC7	C24_LOCUS7334	GO:1990961		3702	C24_LOCUS7334	P
UniProtKB	A0A5S9WXD0	C24_LOCUS7331	GO:1990961		3702	C24_LOCUS7331	P
UniProtKB	A0A5S9WY50	C24_LOCUS7707	GO:1990961		3702	C24_LOCUS7707	P
UniProtKB	A0A5S9WYQ0	C24_LOCUS7940	GO:0019430		3702	C24_LOCUS7940	P
UniProtKB	A0A5S9WYQ0	C24_LOCUS7940	GO:0004791		3702	C24_LOCUS7940	F
UniProtKB	A0A5S9WYQ0	C24_LOCUS7940	GO:0004791		3702	C24_LOCUS7940	F
UniProtKB	A0A5S9WYQ0	C24_LOCUS7940	GO:0004791		3702	C24_LOCUS7940	F
UniProtKB	A0A5S9WYQ0	C24_LOCUS7940	GO:0019430		3702	C24_LOCUS7940	P
UniProtKB	A0A5S9WYQ0	C24_LOCUS7940	GO:0004791		3702	C24_LOCUS7940	F
UniProtKB	A0A5S9WYQ0	C24_LOCUS7940	GO:0004791		3702	C24_LOCUS7940	F
UniProtKB	A0A5S9WYY2	C24_LOCUS8021	GO:0004601		3702	C24_LOCUS8021	F
UniProtKB	A0A5S9WYY2	C24_LOCUS8021	GO:0004601		3702	C24_LOCUS8021	F
UniProtKB	A0A5S9WYY2	C24_LOCUS8021	GO:0098869		3702	C24_LOCUS8021	P
UniProtKB	A0A5S9WYY2	C24_LOCUS8021	GO:0098869		3702	C24_LOCUS8021	P
UniProtKB	A0A5S9X2B2	AN1_LOCUS9345	GO:0009407		3702	AN1_LOCUS9345,C24_LOCUS9195	P
UniProtKB	A0A5S9X2F8	C24_LOCUS9199	GO:0009407		3702	C24_LOCUS9199	P
UniProtKB	A0A5S9X2J3	C24_LOCUS9194	GO:0009407		3702	C24_LOCUS9194	P
UniProtKB	A0A5S9X2L7	AN1_LOCUS9348	GO:0009407		3702	AN1_LOCUS9348,C24_LOCUS9198	P
UniProtKB	A0A5S9X3V3	C24_LOCUS9724	GO:1990961		3702	C24_LOCUS9724	P
UniProtKB	A0A5S9X478	AT9943_LOCUS8554	GO:0004601		3702	AT9943_LOCUS8554,C24_LOCUS9829	F
UniProtKB	A0A5S9X478	AT9943_LOCUS8554	GO:0004601		3702	AT9943_LOCUS8554,C24_LOCUS9829	F
UniProtKB	A0A5S9X478	AT9943_LOCUS8554	GO:0098869		3702	AT9943_LOCUS8554,C24_LOCUS9829	P
UniProtKB	A0A5S9X478	AT9943_LOCUS8554	GO:0098869		3702	AT9943_LOCUS8554,C24_LOCUS9829	P
UniProtKB	A0A5S9X4V2	C24_LOCUS10018	GO:0004601		3702	C24_LOCUS10018	F
UniProtKB	A0A5S9X4V2	C24_LOCUS10018	GO:0004601		3702	C24_LOCUS10018	F
UniProtKB	A0A5S9X4V2	C24_LOCUS10018	GO:0098869		3702	C24_LOCUS10018	P
UniProtKB	A0A5S9X4V2	C24_LOCUS10018	GO:0098869		3702	C24_LOCUS10018	P
UniProtKB	A0A5S9X5A5	C24_LOCUS10159	GO:1990961		3702	C24_LOCUS10159	P
UniProtKB	A0A5S9X626	C24_LOCUS10487	GO:0004601		3702	C24_LOCUS10487	F
UniProtKB	A0A5S9X626	C24_LOCUS10487	GO:0004601		3702	C24_LOCUS10487	F
UniProtKB	A0A5S9X626	C24_LOCUS10487	GO:0098869		3702	C24_LOCUS10487	P
UniProtKB	A0A5S9X626	C24_LOCUS10487	GO:0098869		3702	C24_LOCUS10487	P
UniProtKB	A0A5S9X665	C24_LOCUS10494	GO:0046294		3702	C24_LOCUS10494	P
UniProtKB	A0A5S9X754	AN1_LOCUS10842	GO:0004602		3702	AN1_LOCUS10842,C24_LOCUS10683	F
UniProtKB	A0A5S9X754	AN1_LOCUS10842	GO:0004601		3702	AN1_LOCUS10842,C24_LOCUS10683	F
UniProtKB	A0A5S9X754	AN1_LOCUS10842	GO:0098869		3702	AN1_LOCUS10842,C24_LOCUS10683	P
UniProtKB	A0A5S9X754	AN1_LOCUS10842	GO:0098869		3702	AN1_LOCUS10842,C24_LOCUS10683	P
UniProtKB	A0A5S9X8U7	C24_LOCUS11482	GO:0004601		3702	C24_LOCUS11482	F
UniProtKB	A0A5S9X8U7	C24_LOCUS11482	GO:0004601		3702	C24_LOCUS11482	F
UniProtKB	A0A5S9X8U7	C24_LOCUS11482	GO:0098869		3702	C24_LOCUS11482	P
UniProtKB	A0A5S9X8U7	C24_LOCUS11482	GO:0098869		3702	C24_LOCUS11482	P
UniProtKB	A0A5S9X923	AN1_LOCUS11639	GO:1990961		3702	AN1_LOCUS11639,C24_LOCUS11477	P
UniProtKB	A0A5S9XAP1	AN1_LOCUS12226	GO:0009407		3702	AN1_LOCUS12226,C24_LOCUS12057	P
UniProtKB	A0A5S9XEC1	AN1_LOCUS13607	GO:1990961		3702	AN1_LOCUS13607,C24_LOCUS13445	P
UniProtKB	A0A5S9XEE7	AT9943_LOCUS11698	GO:0004601		3702	AT9943_LOCUS11698,C24_LOCUS13453	F
UniProtKB	A0A5S9XEE7	AT9943_LOCUS11698	GO:0004601		3702	AT9943_LOCUS11698,C24_LOCUS13453	F
UniProtKB	A0A5S9XEE7	AT9943_LOCUS11698	GO:0098869		3702	AT9943_LOCUS11698,C24_LOCUS13453	P
UniProtKB	A0A5S9XEE7	AT9943_LOCUS11698	GO:0098869		3702	AT9943_LOCUS11698,C24_LOCUS13453	P
UniProtKB	A0A5S9XEY6	C24_LOCUS13654	GO:1990961		3702	C24_LOCUS13654	P
UniProtKB	A0A5S9XF04	C24_LOCUS13655	GO:1990961		3702	C24_LOCUS13655	P
UniProtKB	A0A5S9XFZ9	AT9943_LOCUS12073	GO:0016209		3702	AT9943_LOCUS12073,C24_LOCUS13921	F
UniProtKB	A0A5S9XFZ9	AT9943_LOCUS12073	GO:0098869		3702	AT9943_LOCUS12073,C24_LOCUS13921	P
UniProtKB	A0A5S9XHU6	C24_LOCUS14567	GO:0009407		3702	C24_LOCUS14567	P
UniProtKB	A0A5S9XI22	AN1_LOCUS14578	GO:0004601		3702	AN1_LOCUS14578,C24_LOCUS14464	F
UniProtKB	A0A5S9XI22	AN1_LOCUS14578	GO:0004601		3702	AN1_LOCUS14578,C24_LOCUS14464	F
UniProtKB	A0A5S9XI22	AN1_LOCUS14578	GO:0098869		3702	AN1_LOCUS14578,C24_LOCUS14464	P
UniProtKB	A0A5S9XI22	AN1_LOCUS14578	GO:0098869		3702	AN1_LOCUS14578,C24_LOCUS14464	P
UniProtKB	A0A5S9XI60	C24_LOCUS14796	GO:0004601		3702	C24_LOCUS14796	F
UniProtKB	A0A5S9XI60	C24_LOCUS14796	GO:0004601		3702	C24_LOCUS14796	F
UniProtKB	A0A5S9XI60	C24_LOCUS14796	GO:0098869		3702	C24_LOCUS14796	P
UniProtKB	A0A5S9XI60	C24_LOCUS14796	GO:0098869		3702	C24_LOCUS14796	P
UniProtKB	A0A5S9XJF9	AT9943_LOCUS13124	GO:0004601		3702	AT9943_LOCUS13124,C24_LOCUS15133	F
UniProtKB	A0A5S9XJF9	AT9943_LOCUS13124	GO:0004601		3702	AT9943_LOCUS13124,C24_LOCUS15133	F
UniProtKB	A0A5S9XJF9	AT9943_LOCUS13124	GO:0098869		3702	AT9943_LOCUS13124,C24_LOCUS15133	P
UniProtKB	A0A5S9XJF9	AT9943_LOCUS13124	GO:0098869		3702	AT9943_LOCUS13124,C24_LOCUS15133	P
UniProtKB	A0A5S9XJQ5	AN1_LOCUS15352	GO:0004601		3702	AN1_LOCUS15352,C24_LOCUS15233	F
UniProtKB	A0A5S9XJQ5	AN1_LOCUS15352	GO:0004601		3702	AN1_LOCUS15352,C24_LOCUS15233	F
UniProtKB	A0A5S9XJQ5	AN1_LOCUS15352	GO:0098869		3702	AN1_LOCUS15352,C24_LOCUS15233	P
UniProtKB	A0A5S9XJQ5	AN1_LOCUS15352	GO:0098869		3702	AN1_LOCUS15352,C24_LOCUS15233	P
UniProtKB	A0A5S9XJV5	C24_LOCUS15135	GO:0004601		3702	C24_LOCUS15135	F
UniProtKB	A0A5S9XJV5	C24_LOCUS15135	GO:0004601		3702	C24_LOCUS15135	F
UniProtKB	A0A5S9XJV5	C24_LOCUS15135	GO:0098869		3702	C24_LOCUS15135	P
UniProtKB	A0A5S9XJV5	C24_LOCUS15135	GO:0098869		3702	C24_LOCUS15135	P
UniProtKB	A0A5S9XM33	C24_LOCUS15894	GO:0004784		3702	C24_LOCUS15894	F
UniProtKB	A0A5S9XM33	C24_LOCUS15894	GO:0004784		3702	C24_LOCUS15894	F
UniProtKB	A0A5S9XM33	C24_LOCUS15894	GO:0004784		3702	C24_LOCUS15894	F
UniProtKB	A0A5S9XM33	C24_LOCUS15894	GO:0019430		3702	C24_LOCUS15894	P
UniProtKB	A0A5S9XM33	C24_LOCUS15894	GO:0019430		3702	C24_LOCUS15894	P
UniProtKB	A0A5S9XM33	C24_LOCUS15894	GO:0019430		3702	C24_LOCUS15894	P
UniProtKB	A0A5S9XNJ1	AN1_LOCUS16697	GO:0004602		3702	AN1_LOCUS16697,C24_LOCUS16568	F
UniProtKB	A0A5S9XNJ1	AN1_LOCUS16697	GO:0004601		3702	AN1_LOCUS16697,C24_LOCUS16568	F
UniProtKB	A0A5S9XNJ1	AN1_LOCUS16697	GO:0098869		3702	AN1_LOCUS16697,C24_LOCUS16568	P
UniProtKB	A0A5S9XNJ1	AN1_LOCUS16697	GO:0098869		3702	AN1_LOCUS16697,C24_LOCUS16568	P
UniProtKB	A0A5S9XNJ3	C24_LOCUS16674	GO:1990961		3702	C24_LOCUS16674	P
UniProtKB	A0A5S9XQJ0	C24_LOCUS17366	GO:0004601		3702	C24_LOCUS17366	F
UniProtKB	A0A5S9XQJ0	C24_LOCUS17366	GO:0004601		3702	C24_LOCUS17366	F
UniProtKB	A0A5S9XQJ0	C24_LOCUS17366	GO:0098869		3702	C24_LOCUS17366	P
UniProtKB	A0A5S9XQJ0	C24_LOCUS17366	GO:0098869		3702	C24_LOCUS17366	P
UniProtKB	A0A5S9XR89	C24_LOCUS17367	GO:0004601		3702	C24_LOCUS17367	F
UniProtKB	A0A5S9XR89	C24_LOCUS17367	GO:0004601		3702	C24_LOCUS17367	F
UniProtKB	A0A5S9XR89	C24_LOCUS17367	GO:0098869		3702	C24_LOCUS17367	P
UniProtKB	A0A5S9XR89	C24_LOCUS17367	GO:0098869		3702	C24_LOCUS17367	P
UniProtKB	A0A5S9XR92	C24_LOCUS17331	GO:0004601		3702	C24_LOCUS17331	F
UniProtKB	A0A5S9XR92	C24_LOCUS17331	GO:0098869		3702	C24_LOCUS17331	P
UniProtKB	A0A5S9XRI4	AT9943_LOCUS15275	GO:0004601		3702	AT9943_LOCUS15275,C24_LOCUS17610	F
UniProtKB	A0A5S9XRI4	AT9943_LOCUS15275	GO:0004601		3702	AT9943_LOCUS15275,C24_LOCUS17610	F
UniProtKB	A0A5S9XRI4	AT9943_LOCUS15275	GO:0098869		3702	AT9943_LOCUS15275,C24_LOCUS17610	P
UniProtKB	A0A5S9XRI4	AT9943_LOCUS15275	GO:0098869		3702	AT9943_LOCUS15275,C24_LOCUS17610	P
UniProtKB	A0A5S9XRN7	AN1_LOCUS17759	GO:0004602		3702	AN1_LOCUS17759,C24_LOCUS17651	F
UniProtKB	A0A5S9XRN7	AN1_LOCUS17759	GO:0004601		3702	AN1_LOCUS17759,C24_LOCUS17651	F
UniProtKB	A0A5S9XRN7	AN1_LOCUS17759	GO:0098869		3702	AN1_LOCUS17759,C24_LOCUS17651	P
UniProtKB	A0A5S9XRN7	AN1_LOCUS17759	GO:0098869		3702	AN1_LOCUS17759,C24_LOCUS17651	P
UniProtKB	A0A5S9XSG0	AT9943_LOCUS15082	GO:0004601		3702	AT9943_LOCUS15082,C24_LOCUS17399	F
UniProtKB	A0A5S9XSG0	AT9943_LOCUS15082	GO:0098869		3702	AT9943_LOCUS15082,C24_LOCUS17399	P
UniProtKB	A0A5S9XTE5	C24_LOCUS18366	GO:0004601		3702	C24_LOCUS18366	F
UniProtKB	A0A5S9XTE5	C24_LOCUS18366	GO:0004601		3702	C24_LOCUS18366	F
UniProtKB	A0A5S9XTE5	C24_LOCUS18366	GO:0098869		3702	C24_LOCUS18366	P
UniProtKB	A0A5S9XTE5	C24_LOCUS18366	GO:0098869		3702	C24_LOCUS18366	P
UniProtKB	A0A5S9XV07	C24_LOCUS18803	GO:1990961		3702	C24_LOCUS18803	P
UniProtKB	A0A5S9XVG5	C24_LOCUS18934	GO:1990961		3702	C24_LOCUS18934	P
UniProtKB	A0A5S9XX97	C24_LOCUS19597	GO:1990961		3702	C24_LOCUS19597	P
UniProtKB	A0A5S9XYP8	AN1_LOCUS20339	GO:0004601		3702	AN1_LOCUS20339,AT9943_LOCUS17543,C24_LOCUS20233	F
UniProtKB	A0A5S9XYP8	AN1_LOCUS20339	GO:0004601		3702	AN1_LOCUS20339,AT9943_LOCUS17543,C24_LOCUS20233	F
UniProtKB	A0A5S9XYP8	AN1_LOCUS20339	GO:0098869		3702	AN1_LOCUS20339,AT9943_LOCUS17543,C24_LOCUS20233	P
UniProtKB	A0A5S9XYP8	AN1_LOCUS20339	GO:0098869		3702	AN1_LOCUS20339,AT9943_LOCUS17543,C24_LOCUS20233	P
UniProtKB	A0A5S9XYQ5	AN1_LOCUS20349	GO:0004096		3702	AN1_LOCUS20349,AT9943_LOCUS17552,C24_LOCUS20243	F
UniProtKB	A0A5S9XYQ5	AN1_LOCUS20349	GO:0004601		3702	AN1_LOCUS20349,AT9943_LOCUS17552,C24_LOCUS20243	F
UniProtKB	A0A5S9XYQ5	AN1_LOCUS20349	GO:0004096		3702	AN1_LOCUS20349,AT9943_LOCUS17552,C24_LOCUS20243	F
UniProtKB	A0A5S9XYQ5	AN1_LOCUS20349	GO:0098869		3702	AN1_LOCUS20349,AT9943_LOCUS17552,C24_LOCUS20243	P
UniProtKB	A0A5S9XYQ5	AN1_LOCUS20349	GO:0098869		3702	AN1_LOCUS20349,AT9943_LOCUS17552,C24_LOCUS20243	P
UniProtKB	A0A5S9XYQ5	AN1_LOCUS20349	GO:0098869		3702	AN1_LOCUS20349,AT9943_LOCUS17552,C24_LOCUS20243	P
UniProtKB	A0A5S9XZ80	C24_LOCUS20383	GO:0004601		3702	C24_LOCUS20383	F
UniProtKB	A0A5S9XZ80	C24_LOCUS20383	GO:0004601		3702	C24_LOCUS20383	F
UniProtKB	A0A5S9XZ80	C24_LOCUS20383	GO:0098869		3702	C24_LOCUS20383	P
UniProtKB	A0A5S9XZ80	C24_LOCUS20383	GO:0098869		3702	C24_LOCUS20383	P
UniProtKB	A0A5S9XZ96	AN1_LOCUS20215	GO:0004601		3702	AN1_LOCUS20215,C24_LOCUS20110	F
UniProtKB	A0A5S9XZ96	AN1_LOCUS20215	GO:0004601		3702	AN1_LOCUS20215,C24_LOCUS20110	F
UniProtKB	A0A5S9XZ96	AN1_LOCUS20215	GO:0098869		3702	AN1_LOCUS20215,C24_LOCUS20110	P
UniProtKB	A0A5S9XZ96	AN1_LOCUS20215	GO:0098869		3702	AN1_LOCUS20215,C24_LOCUS20110	P
UniProtKB	A0A5S9XZY5	AN1_LOCUS19997	GO:0004602		3702	AN1_LOCUS19997,C24_LOCUS19891	F
UniProtKB	A0A5S9XZY5	AN1_LOCUS19997	GO:0004601		3702	AN1_LOCUS19997,C24_LOCUS19891	F
UniProtKB	A0A5S9XZY5	AN1_LOCUS19997	GO:0098869		3702	AN1_LOCUS19997,C24_LOCUS19891	P
UniProtKB	A0A5S9XZY5	AN1_LOCUS19997	GO:0098869		3702	AN1_LOCUS19997,C24_LOCUS19891	P
UniProtKB	A0A5S9Y0F9	At4g33420	GO:0004601		3702	At4g33420,AN1_LOCUS20164,C24_LOCUS20059	F
UniProtKB	A0A5S9Y0F9	At4g33420	GO:0004601		3702	At4g33420,AN1_LOCUS20164,C24_LOCUS20059	F
UniProtKB	A0A5S9Y0F9	At4g33420	GO:0098869		3702	At4g33420,AN1_LOCUS20164,C24_LOCUS20059	P
UniProtKB	A0A5S9Y0F9	At4g33420	GO:0098869		3702	At4g33420,AN1_LOCUS20164,C24_LOCUS20059	P
UniProtKB	A0A5S9Y1L6	C24_LOCUS21240	GO:0004601		3702	C24_LOCUS21240	F
UniProtKB	A0A5S9Y1L6	C24_LOCUS21240	GO:0004601		3702	C24_LOCUS21240	F
UniProtKB	A0A5S9Y1L6	C24_LOCUS21240	GO:0098869		3702	C24_LOCUS21240	P
UniProtKB	A0A5S9Y1L6	C24_LOCUS21240	GO:0098869		3702	C24_LOCUS21240	P
UniProtKB	A0A5S9Y1Q6	C24_LOCUS20507	GO:0004601		3702	C24_LOCUS20507	F
UniProtKB	A0A5S9Y1Q6	C24_LOCUS20507	GO:0004601		3702	C24_LOCUS20507	F
UniProtKB	A0A5S9Y1Q6	C24_LOCUS20507	GO:0098869		3702	C24_LOCUS20507	P
UniProtKB	A0A5S9Y1Q6	C24_LOCUS20507	GO:0098869		3702	C24_LOCUS20507	P
UniProtKB	A0A5S9Y1W2	AT9943_LOCUS18470	GO:0016209		3702	AT9943_LOCUS18470,C24_LOCUS21340	F
UniProtKB	A0A5S9Y1W2	AT9943_LOCUS18470	GO:0051920		3702	AT9943_LOCUS18470,C24_LOCUS21340	F
UniProtKB	A0A5S9Y1W2	AT9943_LOCUS18470	GO:0098869		3702	AT9943_LOCUS18470,C24_LOCUS21340	P
UniProtKB	A0A5S9Y1W2	AT9943_LOCUS18470	GO:0098869		3702	AT9943_LOCUS18470,C24_LOCUS21340	P
UniProtKB	A0A5S9Y1Z5	AT9943_LOCUS18510	GO:0004601		3702	AT9943_LOCUS18510,C24_LOCUS21383	F
UniProtKB	A0A5S9Y1Z5	AT9943_LOCUS18510	GO:0004601		3702	AT9943_LOCUS18510,C24_LOCUS21383	F
UniProtKB	A0A5S9Y1Z5	AT9943_LOCUS18510	GO:0098869		3702	AT9943_LOCUS18510,C24_LOCUS21383	P
UniProtKB	A0A5S9Y1Z5	AT9943_LOCUS18510	GO:0098869		3702	AT9943_LOCUS18510,C24_LOCUS21383	P
UniProtKB	A0A5S9Y2H2	C24_LOCUS21453	GO:0004601		3702	C24_LOCUS21453	F
UniProtKB	A0A5S9Y2H2	C24_LOCUS21453	GO:0004601		3702	C24_LOCUS21453	F
UniProtKB	A0A5S9Y2H2	C24_LOCUS21453	GO:0098869		3702	C24_LOCUS21453	P
UniProtKB	A0A5S9Y2H2	C24_LOCUS21453	GO:0098869		3702	C24_LOCUS21453	P
UniProtKB	A0A5S9Y3N4	C24_LOCUS21726	GO:1990961		3702	C24_LOCUS21726	P
UniProtKB	A0A5S9Y3Z6	At5g14130	GO:0004601		3702	At5g14130,C24_LOCUS22071	F
UniProtKB	A0A5S9Y3Z6	At5g14130	GO:0004601		3702	At5g14130,C24_LOCUS22071	F
UniProtKB	A0A5S9Y3Z6	At5g14130	GO:0098869		3702	At5g14130,C24_LOCUS22071	P
UniProtKB	A0A5S9Y3Z6	At5g14130	GO:0098869		3702	At5g14130,C24_LOCUS22071	P
UniProtKB	A0A5S9Y5N7	C24_LOCUS22653	GO:1990961		3702	C24_LOCUS22653	P
UniProtKB	A0A5S9Y5N8	C24_LOCUS22674	GO:0004601		3702	C24_LOCUS22674	F
UniProtKB	A0A5S9Y5N8	C24_LOCUS22674	GO:0004601		3702	C24_LOCUS22674	F
UniProtKB	A0A5S9Y5N8	C24_LOCUS22674	GO:0098869		3702	C24_LOCUS22674	P
UniProtKB	A0A5S9Y5N8	C24_LOCUS22674	GO:0098869		3702	C24_LOCUS22674	P
UniProtKB	A0A5S9Y5R2	C24_LOCUS22673	GO:0004601		3702	C24_LOCUS22673	F
UniProtKB	A0A5S9Y5R2	C24_LOCUS22673	GO:0004601		3702	C24_LOCUS22673	F
UniProtKB	A0A5S9Y5R2	C24_LOCUS22673	GO:0098869		3702	C24_LOCUS22673	P
UniProtKB	A0A5S9Y5R2	C24_LOCUS22673	GO:0098869		3702	C24_LOCUS22673	P
UniProtKB	A0A5S9Y692	AT9943_LOCUS19783	GO:0004601		3702	AT9943_LOCUS19783,C24_LOCUS22857	F
UniProtKB	A0A5S9Y692	AT9943_LOCUS19783	GO:0004601		3702	AT9943_LOCUS19783,C24_LOCUS22857	F
UniProtKB	A0A5S9Y692	AT9943_LOCUS19783	GO:0098869		3702	AT9943_LOCUS19783,C24_LOCUS22857	P
UniProtKB	A0A5S9Y692	AT9943_LOCUS19783	GO:0098869		3702	AT9943_LOCUS19783,C24_LOCUS22857	P
UniProtKB	A0A5S9Y7F6	C24_LOCUS22477	GO:0016209		3702	C24_LOCUS22477	F
UniProtKB	A0A5S9Y7F6	C24_LOCUS22477	GO:0098869		3702	C24_LOCUS22477	P
UniProtKB	A0A5S9Y867	C24_LOCUS22735	GO:0004362		3702	C24_LOCUS22735	F
UniProtKB	A0A5S9Y867	C24_LOCUS22735	GO:0098869		3702	C24_LOCUS22735	P
UniProtKB	A0A5S9Y8H1	AT9943_LOCUS20598	GO:0098869		3702	AT9943_LOCUS20598,C24_LOCUS23650	P
UniProtKB	A0A5S9Y8H1	AT9943_LOCUS20598	GO:0045174		3702	AT9943_LOCUS20598,C24_LOCUS23650	F
UniProtKB	A0A5S9Y9B5	C24_LOCUS23946	GO:0004601		3702	C24_LOCUS23946	F
UniProtKB	A0A5S9Y9B5	C24_LOCUS23946	GO:0004601		3702	C24_LOCUS23946	F
UniProtKB	A0A5S9Y9B5	C24_LOCUS23946	GO:0098869		3702	C24_LOCUS23946	P
UniProtKB	A0A5S9Y9B5	C24_LOCUS23946	GO:0098869		3702	C24_LOCUS23946	P
UniProtKB	A0A5S9Y9S1	AN1_LOCUS24182	GO:0004601		3702	AN1_LOCUS24182,C24_LOCUS24005	F
UniProtKB	A0A5S9Y9S1	AN1_LOCUS24182	GO:0004601		3702	AN1_LOCUS24182,C24_LOCUS24005	F
UniProtKB	A0A5S9Y9S1	AN1_LOCUS24182	GO:0098869		3702	AN1_LOCUS24182,C24_LOCUS24005	P
UniProtKB	A0A5S9Y9S1	AN1_LOCUS24182	GO:0098869		3702	AN1_LOCUS24182,C24_LOCUS24005	P
UniProtKB	A0A5S9YAC7	C24_LOCUS24302	GO:0004601		3702	C24_LOCUS24302	F
UniProtKB	A0A5S9YAC7	C24_LOCUS24302	GO:0098869		3702	C24_LOCUS24302	P
UniProtKB	A0A5S9YAS5	C24_LOCUS24439	GO:1990961		3702	C24_LOCUS24439	P
UniProtKB	A0A5S9YBA4	At5g42150	GO:0004362		3702	At5g42150,At5g42180,C24_LOCUS24223	F
UniProtKB	A0A5S9YBA4	At5g42150	GO:0004601		3702	At5g42150,At5g42180,C24_LOCUS24223	F
UniProtKB	A0A5S9YBA4	At5g42150	GO:0098869		3702	At5g42150,At5g42180,C24_LOCUS24223	P
UniProtKB	A0A5S9YBA4	At5g42150	GO:0098869		3702	At5g42150,At5g42180,C24_LOCUS24223	P
UniProtKB	A0A5S9YCM7	C24_LOCUS24860	GO:0004601		3702	C24_LOCUS24860	F
UniProtKB	A0A5S9YCM7	C24_LOCUS24860	GO:0004601		3702	C24_LOCUS24860	F
UniProtKB	A0A5S9YCM7	C24_LOCUS24860	GO:0098869		3702	C24_LOCUS24860	P
UniProtKB	A0A5S9YCM7	C24_LOCUS24860	GO:0098869		3702	C24_LOCUS24860	P
UniProtKB	A0A5S9YDF8	C24_LOCUS25270	GO:0004601		3702	C24_LOCUS25270	F
UniProtKB	A0A5S9YDF8	C24_LOCUS25270	GO:0004601		3702	C24_LOCUS25270	F
UniProtKB	A0A5S9YDF8	C24_LOCUS25270	GO:0098869		3702	C24_LOCUS25270	P
UniProtKB	A0A5S9YDF8	C24_LOCUS25270	GO:0098869		3702	C24_LOCUS25270	P
UniProtKB	A0A5S9YE14	C24_LOCUS25327	GO:1990961		3702	C24_LOCUS25327	P
UniProtKB	A0A5S9YE21	AN1_LOCUS25354	GO:0004784		3702	AN1_LOCUS25354,C24_LOCUS25186	F
UniProtKB	A0A5S9YE21	AN1_LOCUS25354	GO:0004784		3702	AN1_LOCUS25354,C24_LOCUS25186	F
UniProtKB	A0A5S9YE21	AN1_LOCUS25354	GO:0019430		3702	AN1_LOCUS25354,C24_LOCUS25186	P
UniProtKB	A0A5S9YE21	AN1_LOCUS25354	GO:0019430		3702	AN1_LOCUS25354,C24_LOCUS25186	P
UniProtKB	A0A5S9YF65	C24_LOCUS25960	GO:0004601		3702	C24_LOCUS25960	F
UniProtKB	A0A5S9YF65	C24_LOCUS25960	GO:0004601		3702	C24_LOCUS25960	F
UniProtKB	A0A5S9YF65	C24_LOCUS25960	GO:0098869		3702	C24_LOCUS25960	P
UniProtKB	A0A5S9YF65	C24_LOCUS25960	GO:0098869		3702	C24_LOCUS25960	P
UniProtKB	A0A5S9YGC2	C24_LOCUS25571	GO:0004601		3702	C24_LOCUS25571	F
UniProtKB	A0A5S9YGC2	C24_LOCUS25571	GO:0098869		3702	C24_LOCUS25571	P
UniProtKB	A0A5S9YH16	C24_LOCUS26548	GO:0004601		3702	C24_LOCUS26548	F
UniProtKB	A0A5S9YH16	C24_LOCUS26548	GO:0004601		3702	C24_LOCUS26548	F
UniProtKB	A0A5S9YH16	C24_LOCUS26548	GO:0098869		3702	C24_LOCUS26548	P
UniProtKB	A0A5S9YH16	C24_LOCUS26548	GO:0098869		3702	C24_LOCUS26548	P
UniProtKB	A0A5S9YHF1	AN1_LOCUS26863	GO:1990961		3702	AN1_LOCUS26863,AT9943_LOCUS23130,C24_LOCUS26688	P
UniProtKB	A0A5S9YHS9	C24_LOCUS26797	GO:0004601		3702	C24_LOCUS26797	F
UniProtKB	A0A5S9YHS9	C24_LOCUS26797	GO:0004601		3702	C24_LOCUS26797	F
UniProtKB	A0A5S9YHS9	C24_LOCUS26797	GO:0098869		3702	C24_LOCUS26797	P
UniProtKB	A0A5S9YHS9	C24_LOCUS26797	GO:0098869		3702	C24_LOCUS26797	P
UniProtKB	A0A654E8F4	AN1_LOCUS1120	GO:0009407		3702	AN1_LOCUS1120	P
UniProtKB	A0A654E9M8	AN1_LOCUS983	GO:0004601		3702	AN1_LOCUS983	F
UniProtKB	A0A654E9M8	AN1_LOCUS983	GO:0004601		3702	AN1_LOCUS983	F
UniProtKB	A0A654E9M8	AN1_LOCUS983	GO:0098869		3702	AN1_LOCUS983	P
UniProtKB	A0A654E9M8	AN1_LOCUS983	GO:0098869		3702	AN1_LOCUS983	P
UniProtKB	A0A654EA28	AN1_LOCUS1647	GO:1990961		3702	AN1_LOCUS1647	P
UniProtKB	A0A654EA48	AN1_LOCUS1648	GO:1990961		3702	AN1_LOCUS1648,C24_LOCUS1566	P
UniProtKB	A0A654EAG6	AN1_LOCUS1853	GO:0009407		3702	AN1_LOCUS1853	P
UniProtKB	A0A654EAK5	AN1_LOCUS1575	GO:0004601		3702	AN1_LOCUS1575	F
UniProtKB	A0A654EAK5	AN1_LOCUS1575	GO:0004601		3702	AN1_LOCUS1575	F
UniProtKB	A0A654EAK5	AN1_LOCUS1575	GO:0098869		3702	AN1_LOCUS1575	P
UniProtKB	A0A654EAK5	AN1_LOCUS1575	GO:0098869		3702	AN1_LOCUS1575	P
UniProtKB	A0A654EAS3	AN1_LOCUS1645	GO:1990961		3702	AN1_LOCUS1645	P
UniProtKB	A0A654EB68	At1g19550	GO:0098869		3702	At1g19550,AN1_LOCUS2092	P
UniProtKB	A0A654EB68	At1g19550	GO:0045174		3702	At1g19550,AN1_LOCUS2092	F
UniProtKB	A0A654EBW9	AN1_LOCUS2272	GO:0016209		3702	AN1_LOCUS2272	F
UniProtKB	A0A654EBW9	AN1_LOCUS2272	GO:0098869		3702	AN1_LOCUS2272	P
UniProtKB	A0A654ECE2	AN1_LOCUS2193	GO:0004096		3702	AN1_LOCUS2193	F
UniProtKB	A0A654ECE2	AN1_LOCUS2193	GO:0004601		3702	AN1_LOCUS2193	F
UniProtKB	A0A654ECE2	AN1_LOCUS2193	GO:0004096		3702	AN1_LOCUS2193	F
UniProtKB	A0A654ECE2	AN1_LOCUS2193	GO:0098869		3702	AN1_LOCUS2193	P
UniProtKB	A0A654ECE2	AN1_LOCUS2193	GO:0098869		3702	AN1_LOCUS2193	P
UniProtKB	A0A654ECE2	AN1_LOCUS2193	GO:0098869		3702	AN1_LOCUS2193	P
UniProtKB	A0A654ECL1	AN1_LOCUS2553	GO:0004601		3702	AN1_LOCUS2553	F
UniProtKB	A0A654ECL1	AN1_LOCUS2553	GO:0098869		3702	AN1_LOCUS2553	P
UniProtKB	A0A654ECQ6	AN1_LOCUS2060	GO:0004601		3702	AN1_LOCUS2060	F
UniProtKB	A0A654ECQ6	AN1_LOCUS2060	GO:0004601		3702	AN1_LOCUS2060	F
UniProtKB	A0A654ECQ6	AN1_LOCUS2060	GO:0098869		3702	AN1_LOCUS2060	P
UniProtKB	A0A654ECQ6	AN1_LOCUS2060	GO:0098869		3702	AN1_LOCUS2060	P
UniProtKB	A0A654EDE5	AN1_LOCUS2479	GO:1990961		3702	AN1_LOCUS2479,AT9943_LOCUS2037	P
UniProtKB	A0A654EE89	AN1_LOCUS3136	GO:0004601		3702	AN1_LOCUS3136	F
UniProtKB	A0A654EE89	AN1_LOCUS3136	GO:0004601		3702	AN1_LOCUS3136	F
UniProtKB	A0A654EE89	AN1_LOCUS3136	GO:0098869		3702	AN1_LOCUS3136	P
UniProtKB	A0A654EE89	AN1_LOCUS3136	GO:0098869		3702	AN1_LOCUS3136	P
UniProtKB	A0A654EEW1	AN1_LOCUS3354	GO:1990961		3702	AN1_LOCUS3354	P
UniProtKB	A0A654EEZ2	AN1_LOCUS3352	GO:1990961		3702	AN1_LOCUS3352	P
UniProtKB	A0A654EI69	AN1_LOCUS4493	GO:0009407		3702	AN1_LOCUS4493,C24_LOCUS4381	P
UniProtKB	A0A654EJA8	AN1_LOCUS4897	GO:1990961		3702	AN1_LOCUS4897	P
UniProtKB	A0A654EJG1	AN1_LOCUS4943	GO:0009407		3702	AN1_LOCUS4943	P
UniProtKB	A0A654EJN4	AN1_LOCUS5014	GO:0004791		3702	AN1_LOCUS5014	F
UniProtKB	A0A654EJN4	AN1_LOCUS5014	GO:0098869		3702	AN1_LOCUS5014	P
UniProtKB	A0A654EJQ8	AN1_LOCUS5046	GO:0016209		3702	AN1_LOCUS5046	F
UniProtKB	A0A654EJQ8	AN1_LOCUS5046	GO:0004601		3702	AN1_LOCUS5046	F
UniProtKB	A0A654EJQ8	AN1_LOCUS5046	GO:0098869		3702	AN1_LOCUS5046	P
UniProtKB	A0A654EJQ8	AN1_LOCUS5046	GO:0098869		3702	AN1_LOCUS5046	P
UniProtKB	A0A654EKT4	AN1_LOCUS4945	GO:0009407		3702	AN1_LOCUS4945	P
UniProtKB	A0A654EL21	AN1_LOCUS5347	GO:0004602		3702	AN1_LOCUS5347,C24_LOCUS5231	F
UniProtKB	A0A654EL21	AN1_LOCUS5347	GO:0004601		3702	AN1_LOCUS5347,C24_LOCUS5231	F
UniProtKB	A0A654EL21	AN1_LOCUS5347	GO:0098869		3702	AN1_LOCUS5347,C24_LOCUS5231	P
UniProtKB	A0A654EL21	AN1_LOCUS5347	GO:0098869		3702	AN1_LOCUS5347,C24_LOCUS5231	P
UniProtKB	A0A654ELD7	AN1_LOCUS5607	GO:0016209		3702	AN1_LOCUS5607	F
UniProtKB	A0A654ELD7	AN1_LOCUS5607	GO:0098869		3702	AN1_LOCUS5607	P
UniProtKB	A0A654ELF4	AN1_LOCUS5487	GO:1990961		3702	AN1_LOCUS5487	P
UniProtKB	A0A654ELL1	AN1_LOCUS5686	GO:1990961		3702	AN1_LOCUS5686,C24_LOCUS5576	P
UniProtKB	A0A654ELR5	AN1_LOCUS5605	GO:0016209		3702	AN1_LOCUS5605	F
UniProtKB	A0A654ELR5	AN1_LOCUS5605	GO:0004601		3702	AN1_LOCUS5605	F
UniProtKB	A0A654ELR5	AN1_LOCUS5605	GO:0098869		3702	AN1_LOCUS5605	P
UniProtKB	A0A654ELR5	AN1_LOCUS5605	GO:0098869		3702	AN1_LOCUS5605	P
UniProtKB	A0A654EMN4	At1g69920	GO:0009407		3702	At1g69920,AN1_LOCUS6027	P
UniProtKB	A0A654ENC2	AN1_LOCUS6154	GO:1990961		3702	AN1_LOCUS6154	P
UniProtKB	A0A654EPP6	AN1_LOCUS6753	GO:0004601		3702	AN1_LOCUS6753	F
UniProtKB	A0A654EPP6	AN1_LOCUS6753	GO:0004601		3702	AN1_LOCUS6753	F
UniProtKB	A0A654EPP6	AN1_LOCUS6753	GO:0098869		3702	AN1_LOCUS6753	P
UniProtKB	A0A654EPP6	AN1_LOCUS6753	GO:0098869		3702	AN1_LOCUS6753	P
UniProtKB	A0A654ERN7	AN1_LOCUS6880	GO:0009407		3702	AN1_LOCUS6880,C24_LOCUS6766	P
UniProtKB	A0A654ERS3	AN1_LOCUS7457	GO:1990961		3702	AN1_LOCUS7457	P
UniProtKB	A0A654ERS6	AN1_LOCUS7456	GO:1990961		3702	AN1_LOCUS7456	P
UniProtKB	A0A654ERT0	AN1_LOCUS7462	GO:1990961		3702	AN1_LOCUS7462	P
UniProtKB	A0A654ETD3	AN1_LOCUS7461	GO:1990961		3702	AN1_LOCUS7461	P
UniProtKB	A0A654ETD9	AN1_LOCUS7463	GO:1990961		3702	AN1_LOCUS7463	P
UniProtKB	A0A654ETL2	AN1_LOCUS8095	GO:0019430		3702	AN1_LOCUS8095	P
UniProtKB	A0A654ETL2	AN1_LOCUS8095	GO:0004791		3702	AN1_LOCUS8095	F
UniProtKB	A0A654ETL2	AN1_LOCUS8095	GO:0004791		3702	AN1_LOCUS8095	F
UniProtKB	A0A654ETL2	AN1_LOCUS8095	GO:0004791		3702	AN1_LOCUS8095	F
UniProtKB	A0A654ETL2	AN1_LOCUS8095	GO:0019430		3702	AN1_LOCUS8095	P
UniProtKB	A0A654ETL2	AN1_LOCUS8095	GO:0004791		3702	AN1_LOCUS8095	F
UniProtKB	A0A654ETL2	AN1_LOCUS8095	GO:0004791		3702	AN1_LOCUS8095	F
UniProtKB	A0A654ETU3	AN1_LOCUS8175	GO:0004601		3702	AN1_LOCUS8175	F
UniProtKB	A0A654ETU3	AN1_LOCUS8175	GO:0004601		3702	AN1_LOCUS8175	F
UniProtKB	A0A654ETU3	AN1_LOCUS8175	GO:0098869		3702	AN1_LOCUS8175	P
UniProtKB	A0A654ETU3	AN1_LOCUS8175	GO:0098869		3702	AN1_LOCUS8175	P
UniProtKB	A0A654EU12	AN1_LOCUS7777	GO:0004601		3702	AN1_LOCUS7777,C24_LOCUS7636	F
UniProtKB	A0A654EU12	AN1_LOCUS7777	GO:0004601		3702	AN1_LOCUS7777,C24_LOCUS7636	F
UniProtKB	A0A654EU12	AN1_LOCUS7777	GO:0098869		3702	AN1_LOCUS7777,C24_LOCUS7636	P
UniProtKB	A0A654EU12	AN1_LOCUS7777	GO:0098869		3702	AN1_LOCUS7777,C24_LOCUS7636	P
UniProtKB	A0A654EVV0	AN1_LOCUS8868	GO:0004601		3702	AN1_LOCUS8868	F
UniProtKB	A0A654EVV0	AN1_LOCUS8868	GO:0004601		3702	AN1_LOCUS8868	F
UniProtKB	A0A654EVV0	AN1_LOCUS8868	GO:0098869		3702	AN1_LOCUS8868	P
UniProtKB	A0A654EVV0	AN1_LOCUS8868	GO:0098869		3702	AN1_LOCUS8868	P
UniProtKB	A0A654EWP8	AN1_LOCUS8619	GO:0004601		3702	AN1_LOCUS8619,AT9943_LOCUS7391,C24_LOCUS8472	F
UniProtKB	A0A654EWP8	AN1_LOCUS8619	GO:0004601		3702	AN1_LOCUS8619,AT9943_LOCUS7391,C24_LOCUS8472	F
UniProtKB	A0A654EWP8	AN1_LOCUS8619	GO:0098869		3702	AN1_LOCUS8619,AT9943_LOCUS7391,C24_LOCUS8472	P
UniProtKB	A0A654EWP8	AN1_LOCUS8619	GO:0098869		3702	AN1_LOCUS8619,AT9943_LOCUS7391,C24_LOCUS8472	P
UniProtKB	A0A654EX87	AN1_LOCUS9342	GO:0009407		3702	AN1_LOCUS9342	P
UniProtKB	A0A654EX88	AN1_LOCUS9351	GO:0009407		3702	AN1_LOCUS9351	P
UniProtKB	A0A654EZL0	AN1_LOCUS10171	GO:0004601		3702	AN1_LOCUS10171	F
UniProtKB	A0A654EZL0	AN1_LOCUS10171	GO:0004601		3702	AN1_LOCUS10171	F
UniProtKB	A0A654EZL0	AN1_LOCUS10171	GO:0098869		3702	AN1_LOCUS10171	P
UniProtKB	A0A654EZL0	AN1_LOCUS10171	GO:0098869		3702	AN1_LOCUS10171	P
UniProtKB	A0A654EZY2	AN1_LOCUS10302	GO:0004601		3702	AN1_LOCUS10302	F
UniProtKB	A0A654EZY2	AN1_LOCUS10302	GO:0004601		3702	AN1_LOCUS10302	F
UniProtKB	A0A654EZY2	AN1_LOCUS10302	GO:0098869		3702	AN1_LOCUS10302	P
UniProtKB	A0A654EZY2	AN1_LOCUS10302	GO:0098869		3702	AN1_LOCUS10302	P
UniProtKB	A0A654F0I3	AN1_LOCUS9983	GO:0004601		3702	AN1_LOCUS9983	F
UniProtKB	A0A654F0I3	AN1_LOCUS9983	GO:0004601		3702	AN1_LOCUS9983	F
UniProtKB	A0A654F0I3	AN1_LOCUS9983	GO:0098869		3702	AN1_LOCUS9983	P
UniProtKB	A0A654F0I3	AN1_LOCUS9983	GO:0098869		3702	AN1_LOCUS9983	P
UniProtKB	A0A654F0X1	AN1_LOCUS10644	GO:0004601		3702	AN1_LOCUS10644	F
UniProtKB	A0A654F0X1	AN1_LOCUS10644	GO:0004601		3702	AN1_LOCUS10644	F
UniProtKB	A0A654F0X1	AN1_LOCUS10644	GO:0098869		3702	AN1_LOCUS10644	P
UniProtKB	A0A654F0X1	AN1_LOCUS10644	GO:0098869		3702	AN1_LOCUS10644	P
UniProtKB	A0A654F0Y6	AN1_LOCUS6881	GO:0009407		3702	AN1_LOCUS6881,C24_LOCUS6767	P
UniProtKB	A0A654F1C2	AN1_LOCUS10315	GO:1990961		3702	AN1_LOCUS10315	P
UniProtKB	A0A654F1K3	AN1_LOCUS10858	GO:0004601		3702	AN1_LOCUS10858,AT9943_LOCUS9330	F
UniProtKB	A0A654F1K3	AN1_LOCUS10858	GO:0004601		3702	AN1_LOCUS10858,AT9943_LOCUS9330	F
UniProtKB	A0A654F1K3	AN1_LOCUS10858	GO:0098869		3702	AN1_LOCUS10858,AT9943_LOCUS9330	P
UniProtKB	A0A654F1K3	AN1_LOCUS10858	GO:0098869		3702	AN1_LOCUS10858,AT9943_LOCUS9330	P
UniProtKB	A0A654F2N4	AN1_LOCUS7464	GO:1990961		3702	AN1_LOCUS7464,C24_LOCUS7335	P
UniProtKB	A0A654F3Q5	AN1_LOCUS9839	GO:0004601		3702	AN1_LOCUS9839,C24_LOCUS9687	F
UniProtKB	A0A654F3Q5	AN1_LOCUS9839	GO:0004601		3702	AN1_LOCUS9839,C24_LOCUS9687	F
UniProtKB	A0A654F3Q5	AN1_LOCUS9839	GO:0098869		3702	AN1_LOCUS9839,C24_LOCUS9687	P
UniProtKB	A0A654F3Q5	AN1_LOCUS9839	GO:0098869		3702	AN1_LOCUS9839,C24_LOCUS9687	P
UniProtKB	A0A654F4H4	AN1_LOCUS11402	GO:0004601		3702	AN1_LOCUS11402	F
UniProtKB	A0A654F4H4	AN1_LOCUS11402	GO:0098869		3702	AN1_LOCUS11402	P
UniProtKB	A0A654F4M5	AN1_LOCUS11923	GO:0016209		3702	AN1_LOCUS11923,AT9943_LOCUS10250	F
UniProtKB	A0A654F4M5	AN1_LOCUS11923	GO:0004601		3702	AN1_LOCUS11923,AT9943_LOCUS10250	F
UniProtKB	A0A654F4M5	AN1_LOCUS11923	GO:0098869		3702	AN1_LOCUS11923,AT9943_LOCUS10250	P
UniProtKB	A0A654F4M5	AN1_LOCUS11923	GO:0098869		3702	AN1_LOCUS11923,AT9943_LOCUS10250	P
UniProtKB	A0A654F4Y3	AN1_LOCUS11644	GO:0004601		3702	AN1_LOCUS11644,AT9943_LOCUS10014	F
UniProtKB	A0A654F4Y3	AN1_LOCUS11644	GO:0004601		3702	AN1_LOCUS11644,AT9943_LOCUS10014	F
UniProtKB	A0A654F4Y3	AN1_LOCUS11644	GO:0098869		3702	AN1_LOCUS11644,AT9943_LOCUS10014	P
UniProtKB	A0A654F4Y3	AN1_LOCUS11644	GO:0098869		3702	AN1_LOCUS11644,AT9943_LOCUS10014	P
UniProtKB	A0A654F616	AN1_LOCUS12410	GO:0004784		3702	AN1_LOCUS12410	F
UniProtKB	A0A654F616	AN1_LOCUS12410	GO:0004784		3702	AN1_LOCUS12410	F
UniProtKB	A0A654F616	AN1_LOCUS12410	GO:0004784		3702	AN1_LOCUS12410	F
UniProtKB	A0A654F616	AN1_LOCUS12410	GO:0019430		3702	AN1_LOCUS12410	P
UniProtKB	A0A654F616	AN1_LOCUS12410	GO:0019430		3702	AN1_LOCUS12410	P
UniProtKB	A0A654F616	AN1_LOCUS12410	GO:0019430		3702	AN1_LOCUS12410	P
UniProtKB	A0A654F7Y5	AN1_LOCUS9349	GO:0009407		3702	AN1_LOCUS9349	P
UniProtKB	A0A654F9A8	AN1_LOCUS13097	GO:0004601		3702	AN1_LOCUS13097	F
UniProtKB	A0A654F9A8	AN1_LOCUS13097	GO:0004601		3702	AN1_LOCUS13097	F
UniProtKB	A0A654F9A8	AN1_LOCUS13097	GO:0098869		3702	AN1_LOCUS13097	P
UniProtKB	A0A654F9A8	AN1_LOCUS13097	GO:0098869		3702	AN1_LOCUS13097	P
UniProtKB	A0A654F9E9	At2g34360	GO:1990961		3702	At2g34360,AN1_LOCUS9878	P
UniProtKB	A0A654FAP7	AN1_LOCUS13615	GO:0004601		3702	AN1_LOCUS13615	F
UniProtKB	A0A654FAP7	AN1_LOCUS13615	GO:0004601		3702	AN1_LOCUS13615	F
UniProtKB	A0A654FAP7	AN1_LOCUS13615	GO:0098869		3702	AN1_LOCUS13615	P
UniProtKB	A0A654FAP7	AN1_LOCUS13615	GO:0098869		3702	AN1_LOCUS13615	P
UniProtKB	A0A654FAY5	AN1_LOCUS13816	GO:1990961		3702	AN1_LOCUS13816	P
UniProtKB	A0A654FAZ1	At3g26060	GO:0016209		3702	At3g26060,AN1_LOCUS14079	F
UniProtKB	A0A654FAZ1	At3g26060	GO:0098869		3702	At3g26060,AN1_LOCUS14079	P
UniProtKB	A0A654FB02	AN1_LOCUS14144	GO:1990961		3702	AN1_LOCUS14144	P
UniProtKB	A0A654FD56	AN1_LOCUS14908	GO:0004601		3702	AN1_LOCUS14908	F
UniProtKB	A0A654FD56	AN1_LOCUS14908	GO:0004601		3702	AN1_LOCUS14908	F
UniProtKB	A0A654FD56	AN1_LOCUS14908	GO:0098869		3702	AN1_LOCUS14908	P
UniProtKB	A0A654FD56	AN1_LOCUS14908	GO:0098869		3702	AN1_LOCUS14908	P
UniProtKB	A0A654FE69	AN1_LOCUS15256	GO:0004601		3702	AN1_LOCUS15256	F
UniProtKB	A0A654FE69	AN1_LOCUS15256	GO:0004601		3702	AN1_LOCUS15256	F
UniProtKB	A0A654FE69	AN1_LOCUS15256	GO:0098869		3702	AN1_LOCUS15256	P
UniProtKB	A0A654FE69	AN1_LOCUS15256	GO:0098869		3702	AN1_LOCUS15256	P
UniProtKB	A0A654FEQ9	AN1_LOCUS15459	GO:0004601		3702	AN1_LOCUS15459	F
UniProtKB	A0A654FEQ9	AN1_LOCUS15459	GO:0004601		3702	AN1_LOCUS15459	F
UniProtKB	A0A654FEQ9	AN1_LOCUS15459	GO:0098869		3702	AN1_LOCUS15459	P
UniProtKB	A0A654FEQ9	AN1_LOCUS15459	GO:0098869		3702	AN1_LOCUS15459	P
UniProtKB	A0A654FIB7	AN1_LOCUS15258	GO:0004601		3702	AN1_LOCUS15258	F
UniProtKB	A0A654FIB7	AN1_LOCUS15258	GO:0004601		3702	AN1_LOCUS15258	F
UniProtKB	A0A654FIB7	AN1_LOCUS15258	GO:0098869		3702	AN1_LOCUS15258	P
UniProtKB	A0A654FIB7	AN1_LOCUS15258	GO:0098869		3702	AN1_LOCUS15258	P
UniProtKB	A0A654FIH5	AN1_LOCUS15837	GO:0004362		3702	AN1_LOCUS15837,AT9943_LOCUS13627,C24_LOCUS15721	F
UniProtKB	A0A654FIH5	AN1_LOCUS15837	GO:0004362		3702	AN1_LOCUS15837,AT9943_LOCUS13627,C24_LOCUS15721	F
UniProtKB	A0A654FIH5	AN1_LOCUS15837	GO:0098869		3702	AN1_LOCUS15837,AT9943_LOCUS13627,C24_LOCUS15721	P
UniProtKB	A0A654FIH5	AN1_LOCUS15837	GO:0098869		3702	AN1_LOCUS15837,AT9943_LOCUS13627,C24_LOCUS15721	P
UniProtKB	A0A654FKL0	AN1_LOCUS16802	GO:1990961		3702	AN1_LOCUS16802	P
UniProtKB	A0A654FMD8	At4g08390	GO:0004601		3702	At4g08390,AN1_LOCUS17428	F
UniProtKB	A0A654FMD8	At4g08390	GO:0098869		3702	At4g08390,AN1_LOCUS17428	P
UniProtKB	A0A654FMF4	AN1_LOCUS17467	GO:0004601		3702	AN1_LOCUS17467	F
UniProtKB	A0A654FMF4	AN1_LOCUS17467	GO:0004601		3702	AN1_LOCUS17467	F
UniProtKB	A0A654FMF4	AN1_LOCUS17467	GO:0098869		3702	AN1_LOCUS17467	P
UniProtKB	A0A654FMF4	AN1_LOCUS17467	GO:0098869		3702	AN1_LOCUS17467	P
UniProtKB	A0A654FMG3	AN1_LOCUS17468	GO:0004601		3702	AN1_LOCUS17468	F
UniProtKB	A0A654FMG3	AN1_LOCUS17468	GO:0004601		3702	AN1_LOCUS17468	F
UniProtKB	A0A654FMG3	AN1_LOCUS17468	GO:0098869		3702	AN1_LOCUS17468	P
UniProtKB	A0A654FMG3	AN1_LOCUS17468	GO:0098869		3702	AN1_LOCUS17468	P
UniProtKB	A0A654FMI0	AN1_LOCUS17494	GO:0004601		3702	AN1_LOCUS17494	F
UniProtKB	A0A654FMI0	AN1_LOCUS17494	GO:0098869		3702	AN1_LOCUS17494	P
UniProtKB	A0A654FN89	AN1_LOCUS17722	GO:0004601		3702	AN1_LOCUS17722	F
UniProtKB	A0A654FN89	AN1_LOCUS17722	GO:0004601		3702	AN1_LOCUS17722	F
UniProtKB	A0A654FN89	AN1_LOCUS17722	GO:0098869		3702	AN1_LOCUS17722	P
UniProtKB	A0A654FN89	AN1_LOCUS17722	GO:0098869		3702	AN1_LOCUS17722	P
UniProtKB	A0A654FPZ0	AN1_LOCUS18317	GO:0004601		3702	AN1_LOCUS18317,C24_LOCUS18203	F
UniProtKB	A0A654FPZ0	AN1_LOCUS18317	GO:0004601		3702	AN1_LOCUS18317,C24_LOCUS18203	F
UniProtKB	A0A654FPZ0	AN1_LOCUS18317	GO:0098869		3702	AN1_LOCUS18317,C24_LOCUS18203	P
UniProtKB	A0A654FPZ0	AN1_LOCUS18317	GO:0098869		3702	AN1_LOCUS18317,C24_LOCUS18203	P
UniProtKB	A0A654FRJ8	At4g21910	GO:1990961		3702	At4g21910,AN1_LOCUS18906	P
UniProtKB	A0A654FRS5	AN1_LOCUS18912	GO:0004601		3702	AN1_LOCUS18912	F
UniProtKB	A0A654FRS5	AN1_LOCUS18912	GO:0004601		3702	AN1_LOCUS18912	F
UniProtKB	A0A654FRS5	AN1_LOCUS18912	GO:0098869		3702	AN1_LOCUS18912	P
UniProtKB	A0A654FRS5	AN1_LOCUS18912	GO:0098869		3702	AN1_LOCUS18912	P
UniProtKB	A0A654FSJ6	AN1_LOCUS19252	GO:0004601		3702	AN1_LOCUS19252,AT9943_LOCUS16603,C24_LOCUS19152	F
UniProtKB	A0A654FSJ6	AN1_LOCUS19252	GO:0004601		3702	AN1_LOCUS19252,AT9943_LOCUS16603,C24_LOCUS19152	F
UniProtKB	A0A654FSJ6	AN1_LOCUS19252	GO:0098869		3702	AN1_LOCUS19252,AT9943_LOCUS16603,C24_LOCUS19152	P
UniProtKB	A0A654FSJ6	AN1_LOCUS19252	GO:0098869		3702	AN1_LOCUS19252,AT9943_LOCUS16603,C24_LOCUS19152	P
UniProtKB	A0A654FSM5	AN1_LOCUS19253	GO:0004784		3702	AN1_LOCUS19253,AT9943_LOCUS16604,C24_LOCUS19153	F
UniProtKB	A0A654FSM5	AN1_LOCUS19253	GO:0004784		3702	AN1_LOCUS19253,AT9943_LOCUS16604,C24_LOCUS19153	F
UniProtKB	A0A654FSM5	AN1_LOCUS19253	GO:0019430		3702	AN1_LOCUS19253,AT9943_LOCUS16604,C24_LOCUS19153	P
UniProtKB	A0A654FSM5	AN1_LOCUS19253	GO:0019430		3702	AN1_LOCUS19253,AT9943_LOCUS16604,C24_LOCUS19153	P
UniProtKB	A0A654FT14	AN1_LOCUS19347	GO:0004601		3702	AN1_LOCUS19347,C24_LOCUS19249	F
UniProtKB	A0A654FT14	AN1_LOCUS19347	GO:0004601		3702	AN1_LOCUS19347,C24_LOCUS19249	F
UniProtKB	A0A654FT14	AN1_LOCUS19347	GO:0098869		3702	AN1_LOCUS19347,C24_LOCUS19249	P
UniProtKB	A0A654FT14	AN1_LOCUS19347	GO:0098869		3702	AN1_LOCUS19347,C24_LOCUS19249	P
UniProtKB	A0A654FTA2	AN1_LOCUS19344	GO:0004601		3702	AN1_LOCUS19344,C24_LOCUS19246	F
UniProtKB	A0A654FTA2	AN1_LOCUS19344	GO:0004601		3702	AN1_LOCUS19344,C24_LOCUS19246	F
UniProtKB	A0A654FTA2	AN1_LOCUS19344	GO:0098869		3702	AN1_LOCUS19344,C24_LOCUS19246	P
UniProtKB	A0A654FTA2	AN1_LOCUS19344	GO:0098869		3702	AN1_LOCUS19344,C24_LOCUS19246	P
UniProtKB	A0A654FVT6	AN1_LOCUS20386	GO:0019430		3702	AN1_LOCUS20386	P
UniProtKB	A0A654FVT6	AN1_LOCUS20386	GO:0004791		3702	AN1_LOCUS20386	F
UniProtKB	A0A654FVT6	AN1_LOCUS20386	GO:0004791		3702	AN1_LOCUS20386	F
UniProtKB	A0A654FVT6	AN1_LOCUS20386	GO:0004791		3702	AN1_LOCUS20386	F
UniProtKB	A0A654FVT6	AN1_LOCUS20386	GO:0019430		3702	AN1_LOCUS20386	P
UniProtKB	A0A654FVT6	AN1_LOCUS20386	GO:0004791		3702	AN1_LOCUS20386	F
UniProtKB	A0A654FVT6	AN1_LOCUS20386	GO:0004791		3702	AN1_LOCUS20386	F
UniProtKB	A0A654FWD2	AN1_LOCUS20488	GO:0004601		3702	AN1_LOCUS20488,AT9943_LOCUS17672	F
UniProtKB	A0A654FWD2	AN1_LOCUS20488	GO:0004601		3702	AN1_LOCUS20488,AT9943_LOCUS17672	F
UniProtKB	A0A654FWD2	AN1_LOCUS20488	GO:0098869		3702	AN1_LOCUS20488,AT9943_LOCUS17672	P
UniProtKB	A0A654FWD2	AN1_LOCUS20488	GO:0098869		3702	AN1_LOCUS20488,AT9943_LOCUS17672	P
UniProtKB	A0A654FWE1	AN1_LOCUS20609	GO:0004601		3702	AN1_LOCUS20609	F
UniProtKB	A0A654FWE1	AN1_LOCUS20609	GO:0004601		3702	AN1_LOCUS20609	F
UniProtKB	A0A654FWE1	AN1_LOCUS20609	GO:0098869		3702	AN1_LOCUS20609	P
UniProtKB	A0A654FWE1	AN1_LOCUS20609	GO:0098869		3702	AN1_LOCUS20609	P
UniProtKB	A0A654FYP4	AN1_LOCUS21344	GO:0004601		3702	AN1_LOCUS21344	F
UniProtKB	A0A654FYP4	AN1_LOCUS21344	GO:0004601		3702	AN1_LOCUS21344	F
UniProtKB	A0A654FYP4	AN1_LOCUS21344	GO:0098869		3702	AN1_LOCUS21344	P
UniProtKB	A0A654FYP4	AN1_LOCUS21344	GO:0098869		3702	AN1_LOCUS21344	P
UniProtKB	A0A654FYS1	AN1_LOCUS21445	GO:0016209		3702	AN1_LOCUS21445	F
UniProtKB	A0A654FYS1	AN1_LOCUS21445	GO:0051920		3702	AN1_LOCUS21445	F
UniProtKB	A0A654FYS1	AN1_LOCUS21445	GO:0098869		3702	AN1_LOCUS21445	P
UniProtKB	A0A654FYS1	AN1_LOCUS21445	GO:0098869		3702	AN1_LOCUS21445	P
UniProtKB	A0A654FYZ4	AN1_LOCUS21488	GO:0004601		3702	AN1_LOCUS21488	F
UniProtKB	A0A654FYZ4	AN1_LOCUS21488	GO:0004601		3702	AN1_LOCUS21488	F
UniProtKB	A0A654FYZ4	AN1_LOCUS21488	GO:0098869		3702	AN1_LOCUS21488	P
UniProtKB	A0A654FYZ4	AN1_LOCUS21488	GO:0098869		3702	AN1_LOCUS21488	P
UniProtKB	A0A654FZ07	AN1_LOCUS21489	GO:0004601		3702	AN1_LOCUS21489	F
UniProtKB	A0A654FZ07	AN1_LOCUS21489	GO:0004601		3702	AN1_LOCUS21489	F
UniProtKB	A0A654FZ07	AN1_LOCUS21489	GO:0098869		3702	AN1_LOCUS21489	P
UniProtKB	A0A654FZ07	AN1_LOCUS21489	GO:0098869		3702	AN1_LOCUS21489	P
UniProtKB	A0A654FZ83	AN1_LOCUS21559	GO:0004601		3702	AN1_LOCUS21559	F
UniProtKB	A0A654FZ83	AN1_LOCUS21559	GO:0004601		3702	AN1_LOCUS21559	F
UniProtKB	A0A654FZ83	AN1_LOCUS21559	GO:0098869		3702	AN1_LOCUS21559	P
UniProtKB	A0A654FZ83	AN1_LOCUS21559	GO:0098869		3702	AN1_LOCUS21559	P
UniProtKB	A0A654G118	AN1_LOCUS22181	GO:0004601		3702	AN1_LOCUS22181	F
UniProtKB	A0A654G118	AN1_LOCUS22181	GO:0004601		3702	AN1_LOCUS22181	F
UniProtKB	A0A654G118	AN1_LOCUS22181	GO:0098869		3702	AN1_LOCUS22181	P
UniProtKB	A0A654G118	AN1_LOCUS22181	GO:0098869		3702	AN1_LOCUS22181	P
UniProtKB	A0A654G2H9	AN1_LOCUS22593	GO:0016209		3702	AN1_LOCUS22593	F
UniProtKB	A0A654G2H9	AN1_LOCUS22593	GO:0098869		3702	AN1_LOCUS22593	P
UniProtKB	A0A654G2P1	At5g19890	GO:0004601		3702	At5g19890,AN1_LOCUS22789	F
UniProtKB	A0A654G2P1	At5g19890	GO:0004601		3702	At5g19890,AN1_LOCUS22789	F
UniProtKB	A0A654G2P1	At5g19890	GO:0098869		3702	At5g19890,AN1_LOCUS22789	P
UniProtKB	A0A654G2P1	At5g19890	GO:0098869		3702	At5g19890,AN1_LOCUS22789	P
UniProtKB	A0A654G2P4	AN1_LOCUS22768	GO:1990961		3702	AN1_LOCUS22768,AT9943_LOCUS19596	P
UniProtKB	A0A654G2V1	AN1_LOCUS22849	GO:0004362		3702	AN1_LOCUS22849	F
UniProtKB	A0A654G2V1	AN1_LOCUS22849	GO:0098869		3702	AN1_LOCUS22849	P
UniProtKB	A0A654G347	AN1_LOCUS22970	GO:0004601		3702	AN1_LOCUS22970	F
UniProtKB	A0A654G347	AN1_LOCUS22970	GO:0004601		3702	AN1_LOCUS22970	F
UniProtKB	A0A654G347	AN1_LOCUS22970	GO:0098869		3702	AN1_LOCUS22970	P
UniProtKB	A0A654G347	AN1_LOCUS22970	GO:0098869		3702	AN1_LOCUS22970	P
UniProtKB	A0A654G650	AN1_LOCUS23945	GO:1990961		3702	AN1_LOCUS23945	P
UniProtKB	A0A654G6F8	AN1_LOCUS24122	GO:0004601		3702	AN1_LOCUS24122	F
UniProtKB	A0A654G6F8	AN1_LOCUS24122	GO:0004601		3702	AN1_LOCUS24122	F
UniProtKB	A0A654G6F8	AN1_LOCUS24122	GO:0098869		3702	AN1_LOCUS24122	P
UniProtKB	A0A654G6F8	AN1_LOCUS24122	GO:0098869		3702	AN1_LOCUS24122	P
UniProtKB	A0A654G737	AN1_LOCUS24398	GO:0004601		3702	AN1_LOCUS24398	F
UniProtKB	A0A654G737	AN1_LOCUS24398	GO:0004601		3702	AN1_LOCUS24398	F
UniProtKB	A0A654G737	AN1_LOCUS24398	GO:0098869		3702	AN1_LOCUS24398	P
UniProtKB	A0A654G737	AN1_LOCUS24398	GO:0098869		3702	AN1_LOCUS24398	P
UniProtKB	A0A654G7Y0	AN1_LOCUS24606	GO:1990961		3702	AN1_LOCUS24606	P
UniProtKB	A0A654G8Z3	AN1_LOCUS24933	GO:0004601		3702	AN1_LOCUS24933,C24_LOCUS24766	F
UniProtKB	A0A654G8Z3	AN1_LOCUS24933	GO:0004601		3702	AN1_LOCUS24933,C24_LOCUS24766	F
UniProtKB	A0A654G8Z3	AN1_LOCUS24933	GO:0098869		3702	AN1_LOCUS24933,C24_LOCUS24766	P
UniProtKB	A0A654G8Z3	AN1_LOCUS24933	GO:0098869		3702	AN1_LOCUS24933,C24_LOCUS24766	P
UniProtKB	A0A654G9X0	AN1_LOCUS25159	GO:1990961		3702	AN1_LOCUS25159	P
UniProtKB	A0A654GAD7	AN1_LOCUS25456	GO:1990961		3702	AN1_LOCUS25456	P
UniProtKB	A0A654GAL6	AN1_LOCUS25439	GO:0004601		3702	AN1_LOCUS25439	F
UniProtKB	A0A654GAL6	AN1_LOCUS25439	GO:0004601		3702	AN1_LOCUS25439	F
UniProtKB	A0A654GAL6	AN1_LOCUS25439	GO:0098869		3702	AN1_LOCUS25439	P
UniProtKB	A0A654GAL6	AN1_LOCUS25439	GO:0098869		3702	AN1_LOCUS25439	P
UniProtKB	A0A654GC70	AN1_LOCUS26135	GO:0004601		3702	AN1_LOCUS26135	F
UniProtKB	A0A654GC70	AN1_LOCUS26135	GO:0004601		3702	AN1_LOCUS26135	F
UniProtKB	A0A654GC70	AN1_LOCUS26135	GO:0098869		3702	AN1_LOCUS26135	P
UniProtKB	A0A654GC70	AN1_LOCUS26135	GO:0098869		3702	AN1_LOCUS26135	P
UniProtKB	A0A654GD88	At5g60010	GO:0004601		3702	At5g60010,AN1_LOCUS26302,AT9943_LOCUS22649,C24_LOCUS26125	F
UniProtKB	A0A654GD88	At5g60010	GO:0004601		3702	At5g60010,AN1_LOCUS26302,AT9943_LOCUS22649,C24_LOCUS26125	F
UniProtKB	A0A654GD88	At5g60010	GO:0098869		3702	At5g60010,AN1_LOCUS26302,AT9943_LOCUS22649,C24_LOCUS26125	P
UniProtKB	A0A654GD88	At5g60010	GO:0098869		3702	At5g60010,AN1_LOCUS26302,AT9943_LOCUS22649,C24_LOCUS26125	P
UniProtKB	A0A654GDT1	AN1_LOCUS26555	GO:0009407		3702	AN1_LOCUS26555,C24_LOCUS26377	P
UniProtKB	A0A654GEK5	AN1_LOCUS26972	GO:0004601		3702	AN1_LOCUS26972	F
UniProtKB	A0A654GEK5	AN1_LOCUS26972	GO:0004601		3702	AN1_LOCUS26972	F
UniProtKB	A0A654GEK5	AN1_LOCUS26972	GO:0098869		3702	AN1_LOCUS26972	P
UniProtKB	A0A654GEK5	AN1_LOCUS26972	GO:0098869		3702	AN1_LOCUS26972	P
UniProtKB	A0A7G2DPE8	AT9943_LOCUS737	GO:0004601		3702	AT9943_LOCUS737	F
UniProtKB	A0A7G2DPE8	AT9943_LOCUS737	GO:0004601		3702	AT9943_LOCUS737	F
UniProtKB	A0A7G2DPE8	AT9943_LOCUS737	GO:0098869		3702	AT9943_LOCUS737	P
UniProtKB	A0A7G2DPE8	AT9943_LOCUS737	GO:0098869		3702	AT9943_LOCUS737	P
UniProtKB	A0A7G2DQM3	AT9943_LOCUS386	GO:0004601		3702	AT9943_LOCUS386	F
UniProtKB	A0A7G2DQM3	AT9943_LOCUS386	GO:0004601		3702	AT9943_LOCUS386	F
UniProtKB	A0A7G2DQM3	AT9943_LOCUS386	GO:0098869		3702	AT9943_LOCUS386	P
UniProtKB	A0A7G2DQM3	AT9943_LOCUS386	GO:0098869		3702	AT9943_LOCUS386	P
UniProtKB	A0A7G2DQQ5	AT9943_LOCUS1246	GO:0004601		3702	AT9943_LOCUS1246	F
UniProtKB	A0A7G2DQQ5	AT9943_LOCUS1246	GO:0004601		3702	AT9943_LOCUS1246	F
UniProtKB	A0A7G2DQQ5	AT9943_LOCUS1246	GO:0098869		3702	AT9943_LOCUS1246	P
UniProtKB	A0A7G2DQQ5	AT9943_LOCUS1246	GO:0098869		3702	AT9943_LOCUS1246	P
UniProtKB	A0A7G2DQU1	AT9943_LOCUS1307	GO:1990961		3702	AT9943_LOCUS1307	P
UniProtKB	A0A7G2DSZ9	AT9943_LOCUS1309	GO:1990961		3702	AT9943_LOCUS1309	P
UniProtKB	A0A7G2DTV4	AT9943_LOCUS1310	GO:1990961		3702	AT9943_LOCUS1310	P
UniProtKB	A0A7G2DUB5	AT9943_LOCUS2595	GO:0004601		3702	AT9943_LOCUS2595	F
UniProtKB	A0A7G2DUB5	AT9943_LOCUS2595	GO:0004601		3702	AT9943_LOCUS2595	F
UniProtKB	A0A7G2DUB5	AT9943_LOCUS2595	GO:0098869		3702	AT9943_LOCUS2595	P
UniProtKB	A0A7G2DUB5	AT9943_LOCUS2595	GO:0098869		3702	AT9943_LOCUS2595	P
UniProtKB	A0A7G2DUD0	AT9943_LOCUS1783	GO:0004096		3702	AT9943_LOCUS1783	F
UniProtKB	A0A7G2DUD0	AT9943_LOCUS1783	GO:0004601		3702	AT9943_LOCUS1783	F
UniProtKB	A0A7G2DUD0	AT9943_LOCUS1783	GO:0004096		3702	AT9943_LOCUS1783	F
UniProtKB	A0A7G2DUD0	AT9943_LOCUS1783	GO:0098869		3702	AT9943_LOCUS1783	P
UniProtKB	A0A7G2DUD0	AT9943_LOCUS1783	GO:0098869		3702	AT9943_LOCUS1783	P
UniProtKB	A0A7G2DUD0	AT9943_LOCUS1783	GO:0098869		3702	AT9943_LOCUS1783	P
UniProtKB	A0A7G2DUP6	AT9943_LOCUS2792	GO:1990961		3702	AT9943_LOCUS2792	P
UniProtKB	A0A7G2DUQ8	AT9943_LOCUS1247	GO:0004601		3702	AT9943_LOCUS1247	F
UniProtKB	A0A7G2DUQ8	AT9943_LOCUS1247	GO:0004601		3702	AT9943_LOCUS1247	F
UniProtKB	A0A7G2DUQ8	AT9943_LOCUS1247	GO:0098869		3702	AT9943_LOCUS1247	P
UniProtKB	A0A7G2DUQ8	AT9943_LOCUS1247	GO:0098869		3702	AT9943_LOCUS1247	P
UniProtKB	A0A7G2DUX3	AT9943_LOCUS2897	GO:0004601		3702	AT9943_LOCUS2897	F
UniProtKB	A0A7G2DUX3	AT9943_LOCUS2897	GO:0004601		3702	AT9943_LOCUS2897	F
UniProtKB	A0A7G2DUX3	AT9943_LOCUS2897	GO:0098869		3702	AT9943_LOCUS2897	P
UniProtKB	A0A7G2DUX3	AT9943_LOCUS2897	GO:0098869		3702	AT9943_LOCUS2897	P
UniProtKB	A0A7G2DV27	AT9943_LOCUS1105	GO:1990961		3702	AT9943_LOCUS1105	P
UniProtKB	A0A7G2DVS0	AT9943_LOCUS2094	GO:0004601		3702	AT9943_LOCUS2094	F
UniProtKB	A0A7G2DVS0	AT9943_LOCUS2094	GO:0004601		3702	AT9943_LOCUS2094	F
UniProtKB	A0A7G2DVS0	AT9943_LOCUS2094	GO:0098869		3702	AT9943_LOCUS2094	P
UniProtKB	A0A7G2DVS0	AT9943_LOCUS2094	GO:0098869		3702	AT9943_LOCUS2094	P
UniProtKB	A0A7G2DVV0	AT9943_LOCUS1694	GO:0098869		3702	AT9943_LOCUS1694	P
UniProtKB	A0A7G2DVV0	AT9943_LOCUS1694	GO:0045174		3702	AT9943_LOCUS1694	F
UniProtKB	A0A7G2DVV0	AT9943_LOCUS1694	GO:0045174		3702	AT9943_LOCUS1694	F
UniProtKB	A0A7G2DX19	AT9943_LOCUS1855	GO:0016209		3702	AT9943_LOCUS1855	F
UniProtKB	A0A7G2DX19	AT9943_LOCUS1855	GO:0051920		3702	AT9943_LOCUS1855	F
UniProtKB	A0A7G2DX19	AT9943_LOCUS1855	GO:0098869		3702	AT9943_LOCUS1855	P
UniProtKB	A0A7G2DX19	AT9943_LOCUS1855	GO:0098869		3702	AT9943_LOCUS1855	P
UniProtKB	A0A7G2DXD7	AT9943_LOCUS2794	GO:1990961		3702	AT9943_LOCUS2794	P
UniProtKB	A0A7G2DXQ4	AT9943_LOCUS2899	GO:0004601		3702	AT9943_LOCUS2899	F
UniProtKB	A0A7G2DXQ4	AT9943_LOCUS2899	GO:0098869		3702	AT9943_LOCUS2899	P
UniProtKB	A0A7G2DXW9	AT9943_LOCUS1669	GO:0004601		3702	AT9943_LOCUS1669	F
UniProtKB	A0A7G2DXW9	AT9943_LOCUS1669	GO:0004601		3702	AT9943_LOCUS1669	F
UniProtKB	A0A7G2DXW9	AT9943_LOCUS1669	GO:0098869		3702	AT9943_LOCUS1669	P
UniProtKB	A0A7G2DXW9	AT9943_LOCUS1669	GO:0098869		3702	AT9943_LOCUS1669	P
UniProtKB	A0A7G2DY57	AT9943_LOCUS2915	GO:0004601		3702	AT9943_LOCUS2915	F
UniProtKB	A0A7G2DY57	AT9943_LOCUS2915	GO:0004601		3702	AT9943_LOCUS2915	F
UniProtKB	A0A7G2DY57	AT9943_LOCUS2915	GO:0098869		3702	AT9943_LOCUS2915	P
UniProtKB	A0A7G2DY57	AT9943_LOCUS2915	GO:0098869		3702	AT9943_LOCUS2915	P
UniProtKB	A0A7G2DY64	AT9943_LOCUS2795	GO:1990961		3702	AT9943_LOCUS2795	P
UniProtKB	A0A7G2DYS5	AT9943_LOCUS2731	GO:1990961		3702	AT9943_LOCUS2731	P
UniProtKB	A0A7G2DYY6	AT9943_LOCUS2793	GO:1990961		3702	AT9943_LOCUS2793	P
UniProtKB	A0A7G2E0K3	AT9943_LOCUS4797	GO:1990961		3702	AT9943_LOCUS4797	P
UniProtKB	A0A7G2E1L4	AT9943_LOCUS4273	GO:0016209		3702	AT9943_LOCUS4273	F
UniProtKB	A0A7G2E1L4	AT9943_LOCUS4273	GO:0004601		3702	AT9943_LOCUS4273	F
UniProtKB	A0A7G2E1L4	AT9943_LOCUS4273	GO:0098869		3702	AT9943_LOCUS4273	P
UniProtKB	A0A7G2E1L4	AT9943_LOCUS4273	GO:0098869		3702	AT9943_LOCUS4273	P
UniProtKB	A0A7G2E2W5	AT9943_LOCUS4799	GO:1990961		3702	AT9943_LOCUS4799	P
UniProtKB	A0A7G2E354	AT9943_LOCUS4250	GO:0004791		3702	AT9943_LOCUS4250	F
UniProtKB	A0A7G2E354	AT9943_LOCUS4250	GO:0098869		3702	AT9943_LOCUS4250	P
UniProtKB	A0A7G2E553	AT9943_LOCUS4735	GO:0016209		3702	AT9943_LOCUS4735	F
UniProtKB	A0A7G2E553	AT9943_LOCUS4735	GO:0004601		3702	AT9943_LOCUS4735	F
UniProtKB	A0A7G2E553	AT9943_LOCUS4735	GO:0098869		3702	AT9943_LOCUS4735	P
UniProtKB	A0A7G2E553	AT9943_LOCUS4735	GO:0098869		3702	AT9943_LOCUS4735	P
UniProtKB	A0A7G2E5B8	AT9943_LOCUS6314	GO:1990961		3702	AT9943_LOCUS6314	P
UniProtKB	A0A7G2E604	AT9943_LOCUS4505	GO:0004602		3702	AT9943_LOCUS4505	F
UniProtKB	A0A7G2E604	AT9943_LOCUS4505	GO:0004601		3702	AT9943_LOCUS4505	F
UniProtKB	A0A7G2E604	AT9943_LOCUS4505	GO:0098869		3702	AT9943_LOCUS4505	P
UniProtKB	A0A7G2E604	AT9943_LOCUS4505	GO:0098869		3702	AT9943_LOCUS4505	P
UniProtKB	A0A7G2E614	AT9943_LOCUS5406	GO:0004601		3702	AT9943_LOCUS5406	F
UniProtKB	A0A7G2E614	AT9943_LOCUS5406	GO:0098869		3702	AT9943_LOCUS5406	P
UniProtKB	A0A7G2E818	AT9943_LOCUS5198	GO:1990961		3702	AT9943_LOCUS5198	P
UniProtKB	A0A7G2E876	AT9943_LOCUS5237	GO:0004601		3702	AT9943_LOCUS5237	F
UniProtKB	A0A7G2E876	AT9943_LOCUS5237	GO:0004601		3702	AT9943_LOCUS5237	F
UniProtKB	A0A7G2E876	AT9943_LOCUS5237	GO:0098869		3702	AT9943_LOCUS5237	P
UniProtKB	A0A7G2E876	AT9943_LOCUS5237	GO:0098869		3702	AT9943_LOCUS5237	P
UniProtKB	A0A7G2E8A1	AT9943_LOCUS6678	GO:0004601		3702	AT9943_LOCUS6678	F
UniProtKB	A0A7G2E8A1	AT9943_LOCUS6678	GO:0004601		3702	AT9943_LOCUS6678	F
UniProtKB	A0A7G2E8A1	AT9943_LOCUS6678	GO:0098869		3702	AT9943_LOCUS6678	P
UniProtKB	A0A7G2E8A1	AT9943_LOCUS6678	GO:0098869		3702	AT9943_LOCUS6678	P
UniProtKB	A0A7G2E8B2	AT9943_LOCUS6315	GO:1990961		3702	AT9943_LOCUS6315	P
UniProtKB	A0A7G2E8S6	AT9943_LOCUS7605	GO:0004601		3702	AT9943_LOCUS7605	F
UniProtKB	A0A7G2E8S6	AT9943_LOCUS7605	GO:0004601		3702	AT9943_LOCUS7605	F
UniProtKB	A0A7G2E8S6	AT9943_LOCUS7605	GO:0098869		3702	AT9943_LOCUS7605	P
UniProtKB	A0A7G2E8S6	AT9943_LOCUS7605	GO:0098869		3702	AT9943_LOCUS7605	P
UniProtKB	A0A7G2E931	AT9943_LOCUS6952	GO:0019430		3702	AT9943_LOCUS6952	P
UniProtKB	A0A7G2E931	AT9943_LOCUS6952	GO:0004791		3702	AT9943_LOCUS6952	F
UniProtKB	A0A7G2E931	AT9943_LOCUS6952	GO:0004791		3702	AT9943_LOCUS6952	F
UniProtKB	A0A7G2E931	AT9943_LOCUS6952	GO:0019430		3702	AT9943_LOCUS6952	P
UniProtKB	A0A7G2E931	AT9943_LOCUS6952	GO:0004791		3702	AT9943_LOCUS6952	F
UniProtKB	A0A7G2E931	AT9943_LOCUS6952	GO:0004791		3702	AT9943_LOCUS6952	F
UniProtKB	A0A7G2E9L0	AT9943_LOCUS5745	GO:0004601		3702	AT9943_LOCUS5745	F
UniProtKB	A0A7G2E9L0	AT9943_LOCUS5745	GO:0016688		3702	AT9943_LOCUS5745	F
UniProtKB	A0A7G2E9L0	AT9943_LOCUS5745	GO:0098869		3702	AT9943_LOCUS5745	P
UniProtKB	A0A7G2E9L0	AT9943_LOCUS5745	GO:0098869		3702	AT9943_LOCUS5745	P
UniProtKB	A0A7G2E9P4	AT9943_LOCUS6318	GO:1990961		3702	AT9943_LOCUS6318	P
UniProtKB	A0A7G2EB02	AT9943_LOCUS7020	GO:0004601		3702	AT9943_LOCUS7020	F
UniProtKB	A0A7G2EB02	AT9943_LOCUS7020	GO:0004601		3702	AT9943_LOCUS7020	F
UniProtKB	A0A7G2EB02	AT9943_LOCUS7020	GO:0098869		3702	AT9943_LOCUS7020	P
UniProtKB	A0A7G2EB02	AT9943_LOCUS7020	GO:0098869		3702	AT9943_LOCUS7020	P
UniProtKB	A0A7G2EB69	AT9943_LOCUS6320	GO:1990961		3702	AT9943_LOCUS6320	P
UniProtKB	A0A7G2EBA0	AT9943_LOCUS6319	GO:1990961		3702	AT9943_LOCUS6319	P
UniProtKB	A0A7G2ECD5	AT9943_LOCUS7899	GO:0016209		3702	AT9943_LOCUS7899	F
UniProtKB	A0A7G2ECD5	AT9943_LOCUS7899	GO:0004784		3702	AT9943_LOCUS7899	F
UniProtKB	A0A7G2ECD5	AT9943_LOCUS7899	GO:0098869		3702	AT9943_LOCUS7899	P
UniProtKB	A0A7G2ECD5	AT9943_LOCUS7899	GO:0019430		3702	AT9943_LOCUS7899	P
UniProtKB	A0A7G2EDH0	AT9943_LOCUS7090	GO:0004601		3702	AT9943_LOCUS7090	F
UniProtKB	A0A7G2EDH0	AT9943_LOCUS7090	GO:0004601		3702	AT9943_LOCUS7090	F
UniProtKB	A0A7G2EDH0	AT9943_LOCUS7090	GO:0098869		3702	AT9943_LOCUS7090	P
UniProtKB	A0A7G2EDH0	AT9943_LOCUS7090	GO:0098869		3702	AT9943_LOCUS7090	P
UniProtKB	A0A7G2EEH4	AT9943_LOCUS8906	GO:0004601		3702	AT9943_LOCUS8906	F
UniProtKB	A0A7G2EEH4	AT9943_LOCUS8906	GO:0004601		3702	AT9943_LOCUS8906	F
UniProtKB	A0A7G2EEH4	AT9943_LOCUS8906	GO:0098869		3702	AT9943_LOCUS8906	P
UniProtKB	A0A7G2EEH4	AT9943_LOCUS8906	GO:0098869		3702	AT9943_LOCUS8906	P
UniProtKB	A0A7G2EEQ8	AT9943_LOCUS8844	GO:0004601		3702	AT9943_LOCUS8844	F
UniProtKB	A0A7G2EEQ8	AT9943_LOCUS8844	GO:0004601		3702	AT9943_LOCUS8844	F
UniProtKB	A0A7G2EEQ8	AT9943_LOCUS8844	GO:0098869		3702	AT9943_LOCUS8844	P
UniProtKB	A0A7G2EEQ8	AT9943_LOCUS8844	GO:0098869		3702	AT9943_LOCUS8844	P
UniProtKB	A0A7G2EF22	AT9943_LOCUS8720	GO:0004601		3702	AT9943_LOCUS8720	F
UniProtKB	A0A7G2EF22	AT9943_LOCUS8720	GO:0004601		3702	AT9943_LOCUS8720	F
UniProtKB	A0A7G2EF22	AT9943_LOCUS8720	GO:0098869		3702	AT9943_LOCUS8720	P
UniProtKB	A0A7G2EF22	AT9943_LOCUS8720	GO:0098869		3702	AT9943_LOCUS8720	P
UniProtKB	A0A7G2EH28	AT9943_LOCUS8435	GO:0004601		3702	AT9943_LOCUS8435	F
UniProtKB	A0A7G2EH28	AT9943_LOCUS8435	GO:0004601		3702	AT9943_LOCUS8435	F
UniProtKB	A0A7G2EH28	AT9943_LOCUS8435	GO:0098869		3702	AT9943_LOCUS8435	P
UniProtKB	A0A7G2EH28	AT9943_LOCUS8435	GO:0098869		3702	AT9943_LOCUS8435	P
UniProtKB	A0A7G2EHC3	AT9943_LOCUS8465	GO:1990961		3702	AT9943_LOCUS8465	P
UniProtKB	A0A7G2EHD5	AT9943_LOCUS9158	GO:0019430		3702	AT9943_LOCUS9158	P
UniProtKB	A0A7G2EHD5	AT9943_LOCUS9158	GO:0004791		3702	AT9943_LOCUS9158	F
UniProtKB	A0A7G2EHD5	AT9943_LOCUS9158	GO:0004791		3702	AT9943_LOCUS9158	F
UniProtKB	A0A7G2EHD5	AT9943_LOCUS9158	GO:0004791		3702	AT9943_LOCUS9158	F
UniProtKB	A0A7G2EHT4	AT9943_LOCUS9762	GO:0004602		3702	AT9943_LOCUS9762	F
UniProtKB	A0A7G2EHT4	AT9943_LOCUS9762	GO:0004601		3702	AT9943_LOCUS9762	F
UniProtKB	A0A7G2EHT4	AT9943_LOCUS9762	GO:0098869		3702	AT9943_LOCUS9762	P
UniProtKB	A0A7G2EHT4	AT9943_LOCUS9762	GO:0098869		3702	AT9943_LOCUS9762	P
UniProtKB	A0A7G2EHV9	AT9943_LOCUS10009	GO:1990961		3702	AT9943_LOCUS10009	P
UniProtKB	A0A7G2EI93	AT9943_LOCUS9141	GO:0004601		3702	AT9943_LOCUS9141	F
UniProtKB	A0A7G2EI93	AT9943_LOCUS9141	GO:0004601		3702	AT9943_LOCUS9141	F
UniProtKB	A0A7G2EI93	AT9943_LOCUS9141	GO:0098869		3702	AT9943_LOCUS9141	P
UniProtKB	A0A7G2EI93	AT9943_LOCUS9141	GO:0098869		3702	AT9943_LOCUS9141	P
UniProtKB	A0A7G2EIC2	AT9943_LOCUS8857	GO:1990961		3702	AT9943_LOCUS8857	P
UniProtKB	A0A7G2EJ28	AT9943_LOCUS9785	GO:0004601		3702	AT9943_LOCUS9785	F
UniProtKB	A0A7G2EJ28	AT9943_LOCUS9785	GO:0004601		3702	AT9943_LOCUS9785	F
UniProtKB	A0A7G2EJ28	AT9943_LOCUS9785	GO:0098869		3702	AT9943_LOCUS9785	P
UniProtKB	A0A7G2EJ28	AT9943_LOCUS9785	GO:0098869		3702	AT9943_LOCUS9785	P
UniProtKB	A0A7G2EKV7	AT9943_LOCUS10672	GO:0004784		3702	AT9943_LOCUS10672	F
UniProtKB	A0A7G2EKV7	AT9943_LOCUS10672	GO:0004784		3702	AT9943_LOCUS10672	F
UniProtKB	A0A7G2EKV7	AT9943_LOCUS10672	GO:0019430		3702	AT9943_LOCUS10672	P
UniProtKB	A0A7G2EKV7	AT9943_LOCUS10672	GO:0019430		3702	AT9943_LOCUS10672	P
UniProtKB	A0A7G2ELC4	AT9943_LOCUS9806	GO:0004601		3702	AT9943_LOCUS9806	F
UniProtKB	A0A7G2ELC4	AT9943_LOCUS9806	GO:0098869		3702	AT9943_LOCUS9806	P
UniProtKB	A0A7G2EMY2	AT9943_LOCUS12579	GO:0004601		3702	AT9943_LOCUS12579	F
UniProtKB	A0A7G2EMY2	AT9943_LOCUS12579	GO:0098869		3702	AT9943_LOCUS12579	P
UniProtKB	A0A7G2EMZ0	AT9943_LOCUS11858	GO:1990961		3702	AT9943_LOCUS11858	P
UniProtKB	A0A7G2ENQ9	AT9943_LOCUS11857	GO:1990961		3702	AT9943_LOCUS11857	P
UniProtKB	A0A7G2EP01	AT9943_LOCUS12827	GO:0004601		3702	AT9943_LOCUS12827	F
UniProtKB	A0A7G2EP01	AT9943_LOCUS12827	GO:0004601		3702	AT9943_LOCUS12827	F
UniProtKB	A0A7G2EP01	AT9943_LOCUS12827	GO:0098869		3702	AT9943_LOCUS12827	P
UniProtKB	A0A7G2EP01	AT9943_LOCUS12827	GO:0098869		3702	AT9943_LOCUS12827	P
UniProtKB	A0A7G2EQ54	AT9943_LOCUS11917	GO:0004362		3702	AT9943_LOCUS11917	F
UniProtKB	A0A7G2EQ54	AT9943_LOCUS11917	GO:0004362		3702	AT9943_LOCUS11917	F
UniProtKB	A0A7G2EQ54	AT9943_LOCUS11917	GO:0098869		3702	AT9943_LOCUS11917	P
UniProtKB	A0A7G2EQ54	AT9943_LOCUS11917	GO:0098869		3702	AT9943_LOCUS11917	P
UniProtKB	A0A7G2ERI8	AT9943_LOCUS12827	GO:0004601		3702	AT9943_LOCUS12827	F
UniProtKB	A0A7G2ERI8	AT9943_LOCUS12827	GO:0004601		3702	AT9943_LOCUS12827	F
UniProtKB	A0A7G2ERI8	AT9943_LOCUS12827	GO:0098869		3702	AT9943_LOCUS12827	P
UniProtKB	A0A7G2ERI8	AT9943_LOCUS12827	GO:0098869		3702	AT9943_LOCUS12827	P
UniProtKB	A0A7G2ES30	AT9943_LOCUS11690	GO:1990961		3702	AT9943_LOCUS11690	P
UniProtKB	A0A7G2ES33	AT9943_LOCUS12518	GO:0004601		3702	AT9943_LOCUS12518	F
UniProtKB	A0A7G2ES33	AT9943_LOCUS12518	GO:0004601		3702	AT9943_LOCUS12518	F
UniProtKB	A0A7G2ES33	AT9943_LOCUS12518	GO:0098869		3702	AT9943_LOCUS12518	P
UniProtKB	A0A7G2ES33	AT9943_LOCUS12518	GO:0098869		3702	AT9943_LOCUS12518	P
UniProtKB	A0A7G2ESL9	AT9943_LOCUS13125	GO:0004601		3702	AT9943_LOCUS13125	F
UniProtKB	A0A7G2ESL9	AT9943_LOCUS13125	GO:0004601		3702	AT9943_LOCUS13125	F
UniProtKB	A0A7G2ESL9	AT9943_LOCUS13125	GO:0098869		3702	AT9943_LOCUS13125	P
UniProtKB	A0A7G2ESL9	AT9943_LOCUS13125	GO:0098869		3702	AT9943_LOCUS13125	P
UniProtKB	A0A7G2EST8	AT9943_LOCUS13197	GO:0004601		3702	AT9943_LOCUS13197	F
UniProtKB	A0A7G2EST8	AT9943_LOCUS13197	GO:0004601		3702	AT9943_LOCUS13197	F
UniProtKB	A0A7G2EST8	AT9943_LOCUS13197	GO:0098869		3702	AT9943_LOCUS13197	P
UniProtKB	A0A7G2EST8	AT9943_LOCUS13197	GO:0098869		3702	AT9943_LOCUS13197	P
UniProtKB	A0A7G2ETI8	AT9943_LOCUS12121	GO:1990961		3702	AT9943_LOCUS12121	P
UniProtKB	A0A7G2ETQ1	AT9943_LOCUS14361	GO:0004602		3702	AT9943_LOCUS14361	F
UniProtKB	A0A7G2ETQ1	AT9943_LOCUS14361	GO:0004601		3702	AT9943_LOCUS14361	F
UniProtKB	A0A7G2ETQ1	AT9943_LOCUS14361	GO:0098869		3702	AT9943_LOCUS14361	P
UniProtKB	A0A7G2ETQ1	AT9943_LOCUS14361	GO:0098869		3702	AT9943_LOCUS14361	P
UniProtKB	A0A7G2EUX1	AT9943_LOCUS14361	GO:0004602		3702	AT9943_LOCUS14361	F
UniProtKB	A0A7G2EUX1	AT9943_LOCUS14361	GO:0004601		3702	AT9943_LOCUS14361	F
UniProtKB	A0A7G2EUX1	AT9943_LOCUS14361	GO:0098869		3702	AT9943_LOCUS14361	P
UniProtKB	A0A7G2EUX1	AT9943_LOCUS14361	GO:0098869		3702	AT9943_LOCUS14361	P
UniProtKB	A0A7G2EVR8	AT9943_LOCUS13296	GO:0004601		3702	AT9943_LOCUS13296	F
UniProtKB	A0A7G2EVR8	AT9943_LOCUS13296	GO:0004601		3702	AT9943_LOCUS13296	F
UniProtKB	A0A7G2EVR8	AT9943_LOCUS13296	GO:0098869		3702	AT9943_LOCUS13296	P
UniProtKB	A0A7G2EVR8	AT9943_LOCUS13296	GO:0098869		3702	AT9943_LOCUS13296	P
UniProtKB	A0A7G2EVT0	AT9943_LOCUS15053	GO:0004601		3702	AT9943_LOCUS15053	F
UniProtKB	A0A7G2EVT0	AT9943_LOCUS15053	GO:0004601		3702	AT9943_LOCUS15053	F
UniProtKB	A0A7G2EVT0	AT9943_LOCUS15053	GO:0098869		3702	AT9943_LOCUS15053	P
UniProtKB	A0A7G2EVT0	AT9943_LOCUS15053	GO:0098869		3702	AT9943_LOCUS15053	P
UniProtKB	A0A7G2EWJ6	AT9943_LOCUS14442	GO:1990961		3702	AT9943_LOCUS14442	P
UniProtKB	A0A7G2EWP9	AT9943_LOCUS15024	GO:0004601		3702	AT9943_LOCUS15024	F
UniProtKB	A0A7G2EWP9	AT9943_LOCUS15024	GO:0016688		3702	AT9943_LOCUS15024	F
UniProtKB	A0A7G2EWP9	AT9943_LOCUS15024	GO:0098869		3702	AT9943_LOCUS15024	P
UniProtKB	A0A7G2EWP9	AT9943_LOCUS15024	GO:0098869		3702	AT9943_LOCUS15024	P
UniProtKB	A0A7G2EXU5	AT9943_LOCUS15774	GO:0004601		3702	AT9943_LOCUS15774	F
UniProtKB	A0A7G2EXU5	AT9943_LOCUS15774	GO:0004601		3702	AT9943_LOCUS15774	F
UniProtKB	A0A7G2EXU5	AT9943_LOCUS15774	GO:0098869		3702	AT9943_LOCUS15774	P
UniProtKB	A0A7G2EXU5	AT9943_LOCUS15774	GO:0098869		3702	AT9943_LOCUS15774	P
UniProtKB	A0A7G2EYT4	AT9943_LOCUS15305	GO:0004602		3702	AT9943_LOCUS15305	F
UniProtKB	A0A7G2EYT4	AT9943_LOCUS15305	GO:0004601		3702	AT9943_LOCUS15305	F
UniProtKB	A0A7G2EYT4	AT9943_LOCUS15305	GO:0098869		3702	AT9943_LOCUS15305	P
UniProtKB	A0A7G2EYT4	AT9943_LOCUS15305	GO:0098869		3702	AT9943_LOCUS15305	P
UniProtKB	A0A7G2EYV6	AT9943_LOCUS15909	GO:0004601		3702	AT9943_LOCUS15909	F
UniProtKB	A0A7G2EYV6	AT9943_LOCUS15909	GO:0004601		3702	AT9943_LOCUS15909	F
UniProtKB	A0A7G2EYV6	AT9943_LOCUS15909	GO:0098869		3702	AT9943_LOCUS15909	P
UniProtKB	A0A7G2EYV6	AT9943_LOCUS15909	GO:0098869		3702	AT9943_LOCUS15909	P
UniProtKB	A0A7G2EZK7	AT9943_LOCUS16407	GO:1990961		3702	AT9943_LOCUS16407	P
UniProtKB	A0A7G2F1K3	AT9943_LOCUS15269	GO:0004601		3702	AT9943_LOCUS15269	F
UniProtKB	A0A7G2F1K3	AT9943_LOCUS15269	GO:0004601		3702	AT9943_LOCUS15269	F
UniProtKB	A0A7G2F1K3	AT9943_LOCUS15269	GO:0098869		3702	AT9943_LOCUS15269	P
UniProtKB	A0A7G2F1K3	AT9943_LOCUS15269	GO:0098869		3702	AT9943_LOCUS15269	P
UniProtKB	A0A7G2F1R9	AT9943_LOCUS17010	GO:1990961		3702	AT9943_LOCUS17010	P
UniProtKB	A0A7G2F2J7	AT9943_LOCUS17305	GO:0004601		3702	AT9943_LOCUS17305	F
UniProtKB	A0A7G2F2J7	AT9943_LOCUS17305	GO:0004601		3702	AT9943_LOCUS17305	F
UniProtKB	A0A7G2F2J7	AT9943_LOCUS17305	GO:0016688		3702	AT9943_LOCUS17305	F
UniProtKB	A0A7G2F2J7	AT9943_LOCUS17305	GO:0098869		3702	AT9943_LOCUS17305	P
UniProtKB	A0A7G2F2J7	AT9943_LOCUS17305	GO:0098869		3702	AT9943_LOCUS17305	P
UniProtKB	A0A7G2F2J7	AT9943_LOCUS17305	GO:0098869		3702	AT9943_LOCUS17305	P
UniProtKB	A0A7G2F2T3	AT9943_LOCUS17403	GO:0004601		3702	AT9943_LOCUS17403	F
UniProtKB	A0A7G2F2T3	AT9943_LOCUS17403	GO:0004601		3702	AT9943_LOCUS17403	F
UniProtKB	A0A7G2F2T3	AT9943_LOCUS17403	GO:0098869		3702	AT9943_LOCUS17403	P
UniProtKB	A0A7G2F2T3	AT9943_LOCUS17403	GO:0098869		3702	AT9943_LOCUS17403	P
UniProtKB	A0A7G2F3P2	PSD2	GO:0004601		3702	PSD2,AT9943_LOCUS16689	F
UniProtKB	A0A7G2F3P2	PSD2	GO:0098869		3702	PSD2,AT9943_LOCUS16689	P
UniProtKB	A0A7G2F595	AT9943_LOCUS18388	GO:0004601		3702	AT9943_LOCUS18388	F
UniProtKB	A0A7G2F595	AT9943_LOCUS18388	GO:0004601		3702	AT9943_LOCUS18388	F
UniProtKB	A0A7G2F595	AT9943_LOCUS18388	GO:0098869		3702	AT9943_LOCUS18388	P
UniProtKB	A0A7G2F595	AT9943_LOCUS18388	GO:0098869		3702	AT9943_LOCUS18388	P
UniProtKB	A0A7G2F5V5	AT9943_LOCUS18570	GO:0004601		3702	AT9943_LOCUS18570	F
UniProtKB	A0A7G2F5V5	AT9943_LOCUS18570	GO:0004601		3702	AT9943_LOCUS18570	F
UniProtKB	A0A7G2F5V5	AT9943_LOCUS18570	GO:0098869		3702	AT9943_LOCUS18570	P
UniProtKB	A0A7G2F5V5	AT9943_LOCUS18570	GO:0098869		3702	AT9943_LOCUS18570	P
UniProtKB	A0A7G2F6D0	AT9943_LOCUS17638	GO:0004601		3702	AT9943_LOCUS17638	F
UniProtKB	A0A7G2F6D0	AT9943_LOCUS17638	GO:0004601		3702	AT9943_LOCUS17638	F
UniProtKB	A0A7G2F6D0	AT9943_LOCUS17638	GO:0016688		3702	AT9943_LOCUS17638	F
UniProtKB	A0A7G2F6D0	AT9943_LOCUS17638	GO:0098869		3702	AT9943_LOCUS17638	P
UniProtKB	A0A7G2F6D0	AT9943_LOCUS17638	GO:0098869		3702	AT9943_LOCUS17638	P
UniProtKB	A0A7G2F6D0	AT9943_LOCUS17638	GO:0098869		3702	AT9943_LOCUS17638	P
UniProtKB	A0A7G2F6F8	AT9943_LOCUS16298	GO:1990961		3702	AT9943_LOCUS16298	P
UniProtKB	A0A7G2F6L9	AT9943_LOCUS17767	GO:0004601		3702	AT9943_LOCUS17767	F
UniProtKB	A0A7G2F6L9	AT9943_LOCUS17767	GO:0004601		3702	AT9943_LOCUS17767	F
UniProtKB	A0A7G2F6L9	AT9943_LOCUS17767	GO:0098869		3702	AT9943_LOCUS17767	P
UniProtKB	A0A7G2F6L9	AT9943_LOCUS17767	GO:0098869		3702	AT9943_LOCUS17767	P
UniProtKB	A0A7G2F6R7	AT9943_LOCUS17766	GO:0004601		3702	AT9943_LOCUS17766	F
UniProtKB	A0A7G2F6R7	AT9943_LOCUS17766	GO:0004601		3702	AT9943_LOCUS17766	F
UniProtKB	A0A7G2F6R7	AT9943_LOCUS17766	GO:0098869		3702	AT9943_LOCUS17766	P
UniProtKB	A0A7G2F6R7	AT9943_LOCUS17766	GO:0098869		3702	AT9943_LOCUS17766	P
UniProtKB	A0A7G2F8D0	AT9943_LOCUS19447	GO:0016209		3702	AT9943_LOCUS19447	F
UniProtKB	A0A7G2F8D0	AT9943_LOCUS19447	GO:0004784		3702	AT9943_LOCUS19447	F
UniProtKB	A0A7G2F8D0	AT9943_LOCUS19447	GO:0098869		3702	AT9943_LOCUS19447	P
UniProtKB	A0A7G2F8D0	AT9943_LOCUS19447	GO:0019430		3702	AT9943_LOCUS19447	P
UniProtKB	A0A7G2F912	AT9943_LOCUS17245	GO:0004601		3702	AT9943_LOCUS17245	F
UniProtKB	A0A7G2F912	AT9943_LOCUS17245	GO:0098869		3702	AT9943_LOCUS17245	P
UniProtKB	A0A7G2F922	AT9943_LOCUS17255	GO:0004602		3702	AT9943_LOCUS17255	F
UniProtKB	A0A7G2F922	AT9943_LOCUS17255	GO:0004601		3702	AT9943_LOCUS17255	F
UniProtKB	A0A7G2F922	AT9943_LOCUS17255	GO:0098869		3702	AT9943_LOCUS17255	P
UniProtKB	A0A7G2F922	AT9943_LOCUS17255	GO:0098869		3702	AT9943_LOCUS17255	P
UniProtKB	A0A7G2F9Y3	AT9943_LOCUS19612	GO:0004601		3702	AT9943_LOCUS19612	F
UniProtKB	A0A7G2F9Y3	AT9943_LOCUS19612	GO:0004601		3702	AT9943_LOCUS19612	F
UniProtKB	A0A7G2F9Y3	AT9943_LOCUS19612	GO:0098869		3702	AT9943_LOCUS19612	P
UniProtKB	A0A7G2F9Y3	AT9943_LOCUS19612	GO:0098869		3702	AT9943_LOCUS19612	P
UniProtKB	A0A7G2FA63	AT9943_LOCUS17583	GO:0019430		3702	AT9943_LOCUS17583	P
UniProtKB	A0A7G2FA63	AT9943_LOCUS17583	GO:0004791		3702	AT9943_LOCUS17583	F
UniProtKB	A0A7G2FA63	AT9943_LOCUS17583	GO:0004791		3702	AT9943_LOCUS17583	F
UniProtKB	A0A7G2FA63	AT9943_LOCUS17583	GO:0019430		3702	AT9943_LOCUS17583	P
UniProtKB	A0A7G2FA63	AT9943_LOCUS17583	GO:0004791		3702	AT9943_LOCUS17583	F
UniProtKB	A0A7G2FA63	AT9943_LOCUS17583	GO:0004791		3702	AT9943_LOCUS17583	F
UniProtKB	A0A7G2FAV7	AT9943_LOCUS19928	GO:0004601		3702	AT9943_LOCUS19928	F
UniProtKB	A0A7G2FAV7	AT9943_LOCUS19928	GO:0098869		3702	AT9943_LOCUS19928	P
UniProtKB	A0A7G2FB42	AT9943_LOCUS19611	GO:0004601		3702	AT9943_LOCUS19611	F
UniProtKB	A0A7G2FB42	AT9943_LOCUS19611	GO:0004601		3702	AT9943_LOCUS19611	F
UniProtKB	A0A7G2FB42	AT9943_LOCUS19611	GO:0098869		3702	AT9943_LOCUS19611	P
UniProtKB	A0A7G2FB42	AT9943_LOCUS19611	GO:0098869		3702	AT9943_LOCUS19611	P
UniProtKB	A0A7G2FBB2	AT9943_LOCUS19417	GO:1990961		3702	AT9943_LOCUS19417	P
UniProtKB	A0A7G2FD02	AT9943_LOCUS21062	GO:0004362		3702	AT9943_LOCUS21062	F
UniProtKB	A0A7G2FD02	AT9943_LOCUS21062	GO:0004601		3702	AT9943_LOCUS21062	F
UniProtKB	A0A7G2FD02	AT9943_LOCUS21062	GO:0098869		3702	AT9943_LOCUS21062	P
UniProtKB	A0A7G2FD02	AT9943_LOCUS21062	GO:0098869		3702	AT9943_LOCUS21062	P
UniProtKB	A0A7G2FD63	AT9943_LOCUS19863	GO:0004784		3702	AT9943_LOCUS19863	F
UniProtKB	A0A7G2FD63	AT9943_LOCUS19863	GO:0004784		3702	AT9943_LOCUS19863	F
UniProtKB	A0A7G2FD63	AT9943_LOCUS19863	GO:0019430		3702	AT9943_LOCUS19863	P
UniProtKB	A0A7G2FD63	AT9943_LOCUS19863	GO:0019430		3702	AT9943_LOCUS19863	P
UniProtKB	A0A7G2FEG9	AT9943_LOCUS19863	GO:0004784		3702	AT9943_LOCUS19863	F
UniProtKB	A0A7G2FEG9	AT9943_LOCUS19863	GO:0004784		3702	AT9943_LOCUS19863	F
UniProtKB	A0A7G2FEG9	AT9943_LOCUS19863	GO:0019430		3702	AT9943_LOCUS19863	P
UniProtKB	A0A7G2FEG9	AT9943_LOCUS19863	GO:0019430		3702	AT9943_LOCUS19863	P
UniProtKB	A0A7G2FEP8	AT9943_LOCUS20893	GO:0004601		3702	AT9943_LOCUS20893	F
UniProtKB	A0A7G2FEP8	AT9943_LOCUS20893	GO:0004601		3702	AT9943_LOCUS20893	F
UniProtKB	A0A7G2FEP8	AT9943_LOCUS20893	GO:0098869		3702	AT9943_LOCUS20893	P
UniProtKB	A0A7G2FEP8	AT9943_LOCUS20893	GO:0098869		3702	AT9943_LOCUS20893	P
UniProtKB	A0A7G2FF78	AT9943_LOCUS21861	GO:0004784		3702	AT9943_LOCUS21861	F
UniProtKB	A0A7G2FF78	AT9943_LOCUS21861	GO:0004784		3702	AT9943_LOCUS21861	F
UniProtKB	A0A7G2FF78	AT9943_LOCUS21861	GO:0019430		3702	AT9943_LOCUS21861	P
UniProtKB	A0A7G2FF78	AT9943_LOCUS21861	GO:0019430		3702	AT9943_LOCUS21861	P
UniProtKB	A0A7G2FH43	AT9943_LOCUS22508	GO:0004601		3702	AT9943_LOCUS22508	F
UniProtKB	A0A7G2FH43	AT9943_LOCUS22508	GO:0004601		3702	AT9943_LOCUS22508	F
UniProtKB	A0A7G2FH43	AT9943_LOCUS22508	GO:0098869		3702	AT9943_LOCUS22508	P
UniProtKB	A0A7G2FH43	AT9943_LOCUS22508	GO:0098869		3702	AT9943_LOCUS22508	P
UniProtKB	A0A7G2FHJ1	AT9943_LOCUS21585	GO:0004601		3702	AT9943_LOCUS21585	F
UniProtKB	A0A7G2FHJ1	AT9943_LOCUS21585	GO:0004601		3702	AT9943_LOCUS21585	F
UniProtKB	A0A7G2FHJ1	AT9943_LOCUS21585	GO:0098869		3702	AT9943_LOCUS21585	P
UniProtKB	A0A7G2FHJ1	AT9943_LOCUS21585	GO:0098869		3702	AT9943_LOCUS21585	P
UniProtKB	A0A7G2FIU6	AT9943_LOCUS20709	GO:1990961		3702	AT9943_LOCUS20709	P
UniProtKB	A0A7G2FJ86	AT9943_LOCUS21696	GO:1990961		3702	AT9943_LOCUS21696	P
UniProtKB	A0A7G2FJY6	AT9943_LOCUS21980	GO:1990961		3702	AT9943_LOCUS21980	P
UniProtKB	A0A7G2FKA2	AT9943_LOCUS21235	GO:1990961		3702	AT9943_LOCUS21235	P
UniProtKB	A0A7G2FKM8	AT9943_LOCUS22183	GO:0004601		3702	AT9943_LOCUS22183	F
UniProtKB	A0A7G2FKM8	AT9943_LOCUS22183	GO:0098869		3702	AT9943_LOCUS22183	P
UniProtKB	A0A7G2FKQ5	AT9943_LOCUS21499	GO:0004601		3702	AT9943_LOCUS21499	F
UniProtKB	A0A7G2FKQ5	AT9943_LOCUS21499	GO:0004601		3702	AT9943_LOCUS21499	F
UniProtKB	A0A7G2FKQ5	AT9943_LOCUS21499	GO:0098869		3702	AT9943_LOCUS21499	P
UniProtKB	A0A7G2FKQ5	AT9943_LOCUS21499	GO:0098869		3702	AT9943_LOCUS21499	P
UniProtKB	A0A7G2FL54	AT9943_LOCUS23322	GO:0004601		3702	AT9943_LOCUS23322	F
UniProtKB	A0A7G2FL54	AT9943_LOCUS23322	GO:0004601		3702	AT9943_LOCUS23322	F
UniProtKB	A0A7G2FL54	AT9943_LOCUS23322	GO:0098869		3702	AT9943_LOCUS23322	P
UniProtKB	A0A7G2FL54	AT9943_LOCUS23322	GO:0098869		3702	AT9943_LOCUS23322	P
UniProtKB	A0A7G2FLK6	AT9943_LOCUS23008	GO:0004601		3702	AT9943_LOCUS23008	F
UniProtKB	A0A7G2FLK6	AT9943_LOCUS23008	GO:0004601		3702	AT9943_LOCUS23008	F
UniProtKB	A0A7G2FLK6	AT9943_LOCUS23008	GO:0098869		3702	AT9943_LOCUS23008	P
UniProtKB	A0A7G2FLK6	AT9943_LOCUS23008	GO:0098869		3702	AT9943_LOCUS23008	P
UniProtKB	A0A7G2FLR3	AT9943_LOCUS21858	GO:0004601		3702	AT9943_LOCUS21858	F
UniProtKB	A0A7G2FLR3	AT9943_LOCUS21858	GO:0004601		3702	AT9943_LOCUS21858	F
UniProtKB	A0A7G2FLR3	AT9943_LOCUS21858	GO:0098869		3702	AT9943_LOCUS21858	P
UniProtKB	A0A7G2FLR3	AT9943_LOCUS21858	GO:0098869		3702	AT9943_LOCUS21858	P
UniProtKB	A0A7G2FLY0	AT9943_LOCUS21930	GO:0004601		3702	AT9943_LOCUS21930	F
UniProtKB	A0A7G2FLY0	AT9943_LOCUS21930	GO:0004601		3702	AT9943_LOCUS21930	F
UniProtKB	A0A7G2FLY0	AT9943_LOCUS21930	GO:0098869		3702	AT9943_LOCUS21930	P
UniProtKB	A0A7G2FLY0	AT9943_LOCUS21930	GO:0098869		3702	AT9943_LOCUS21930	P
UniProtKB	A0A7G2FN37	AT9943_LOCUS23225	GO:0004601		3702	AT9943_LOCUS23225	F
UniProtKB	A0A7G2FN37	AT9943_LOCUS23225	GO:0098869		3702	AT9943_LOCUS23225	P
UniProtKB	A0A7G2FN58	AT9943_LOCUS23225	GO:0004601		3702	AT9943_LOCUS23225	F
UniProtKB	A0A7G2FN58	AT9943_LOCUS23225	GO:0098869		3702	AT9943_LOCUS23225	P
UniProtKB	A0A7G2FNC8	AT9943_LOCUS22507	GO:0004601		3702	AT9943_LOCUS22507	F
UniProtKB	A0A7G2FNC8	AT9943_LOCUS22507	GO:0004601		3702	AT9943_LOCUS22507	F
UniProtKB	A0A7G2FNC8	AT9943_LOCUS22507	GO:0098869		3702	AT9943_LOCUS22507	P
UniProtKB	A0A7G2FNC8	AT9943_LOCUS22507	GO:0098869		3702	AT9943_LOCUS22507	P
UniProtKB	A0MEV1	A0MEV1	GO:0004601		3702		F
UniProtKB	A0MEV1	A0MEV1	GO:0004601		3702		F
UniProtKB	A0MEV1	A0MEV1	GO:0016688		3702		F
UniProtKB	A0MEV1	A0MEV1	GO:0098869		3702		P
UniProtKB	A0MEV1	A0MEV1	GO:0098869		3702		P
UniProtKB	A0MEV1	A0MEV1	GO:0098869		3702		P
UniProtKB	A0MFH2	A0MFH2	GO:0004601		3702		F
UniProtKB	A0MFH2	A0MFH2	GO:0004601		3702		F
UniProtKB	A0MFH2	A0MFH2	GO:0098869		3702		P
UniProtKB	A0MFH2	A0MFH2	GO:0098869		3702		P
UniProtKB	A1L4Y2	At1g32780	GO:0046294		3702	At1g32780,F6N18.16	P
UniProtKB	A3KPG1	A3KPG1	GO:0004601		3702		F
UniProtKB	A3KPG1	A3KPG1	GO:0004601		3702		F
UniProtKB	A3KPG1	A3KPG1	GO:0098869		3702		P
UniProtKB	A3KPG1	A3KPG1	GO:0098869		3702		P
UniProtKB	A8MQY2	At1g21350	GO:0016209		3702	At1g21350,F24J8.1,F24J8_1	F
UniProtKB	A8MQY2	At1g21350	GO:0098869		3702	At1g21350,F24J8.1,F24J8_1	P
UniProtKB	A8MRF4	At4g37530	GO:0004601		3702	At4g37530,F19F18.20,F19F18_20	F
UniProtKB	A8MRF4	At4g37530	GO:0004601		3702	At4g37530,F19F18.20,F19F18_20	F
UniProtKB	A8MRF4	At4g37530	GO:0098869		3702	At4g37530,F19F18.20,F19F18_20	P
UniProtKB	A8MRF4	At4g37530	GO:0098869		3702	At4g37530,F19F18.20,F19F18_20	P
UniProtKB	B0FUF9	B0FUF9	GO:0004601		3702		F
UniProtKB	B0FUF9	B0FUF9	GO:0098869		3702		P
UniProtKB	B0LL85	At2g24800.1	GO:0004601		3702	At2g24800.1	F
UniProtKB	B0LL85	At2g24800.1	GO:0098869		3702	At2g24800.1	P
UniProtKB	B3H701	At1g15180	GO:1990961		3702	At1g15180,F9L1.12,F9L1_12	P
UniProtKB	B4G289	B4G289	GO:0016209		3702		F
UniProtKB	B4G289	B4G289	GO:0004601		3702		F
UniProtKB	B4G289	B4G289	GO:0098869		3702		P
UniProtKB	B4G289	B4G289	GO:0098869		3702		P
UniProtKB	B9DFK6	At4g35090	GO:0004096		3702	At4g35090	F
UniProtKB	B9DFK6	At4g35090	GO:0004601		3702	At4g35090	F
UniProtKB	B9DFK6	At4g35090	GO:0004096		3702	At4g35090	F
UniProtKB	B9DFK6	At4g35090	GO:0004096		3702	At4g35090	F
UniProtKB	B9DFK6	At4g35090	GO:0098869		3702	At4g35090	P
UniProtKB	B9DFK6	At4g35090	GO:0098869		3702	At4g35090	P
UniProtKB	B9DFK6	At4g35090	GO:0098869		3702	At4g35090	P
UniProtKB	B9DFK6	At4g35090	GO:0098869		3702	At4g35090	P
UniProtKB	B9DG18	CAT3	GO:0004096		3702	CAT3,ATCAT3,SEN2,SENESCENCE 2,catalase 3,At1g20620,F5M15.5,F5M15_5	F
UniProtKB	B9DG18	CAT3	GO:0004601		3702	CAT3,ATCAT3,SEN2,SENESCENCE 2,catalase 3,At1g20620,F5M15.5,F5M15_5	F
UniProtKB	B9DG18	CAT3	GO:0004096		3702	CAT3,ATCAT3,SEN2,SENESCENCE 2,catalase 3,At1g20620,F5M15.5,F5M15_5	F
UniProtKB	B9DG18	CAT3	GO:0098869		3702	CAT3,ATCAT3,SEN2,SENESCENCE 2,catalase 3,At1g20620,F5M15.5,F5M15_5	P
UniProtKB	B9DG18	CAT3	GO:0098869		3702	CAT3,ATCAT3,SEN2,SENESCENCE 2,catalase 3,At1g20620,F5M15.5,F5M15_5	P
UniProtKB	B9DG18	CAT3	GO:0098869		3702	CAT3,ATCAT3,SEN2,SENESCENCE 2,catalase 3,At1g20620,F5M15.5,F5M15_5	P
UniProtKB	B9DG97	At1g24350	GO:0004601		3702	At1g24350,F3I6.29,F3I6_29	F
UniProtKB	B9DG97	At1g24350	GO:0098869		3702	At1g24350,F3I6.29,F3I6_29	P
UniProtKB	B9DHE0	At3g32980	GO:0004601		3702	At3g32980	F
UniProtKB	B9DHE0	At3g32980	GO:0004601		3702	At3g32980	F
UniProtKB	B9DHE0	At3g32980	GO:0098869		3702	At3g32980	P
UniProtKB	B9DHE0	At3g32980	GO:0098869		3702	At3g32980	P
UniProtKB	B9DHR6	At1g20620	GO:0004096		3702	At1g20620	F
UniProtKB	B9DHR6	At1g20620	GO:0004601		3702	At1g20620	F
UniProtKB	B9DHR6	At1g20620	GO:0004096		3702	At1g20620	F
UniProtKB	B9DHR6	At1g20620	GO:0098869		3702	At1g20620	P
UniProtKB	B9DHR6	At1g20620	GO:0098869		3702	At1g20620	P
UniProtKB	B9DHR6	At1g20620	GO:0098869		3702	At1g20620	P
UniProtKB	B9DHU0	At1g20620	GO:0004096		3702	At1g20620	F
UniProtKB	B9DHU0	At1g20620	GO:0004601		3702	At1g20620	F
UniProtKB	B9DHU0	At1g20620	GO:0004096		3702	At1g20620	F
UniProtKB	B9DHU0	At1g20620	GO:0098869		3702	At1g20620	P
UniProtKB	B9DHU0	At1g20620	GO:0098869		3702	At1g20620	P
UniProtKB	B9DHU0	At1g20620	GO:0098869		3702	At1g20620	P
UniProtKB	C0Z2H6	At1g07890	GO:0004601		3702	At1g07890	F
UniProtKB	C0Z2H6	At1g07890	GO:0016688		3702	At1g07890	F
UniProtKB	C0Z2H6	At1g07890	GO:0098869		3702	At1g07890	P
UniProtKB	C0Z2H6	At1g07890	GO:0098869		3702	At1g07890	P
UniProtKB	C0Z2I6	At1g20620	GO:0004096		3702	At1g20620	F
UniProtKB	C0Z2I6	At1g20620	GO:0004601		3702	At1g20620	F
UniProtKB	C0Z2I6	At1g20620	GO:0004096		3702	At1g20620	F
UniProtKB	C0Z2I6	At1g20620	GO:0098869		3702	At1g20620	P
UniProtKB	C0Z2I6	At1g20620	GO:0098869		3702	At1g20620	P
UniProtKB	C0Z2I6	At1g20620	GO:0098869		3702	At1g20620	P
UniProtKB	C0Z2R5	At4g37530	GO:0004601		3702	At4g37530	F
UniProtKB	C0Z2R5	At4g37530	GO:0004601		3702	At4g37530	F
UniProtKB	C0Z2R5	At4g37530	GO:0098869		3702	At4g37530	P
UniProtKB	C0Z2R5	At4g37530	GO:0098869		3702	At4g37530	P
UniProtKB	C0Z303	At2g31570	GO:0004602		3702	At2g31570	F
UniProtKB	C0Z303	At2g31570	GO:0004601		3702	At2g31570	F
UniProtKB	C0Z303	At2g31570	GO:0098869		3702	At2g31570	P
UniProtKB	C0Z303	At2g31570	GO:0098869		3702	At2g31570	P
UniProtKB	F4HPH0	At1g33080	GO:1990961		3702	At1g33080,T9L6.14,T9L6_14	P
UniProtKB	F4HPH1	DTX22	GO:1990961		3702	DTX22,At1g33090,F9L11.23,T9L6.17	P
UniProtKB	F4HPH2	DTX20	GO:1990961		3702	DTX20,At1g33100,F9L11.27,T9L6.18	P
UniProtKB	F4HPH5	At1g33110	GO:1990961		3702	At1g33110,T9L6.1,T9L6_1	P
UniProtKB	F4HQ03	At1g66760	GO:1990961		3702	At1g66760,F4N21.11,F4N21_11	P
UniProtKB	F4HQ05	DTX8	GO:1990961		3702	DTX8,At1g66780,F4N21_9	P
UniProtKB	F4HU93	APX1	GO:0004601		3702	APX1,ASCORBATE PEROXIDASE,ATAPX01,ATAPX1,CS1,MEE6,ascorbate peroxidase 1,At1g07890,F24B9.2,F24B9_2	F
UniProtKB	F4HU93	APX1	GO:0004601		3702	APX1,ASCORBATE PEROXIDASE,ATAPX01,ATAPX1,CS1,MEE6,ascorbate peroxidase 1,At1g07890,F24B9.2,F24B9_2	F
UniProtKB	F4HU93	APX1	GO:0016688		3702	APX1,ASCORBATE PEROXIDASE,ATAPX01,ATAPX1,CS1,MEE6,ascorbate peroxidase 1,At1g07890,F24B9.2,F24B9_2	F
UniProtKB	F4HU93	APX1	GO:0098869		3702	APX1,ASCORBATE PEROXIDASE,ATAPX01,ATAPX1,CS1,MEE6,ascorbate peroxidase 1,At1g07890,F24B9.2,F24B9_2	P
UniProtKB	F4HU93	APX1	GO:0098869		3702	APX1,ASCORBATE PEROXIDASE,ATAPX01,ATAPX1,CS1,MEE6,ascorbate peroxidase 1,At1g07890,F24B9.2,F24B9_2	P
UniProtKB	F4HU93	APX1	GO:0098869		3702	APX1,ASCORBATE PEROXIDASE,ATAPX01,ATAPX1,CS1,MEE6,ascorbate peroxidase 1,At1g07890,F24B9.2,F24B9_2	P
UniProtKB	F4HUL6	CAT3	GO:0004096		3702	CAT3,ATCAT3,SEN2,SENESCENCE 2,catalase 3,At1g20620,F5M15.5,F5M15_5	F
UniProtKB	F4HUL6	CAT3	GO:0004096		3702	CAT3,ATCAT3,SEN2,SENESCENCE 2,catalase 3,At1g20620,F5M15.5,F5M15_5	F
UniProtKB	F4HUL6	CAT3	GO:0098869		3702	CAT3,ATCAT3,SEN2,SENESCENCE 2,catalase 3,At1g20620,F5M15.5,F5M15_5	P
UniProtKB	F4HUL6	CAT3	GO:0098869		3702	CAT3,ATCAT3,SEN2,SENESCENCE 2,catalase 3,At1g20620,F5M15.5,F5M15_5	P
UniProtKB	F4HZD8	RBOHB	GO:0004601		3702	RBOHB,ATRBOHB,ATRBOHB-BETA,At1g09090,F7G19.4,F7G19_4	F
UniProtKB	F4HZD8	RBOHB	GO:0004601		3702	RBOHB,ATRBOHB,ATRBOHB-BETA,At1g09090,F7G19.4,F7G19_4	F
UniProtKB	F4HZD8	RBOHB	GO:0098869		3702	RBOHB,ATRBOHB,ATRBOHB-BETA,At1g09090,F7G19.4,F7G19_4	P
UniProtKB	F4HZD8	RBOHB	GO:0098869		3702	RBOHB,ATRBOHB,ATRBOHB-BETA,At1g09090,F7G19.4,F7G19_4	P
UniProtKB	F4HZH9	DTX11	GO:1990961		3702	DTX11,At1g15160,F9L1.10	P
UniProtKB	F4I4Q3	DTX32	GO:1990961		3702	DTX32,At1g23300,F26F24.14	P
UniProtKB	F4I7W2	SRX	GO:0032542		3702	SRX,ATSRX,SULFIREDOXIN,sulfiredoxin,At1g31170,F28K20.12,F28K20_12	F
UniProtKB	F4I7W2	SRX	GO:0016209		3702	SRX,ATSRX,SULFIREDOXIN,sulfiredoxin,At1g31170,F28K20.12,F28K20_12	F
UniProtKB	F4I7W2	SRX	GO:0032542		3702	SRX,ATSRX,SULFIREDOXIN,sulfiredoxin,At1g31170,F28K20.12,F28K20_12	F
UniProtKB	F4I7W2	SRX	GO:0098869		3702	SRX,ATSRX,SULFIREDOXIN,sulfiredoxin,At1g31170,F28K20.12,F28K20_12	P
UniProtKB	F4I7W2	SRX	GO:0098869		3702	SRX,ATSRX,SULFIREDOXIN,sulfiredoxin,At1g31170,F28K20.12,F28K20_12	P
UniProtKB	F4I7W2	SRX	GO:0098869		3702	SRX,ATSRX,SULFIREDOXIN,sulfiredoxin,At1g31170,F28K20.12,F28K20_12	P
UniProtKB	F4I989	At1g24350	GO:0004601		3702	At1g24350,F3I6.29,F3I6_29	F
UniProtKB	F4I989	At1g24350	GO:0098869		3702	At1g24350,F3I6.29,F3I6_29	P
UniProtKB	F4IA73	GSTU21	GO:0009407		3702	GSTU21,At1g78360,F3F9.24	P
UniProtKB	F4IA73	GSTU21	GO:0009407		3702	GSTU21,At1g78360,F3F9.24	P
UniProtKB	F4IBL0	At1g65820	GO:0004602		3702	At1g65820,F1E22.17,F1E22_17	F
UniProtKB	F4IBL0	At1g65820	GO:0098869		3702	At1g65820,F1E22.17,F1E22_17	P
UniProtKB	F4ID64	TPX1	GO:0016209		3702	TPX1,PEROXIREDOXIN TPX1,At1g65980,F12P19.14,F12P19_14	F
UniProtKB	F4ID64	TPX1	GO:0004601		3702	TPX1,PEROXIREDOXIN TPX1,At1g65980,F12P19.14,F12P19_14	F
UniProtKB	F4ID64	TPX1	GO:0098869		3702	TPX1,PEROXIREDOXIN TPX1,At1g65980,F12P19.14,F12P19_14	P
UniProtKB	F4ID64	TPX1	GO:0098869		3702	TPX1,PEROXIREDOXIN TPX1,At1g65980,F12P19.14,F12P19_14	P
UniProtKB	F4IHU9	DTX15	GO:1990961		3702	DTX15,At2g34360,F13P17.20	P
UniProtKB	F4II70	At2g46320	GO:0004784		3702	At2g46320,T3F17.3	F
UniProtKB	F4II70	At2g46320	GO:0019430		3702	At2g46320,T3F17.3	P
UniProtKB	F4IJW0	At2g35380	GO:0004601		3702	At2g35380,T32F12.24,T32F12_24	F
UniProtKB	F4IJW0	At2g35380	GO:0004601		3702	At2g35380,T32F12.24,T32F12_24	F
UniProtKB	F4IJW0	At2g35380	GO:0098869		3702	At2g35380,T32F12.24,T32F12_24	P
UniProtKB	F4IJW0	At2g35380	GO:0098869		3702	At2g35380,T32F12.24,T32F12_24	P
UniProtKB	F4IQ05	At2g37130	GO:0004601		3702	At2g37130,T2N18.11,T2N18_11	F
UniProtKB	F4IQ05	At2g37130	GO:0004601		3702	At2g37130,T2N18.11,T2N18_11	F
UniProtKB	F4IQ05	At2g37130	GO:0098869		3702	At2g37130,T2N18.11,T2N18_11	P
UniProtKB	F4IQ05	At2g37130	GO:0098869		3702	At2g37130,T2N18.11,T2N18_11	P
UniProtKB	F4IXN1	At3g21610	GO:0004601		3702	At3g21610	F
UniProtKB	F4IXN1	At3g21610	GO:0098869		3702	At3g21610	P
UniProtKB	F4J158	DTX24	GO:1990961		3702	DTX24,At3g03620,T12J13.10	P
UniProtKB	F4J504	MSD1	GO:0004784		3702	MSD1,ATMSD1,AtSOD1,MEE33,superoxide dismutase 1,At3g10920	F
UniProtKB	F4J504	MSD1	GO:0004784		3702	MSD1,ATMSD1,AtSOD1,MEE33,superoxide dismutase 1,At3g10920	F
UniProtKB	F4J504	MSD1	GO:0004784		3702	MSD1,ATMSD1,AtSOD1,MEE33,superoxide dismutase 1,At3g10920	F
UniProtKB	F4J504	MSD1	GO:0019430		3702	MSD1,ATMSD1,AtSOD1,MEE33,superoxide dismutase 1,At3g10920	P
UniProtKB	F4J504	MSD1	GO:0019430		3702	MSD1,ATMSD1,AtSOD1,MEE33,superoxide dismutase 1,At3g10920	P
UniProtKB	F4J504	MSD1	GO:0019430		3702	MSD1,ATMSD1,AtSOD1,MEE33,superoxide dismutase 1,At3g10920	P
UniProtKB	F4J849	MDAR1	GO:0098869		3702	MDAR1,ATMDAR1,At3g52880	P
UniProtKB	F4JBC9	PRXQ	GO:0016209		3702	PRXQ,ATPRX Q,peroxiredoxin Q,At3g26060	F
UniProtKB	F4JBC9	PRXQ	GO:0051920		3702	PRXQ,ATPRX Q,peroxiredoxin Q,At3g26060	F
UniProtKB	F4JBC9	PRXQ	GO:0051920		3702	PRXQ,ATPRX Q,peroxiredoxin Q,At3g26060	F
UniProtKB	F4JBC9	PRXQ	GO:0098869		3702	PRXQ,ATPRX Q,peroxiredoxin Q,At3g26060	P
UniProtKB	F4JBC9	PRXQ	GO:0098869		3702	PRXQ,ATPRX Q,peroxiredoxin Q,At3g26060	P
UniProtKB	F4JBC9	PRXQ	GO:0098869		3702	PRXQ,ATPRX Q,peroxiredoxin Q,At3g26060	P
UniProtKB	F4JF10	T12K4_20	GO:0004601		3702	T12K4_20,At3g42570	F
UniProtKB	F4JF10	T12K4_20	GO:0004601		3702	T12K4_20,At3g42570	F
UniProtKB	F4JF10	T12K4_20	GO:0004601		3702	T12K4_20,At3g42570	F
UniProtKB	F4JF10	T12K4_20	GO:0098869		3702	T12K4_20,At3g42570	P
UniProtKB	F4JF10	T12K4_20	GO:0098869		3702	T12K4_20,At3g42570	P
UniProtKB	F4JF10	T12K4_20	GO:0098869		3702	T12K4_20,At3g42570	P
UniProtKB	F4JFY4	SAPX	GO:0004601		3702	SAPX,STROMAL ASCORBATE PEROXIDASE,stromal ascorbate peroxidase,At4g08390,T28D5.80,T28D5_80	F
UniProtKB	F4JFY4	SAPX	GO:0004601		3702	SAPX,STROMAL ASCORBATE PEROXIDASE,stromal ascorbate peroxidase,At4g08390,T28D5.80,T28D5_80	F
UniProtKB	F4JFY4	SAPX	GO:0016688		3702	SAPX,STROMAL ASCORBATE PEROXIDASE,stromal ascorbate peroxidase,At4g08390,T28D5.80,T28D5_80	F
UniProtKB	F4JFY4	SAPX	GO:0098869		3702	SAPX,STROMAL ASCORBATE PEROXIDASE,stromal ascorbate peroxidase,At4g08390,T28D5.80,T28D5_80	P
UniProtKB	F4JFY4	SAPX	GO:0098869		3702	SAPX,STROMAL ASCORBATE PEROXIDASE,stromal ascorbate peroxidase,At4g08390,T28D5.80,T28D5_80	P
UniProtKB	F4JFY4	SAPX	GO:0098869		3702	SAPX,STROMAL ASCORBATE PEROXIDASE,stromal ascorbate peroxidase,At4g08390,T28D5.80,T28D5_80	P
UniProtKB	F4JFY5	SAPX	GO:0004601		3702	SAPX,STROMAL ASCORBATE PEROXIDASE,stromal ascorbate peroxidase,At4g08390,T28D5.80,T28D5_80	F
UniProtKB	F4JFY5	SAPX	GO:0004601		3702	SAPX,STROMAL ASCORBATE PEROXIDASE,stromal ascorbate peroxidase,At4g08390,T28D5.80,T28D5_80	F
UniProtKB	F4JFY5	SAPX	GO:0016688		3702	SAPX,STROMAL ASCORBATE PEROXIDASE,stromal ascorbate peroxidase,At4g08390,T28D5.80,T28D5_80	F
UniProtKB	F4JFY5	SAPX	GO:0098869		3702	SAPX,STROMAL ASCORBATE PEROXIDASE,stromal ascorbate peroxidase,At4g08390,T28D5.80,T28D5_80	P
UniProtKB	F4JFY5	SAPX	GO:0098869		3702	SAPX,STROMAL ASCORBATE PEROXIDASE,stromal ascorbate peroxidase,At4g08390,T28D5.80,T28D5_80	P
UniProtKB	F4JFY5	SAPX	GO:0098869		3702	SAPX,STROMAL ASCORBATE PEROXIDASE,stromal ascorbate peroxidase,At4g08390,T28D5.80,T28D5_80	P
UniProtKB	F4JH46	DTX34	GO:1990961		3702	DTX34,At4g00350,A_IG005I10.20,F5I10.20	P
UniProtKB	F4JKB8	At4g21903	GO:1990961		3702	At4g21903	P
UniProtKB	F4JKB9	DTX38	GO:1990961		3702	DTX38,At4g21903,T8O5	P
UniProtKB	F4JM86	CAT2	GO:0004096		3702	CAT2,CATALASE,catalase 2,At4g35090,T12J5.2	F
UniProtKB	F4JM86	CAT2	GO:0004601		3702	CAT2,CATALASE,catalase 2,At4g35090,T12J5.2	F
UniProtKB	F4JM86	CAT2	GO:0004096		3702	CAT2,CATALASE,catalase 2,At4g35090,T12J5.2	F
UniProtKB	F4JM86	CAT2	GO:0004096		3702	CAT2,CATALASE,catalase 2,At4g35090,T12J5.2	F
UniProtKB	F4JM86	CAT2	GO:0098869		3702	CAT2,CATALASE,catalase 2,At4g35090,T12J5.2	P
UniProtKB	F4JM86	CAT2	GO:0098869		3702	CAT2,CATALASE,catalase 2,At4g35090,T12J5.2	P
UniProtKB	F4JM86	CAT2	GO:0098869		3702	CAT2,CATALASE,catalase 2,At4g35090,T12J5.2	P
UniProtKB	F4JM86	CAT2	GO:0098869		3702	CAT2,CATALASE,catalase 2,At4g35090,T12J5.2	P
UniProtKB	F4JRU7	At4g25090	GO:0004601		3702	At4g25090,F24A6.3	F
UniProtKB	F4JRU7	At4g25090	GO:0004601		3702	At4g25090,F24A6.3	F
UniProtKB	F4JRU7	At4g25090	GO:0098869		3702	At4g25090,F24A6.3	P
UniProtKB	F4JRU7	At4g25090	GO:0098869		3702	At4g25090,F24A6.3	P
UniProtKB	F4JRV2	FSD1	GO:0004784		3702	FSD1,ATFSD1,Fe superoxide dismutase 1,At4g25100,F24A6.1	F
UniProtKB	F4JRV2	FSD1	GO:0004784		3702	FSD1,ATFSD1,Fe superoxide dismutase 1,At4g25100,F24A6.1	F
UniProtKB	F4JRV2	FSD1	GO:0004784		3702	FSD1,ATFSD1,Fe superoxide dismutase 1,At4g25100,F24A6.1	F
UniProtKB	F4JRV2	FSD1	GO:0019430		3702	FSD1,ATFSD1,Fe superoxide dismutase 1,At4g25100,F24A6.1	P
UniProtKB	F4JRV2	FSD1	GO:0019430		3702	FSD1,ATFSD1,Fe superoxide dismutase 1,At4g25100,F24A6.1	P
UniProtKB	F4JRV2	FSD1	GO:0019430		3702	FSD1,ATFSD1,Fe superoxide dismutase 1,At4g25100,F24A6.1	P
UniProtKB	F4JS33	At4g37520	GO:0004601		3702	At4g37520,F19F18.10,F19F18_10	F
UniProtKB	F4JS33	At4g37520	GO:0004601		3702	At4g37520,F19F18.10,F19F18_10	F
UniProtKB	F4JS33	At4g37520	GO:0098869		3702	At4g37520,F19F18.10,F19F18_10	P
UniProtKB	F4JS33	At4g37520	GO:0098869		3702	At4g37520,F19F18.10,F19F18_10	P
UniProtKB	F4JTB2	DTX35	GO:1990961		3702	DTX35,ATDTX35,FFT,FLOWER FLAVONOID TRANSPORTER,detoxifying efflux carrier 35,At4g25640,L73G19.20,L73G19_20	P
UniProtKB	F4JTB3	DTX35	GO:1990961		3702	DTX35,FFT,At4g25640,L73G19.20	P
UniProtKB	F4K6P2	RBOHA	GO:0004601		3702	RBOHA,ATRBOHA,At5g07390,T2I1.100,T2I1_100	F
UniProtKB	F4K6P2	RBOHA	GO:0004601		3702	RBOHA,ATRBOHA,At5g07390,T2I1.100,T2I1_100	F
UniProtKB	F4K6P2	RBOHA	GO:0098869		3702	RBOHA,ATRBOHA,At5g07390,T2I1.100,T2I1_100	P
UniProtKB	F4K6P2	RBOHA	GO:0098869		3702	RBOHA,ATRBOHA,At5g07390,T2I1.100,T2I1_100	P
UniProtKB	F4KEH2	MIJ24.50	GO:0004601		3702	MIJ24.50,MIJ24_50,At5g39580	F
UniProtKB	F4KEH2	MIJ24.50	GO:0004601		3702	MIJ24.50,MIJ24_50,At5g39580	F
UniProtKB	F4KEH2	MIJ24.50	GO:0098869		3702	MIJ24.50,MIJ24_50,At5g39580	P
UniProtKB	F4KEH2	MIJ24.50	GO:0098869		3702	MIJ24.50,MIJ24_50,At5g39580	P
UniProtKB	O04005	PER1	GO:0098869		3702	PER1,At1g48130,F21D18.15	P
UniProtKB	O04005	PER1	GO:0008379		3702	PER1,At1g48130,F21D18.15	F
UniProtKB	O04005	PER1	GO:0016209		3702	PER1,At1g48130,F21D18.15	F
UniProtKB	O04005	PER1	GO:0051920		3702	PER1,At1g48130,F21D18.15	F
UniProtKB	O04005	PER1	GO:0016209		3702	PER1,At1g48130,F21D18.15	F
UniProtKB	O04005	PER1	GO:0004601		3702	PER1,At1g48130,F21D18.15	F
UniProtKB	O04005	PER1	GO:0051920		3702	PER1,At1g48130,F21D18.15	F
UniProtKB	O04005	PER1	GO:0008379		3702	PER1,At1g48130,F21D18.15	F
UniProtKB	O04922	GPX2	GO:0004601		3702	GPX2,At2g31570,T9H9.9	F
UniProtKB	O04922	GPX2	GO:0004602		3702	GPX2,At2g31570,T9H9.9	F
UniProtKB	O04922	GPX2	GO:0004601		3702	GPX2,At2g31570,T9H9.9	F
UniProtKB	O04922	GPX2	GO:0004602		3702	GPX2,At2g31570,T9H9.9	F
UniProtKB	O04922	GPX2	GO:0004602		3702	GPX2,At2g31570,T9H9.9	F
UniProtKB	O04922	GPX2	GO:0098869		3702	GPX2,At2g31570,T9H9.9	P
UniProtKB	O04922	GPX2	GO:0098869		3702	GPX2,At2g31570,T9H9.9	P
UniProtKB	O04922	GPX2	GO:0098869		3702	GPX2,At2g31570,T9H9.9	P
UniProtKB	O04922	GPX2	GO:0098869		3702	GPX2,At2g31570,T9H9.9	P
UniProtKB	O04922	GPX2	GO:0098869		3702	GPX2,At2g31570,T9H9.9	P
UniProtKB	O22229	NTRC	GO:0004791		3702	NTRC,At2g41680,T32G6.20	F
UniProtKB	O22229	NTRC	GO:0004791		3702	NTRC,At2g41680,T32G6.20	F
UniProtKB	O22229	NTRC	GO:0004791		3702	NTRC,At2g41680,T32G6.20	F
UniProtKB	O22229	NTRC	GO:0019430		3702	NTRC,At2g41680,T32G6.20	P
UniProtKB	O22229	NTRC	GO:0004791		3702	NTRC,At2g41680,T32G6.20	F
UniProtKB	O22229	NTRC	GO:0004791		3702	NTRC,At2g41680,T32G6.20	F
UniProtKB	O22229	NTRC	GO:0004791		3702	NTRC,At2g41680,T32G6.20	F
UniProtKB	O22229	NTRC	GO:0004791		3702	NTRC,At2g41680,T32G6.20	F
UniProtKB	O22229	NTRC	GO:0004791		3702	NTRC,At2g41680,T32G6.20	F
UniProtKB	O22711	PRXIID	GO:0008379		3702	PRXIID,At1g60740,F8A5.25	F
UniProtKB	O22711	PRXIID	GO:0016209		3702	PRXIID,At1g60740,F8A5.25	F
UniProtKB	O22711	PRXIID	GO:0004601		3702	PRXIID,At1g60740,F8A5.25	F
UniProtKB	O22711	PRXIID	GO:0098869		3702	PRXIID,At1g60740,F8A5.25	P
UniProtKB	O22711	PRXIID	GO:0098869		3702	PRXIID,At1g60740,F8A5.25	P
UniProtKB	O22711	PRXIID	GO:0098869		3702	PRXIID,At1g60740,F8A5.25	P
UniProtKB	O22850	GPX3	GO:0004601		3702	GPX3,At2g43350,T1O24.9	F
UniProtKB	O22850	GPX3	GO:0004602		3702	GPX3,At2g43350,T1O24.9	F
UniProtKB	O22850	GPX3	GO:0004601		3702	GPX3,At2g43350,T1O24.9	F
UniProtKB	O22850	GPX3	GO:0004602		3702	GPX3,At2g43350,T1O24.9	F
UniProtKB	O22850	GPX3	GO:0004602		3702	GPX3,At2g43350,T1O24.9	F
UniProtKB	O22850	GPX3	GO:0098869		3702	GPX3,At2g43350,T1O24.9	P
UniProtKB	O22850	GPX3	GO:0098869		3702	GPX3,At2g43350,T1O24.9	P
UniProtKB	O22850	GPX3	GO:0098869		3702	GPX3,At2g43350,T1O24.9	P
UniProtKB	O22850	GPX3	GO:0098869		3702	GPX3,At2g43350,T1O24.9	P
UniProtKB	O22850	GPX3	GO:0098869		3702	GPX3,At2g43350,T1O24.9	P
UniProtKB	O22862	PER26	GO:0004601		3702	PER26,P26,At2g43480,T1O24.22	F
UniProtKB	O22862	PER26	GO:0004601		3702	PER26,P26,At2g43480,T1O24.22	F
UniProtKB	O22862	PER26	GO:0004601		3702	PER26,P26,At2g43480,T1O24.22	F
UniProtKB	O22862	PER26	GO:0098869		3702	PER26,P26,At2g43480,T1O24.22	P
UniProtKB	O22862	PER26	GO:0098869		3702	PER26,P26,At2g43480,T1O24.22	P
UniProtKB	O22862	PER26	GO:0098869		3702	PER26,P26,At2g43480,T1O24.22	P
UniProtKB	O22959	PER19	GO:0004601		3702	PER19,P19,At2g34060,T14G11.18	F
UniProtKB	O22959	PER19	GO:0004601		3702	PER19,P19,At2g34060,T14G11.18	F
UniProtKB	O22959	PER19	GO:0004601		3702	PER19,P19,At2g34060,T14G11.18	F
UniProtKB	O22959	PER19	GO:0098869		3702	PER19,P19,At2g34060,T14G11.18	P
UniProtKB	O22959	PER19	GO:0098869		3702	PER19,P19,At2g34060,T14G11.18	P
UniProtKB	O22959	PER19	GO:0098869		3702	PER19,P19,At2g34060,T14G11.18	P
UniProtKB	O23044	PER3	GO:0004601		3702	PER3,P3,RCI3,At1g05260,YUP8H12.13	F
UniProtKB	O23044	PER3	GO:0004601		3702	PER3,P3,RCI3,At1g05260,YUP8H12.13	F
UniProtKB	O23044	PER3	GO:0004601		3702	PER3,P3,RCI3,At1g05260,YUP8H12.13	F
UniProtKB	O23044	PER3	GO:0004601		3702	PER3,P3,RCI3,At1g05260,YUP8H12.13	F
UniProtKB	O23044	PER3	GO:0098869		3702	PER3,P3,RCI3,At1g05260,YUP8H12.13	P
UniProtKB	O23044	PER3	GO:0098869		3702	PER3,P3,RCI3,At1g05260,YUP8H12.13	P
UniProtKB	O23044	PER3	GO:0098869		3702	PER3,P3,RCI3,At1g05260,YUP8H12.13	P
UniProtKB	O23044	PER3	GO:0098869		3702	PER3,P3,RCI3,At1g05260,YUP8H12.13	P
UniProtKB	O23237	PER49	GO:0004601		3702	PER49,DIDI 6G-3B,P49,At4g36430,AP22.54,C7A10.930	F
UniProtKB	O23237	PER49	GO:0004601		3702	PER49,DIDI 6G-3B,P49,At4g36430,AP22.54,C7A10.930	F
UniProtKB	O23237	PER49	GO:0098869		3702	PER49,DIDI 6G-3B,P49,At4g36430,AP22.54,C7A10.930	P
UniProtKB	O23237	PER49	GO:0098869		3702	PER49,DIDI 6G-3B,P49,At4g36430,AP22.54,C7A10.930	P
UniProtKB	O23474	PER40	GO:0004601		3702	PER40,P40,At4g16270,FCAALL.329,dl4175w	F
UniProtKB	O23474	PER40	GO:0004601		3702	PER40,P40,At4g16270,FCAALL.329,dl4175w	F
UniProtKB	O23474	PER40	GO:0098869		3702	PER40,P40,At4g16270,FCAALL.329,dl4175w	P
UniProtKB	O23474	PER40	GO:0098869		3702	PER40,P40,At4g16270,FCAALL.329,dl4175w	P
UniProtKB	O23609	PER41	GO:0004601		3702	PER41,P41,At4g17690,FCAALL.96,dl4880w	F
UniProtKB	O23609	PER41	GO:0004601		3702	PER41,P41,At4g17690,FCAALL.96,dl4880w	F
UniProtKB	O23609	PER41	GO:0098869		3702	PER41,P41,At4g17690,FCAALL.96,dl4880w	P
UniProtKB	O23609	PER41	GO:0098869		3702	PER41,P41,At4g17690,FCAALL.96,dl4880w	P
UniProtKB	O48538	RBOHF	GO:0004601		3702	RBOHF,RBOHAP108,At1g64060,F22C12.18	F
UniProtKB	O48538	RBOHF	GO:0004601		3702	RBOHF,RBOHAP108,At1g64060,F22C12.18	F
UniProtKB	O48538	RBOHF	GO:0098869		3702	RBOHF,RBOHAP108,At1g64060,F22C12.18	P
UniProtKB	O48538	RBOHF	GO:0098869		3702	RBOHF,RBOHAP108,At1g64060,F22C12.18	P
UniProtKB	O48646	GPX6	GO:0004601		3702	GPX6,GPX1,At4g11600,T5C23.30	F
UniProtKB	O48646	GPX6	GO:0004602		3702	GPX6,GPX1,At4g11600,T5C23.30	F
UniProtKB	O48646	GPX6	GO:0004601		3702	GPX6,GPX1,At4g11600,T5C23.30	F
UniProtKB	O48646	GPX6	GO:0047066		3702	GPX6,GPX1,At4g11600,T5C23.30	F
UniProtKB	O48646	GPX6	GO:0004602		3702	GPX6,GPX1,At4g11600,T5C23.30	F
UniProtKB	O48646	GPX6	GO:0047066		3702	GPX6,GPX1,At4g11600,T5C23.30	F
UniProtKB	O48646	GPX6	GO:0098869		3702	GPX6,GPX1,At4g11600,T5C23.30	P
UniProtKB	O48646	GPX6	GO:0098869		3702	GPX6,GPX1,At4g11600,T5C23.30	P
UniProtKB	O48646	GPX6	GO:0098869		3702	GPX6,GPX1,At4g11600,T5C23.30	P
UniProtKB	O48646	GPX6	GO:0098869		3702	GPX6,GPX1,At4g11600,T5C23.30	P
UniProtKB	O48677	PER6	GO:0004601		3702	PER6,P6,At1g24110,F3I6.3	F
UniProtKB	O48677	PER6	GO:0004601		3702	PER6,P6,At1g24110,F3I6.3	F
UniProtKB	O48677	PER6	GO:0098869		3702	PER6,P6,At1g24110,F3I6.3	P
UniProtKB	O48677	PER6	GO:0098869		3702	PER6,P6,At1g24110,F3I6.3	P
UniProtKB	O49293	PER13	GO:0004601		3702	PER13,P13,At1g77100,F22K20.17	F
UniProtKB	O49293	PER13	GO:0004601		3702	PER13,P13,At1g77100,F22K20.17	F
UniProtKB	O49293	PER13	GO:0004601		3702	PER13,P13,At1g77100,F22K20.17	F
UniProtKB	O49293	PER13	GO:0098869		3702	PER13,P13,At1g77100,F22K20.17	P
UniProtKB	O49293	PER13	GO:0098869		3702	PER13,P13,At1g77100,F22K20.17	P
UniProtKB	O49293	PER13	GO:0098869		3702	PER13,P13,At1g77100,F22K20.17	P
UniProtKB	O49660	DTX56	GO:1990961		3702	DTX56,RHC1,At4g22790,T12H17.180	P
UniProtKB	O49695	At4g17960	GO:0004601		3702	At4g17960,T6K21.140,T6K21_140	F
UniProtKB	O49695	At4g17960	GO:0098869		3702	At4g17960,T6K21.140,T6K21_140	P
UniProtKB	O64954	SEN2	GO:0004096		3702	SEN2	F
UniProtKB	O64954	SEN2	GO:0004096		3702	SEN2	F
UniProtKB	O64954	SEN2	GO:0098869		3702	SEN2	P
UniProtKB	O64954	SEN2	GO:0098869		3702	SEN2	P
UniProtKB	O78310	CSD2	GO:0019430		3702	CSD2,KD-SOD,SODCP,At2g28190,F24D13.2	P
UniProtKB	O78310	CSD2	GO:0004784		3702	CSD2,KD-SOD,SODCP,At2g28190,F24D13.2	F
UniProtKB	O78310	CSD2	GO:0016209		3702	CSD2,KD-SOD,SODCP,At2g28190,F24D13.2	F
UniProtKB	O78310	CSD2	GO:0004784		3702	CSD2,KD-SOD,SODCP,At2g28190,F24D13.2	F
UniProtKB	O78310	CSD2	GO:0004784		3702	CSD2,KD-SOD,SODCP,At2g28190,F24D13.2	F
UniProtKB	O80695	DTX37	GO:1990961		3702	DTX37,At1g61890,F8K4.9	P
UniProtKB	O80763	At1g60420	GO:0004791		3702	At1g60420,T13D8.29	F
UniProtKB	O80763	At1g60420	GO:0098869		3702	At1g60420,T13D8.29	P
UniProtKB	O80822	PER25	GO:0004601		3702	PER25,P25,At2g41480,T26J13.7	F
UniProtKB	O80822	PER25	GO:0004601		3702	PER25,P25,At2g41480,T26J13.7	F
UniProtKB	O80822	PER25	GO:0004601		3702	PER25,P25,At2g41480,T26J13.7	F
UniProtKB	O80822	PER25	GO:0098869		3702	PER25,P25,At2g41480,T26J13.7	P
UniProtKB	O80822	PER25	GO:0098869		3702	PER25,P25,At2g41480,T26J13.7	P
UniProtKB	O80822	PER25	GO:0098869		3702	PER25,P25,At2g41480,T26J13.7	P
UniProtKB	O80852	GSTF9	GO:0004601		3702	GSTF9,GLUTTR,GSTF7,Phi9,At2g30860,F7F1.7	F
UniProtKB	O80852	GSTF9	GO:0004602		3702	GSTF9,GLUTTR,GSTF7,Phi9,At2g30860,F7F1.7	F
UniProtKB	O80852	GSTF9	GO:0009407		3702	GSTF9,GLUTTR,GSTF7,Phi9,At2g30860,F7F1.7	P
UniProtKB	O80852	GSTF9	GO:0098869		3702	GSTF9,GLUTTR,GSTF7,Phi9,At2g30860,F7F1.7	P
UniProtKB	O80852	GSTF9	GO:0098869		3702	GSTF9,GLUTTR,GSTF7,Phi9,At2g30860,F7F1.7	P
UniProtKB	O80912	PER23	GO:0004601		3702	PER23,P23,At2g38390,T19C21.12	F
UniProtKB	O80912	PER23	GO:0004601		3702	PER23,P23,At2g38390,T19C21.12	F
UniProtKB	O80912	PER23	GO:0098869		3702	PER23,P23,At2g38390,T19C21.12	P
UniProtKB	O80912	PER23	GO:0098869		3702	PER23,P23,At2g38390,T19C21.12	P
UniProtKB	O81209	RBOHA	GO:0004601		3702	RBOHA,At5g07390,T2I1.100	F
UniProtKB	O81209	RBOHA	GO:0004601		3702	RBOHA,At5g07390,T2I1.100	F
UniProtKB	O81209	RBOHA	GO:0098869		3702	RBOHA,At5g07390,T2I1.100	P
UniProtKB	O81209	RBOHA	GO:0098869		3702	RBOHA,At5g07390,T2I1.100	P
UniProtKB	O81210	RBOHC	GO:0004601		3702	RBOHC,RHD2,At5g51060,K3K7.25	F
UniProtKB	O81210	RBOHC	GO:0004601		3702	RBOHC,RHD2,At5g51060,K3K7.25	F
UniProtKB	O81210	RBOHC	GO:0098869		3702	RBOHC,RHD2,At5g51060,K3K7.25	P
UniProtKB	O81210	RBOHC	GO:0098869		3702	RBOHC,RHD2,At5g51060,K3K7.25	P
UniProtKB	O81211	RBOHE	GO:0004601		3702	RBOHE,At1g19230,T29M8.10	F
UniProtKB	O81211	RBOHE	GO:0004601		3702	RBOHE,At1g19230,T29M8.10	F
UniProtKB	O81211	RBOHE	GO:0098869		3702	RBOHE,At1g19230,T29M8.10	P
UniProtKB	O81211	RBOHE	GO:0098869		3702	RBOHE,At1g19230,T29M8.10	P
UniProtKB	O81235	MSD1	GO:0004784		3702	MSD1,MEE3,SODA,At3g10920,F9F8.26	F
UniProtKB	O81235	MSD1	GO:0004784		3702	MSD1,MEE3,SODA,At3g10920,F9F8.26	F
UniProtKB	O81235	MSD1	GO:0004784		3702	MSD1,MEE3,SODA,At3g10920,F9F8.26	F
UniProtKB	O81235	MSD1	GO:0004784		3702	MSD1,MEE3,SODA,At3g10920,F9F8.26	F
UniProtKB	O81235	MSD1	GO:0019430		3702	MSD1,MEE3,SODA,At3g10920,F9F8.26	P
UniProtKB	O81235	MSD1	GO:0019430		3702	MSD1,MEE3,SODA,At3g10920,F9F8.26	P
UniProtKB	O81235	MSD1	GO:0019430		3702	MSD1,MEE3,SODA,At3g10920,F9F8.26	P
UniProtKB	O81235	MSD1	GO:0019430		3702	MSD1,MEE3,SODA,At3g10920,F9F8.26	P
UniProtKB	O81755	PER48	GO:0004601		3702	PER48,P48,At4g33870,F17I5.60	F
UniProtKB	O81755	PER48	GO:0004601		3702	PER48,P48,At4g33870,F17I5.60	F
UniProtKB	O81755	PER48	GO:0004601		3702	PER48,P48,At4g33870,F17I5.60	F
UniProtKB	O81755	PER48	GO:0098869		3702	PER48,P48,At4g33870,F17I5.60	P
UniProtKB	O81755	PER48	GO:0098869		3702	PER48,P48,At4g33870,F17I5.60	P
UniProtKB	O81755	PER48	GO:0098869		3702	PER48,P48,At4g33870,F17I5.60	P
UniProtKB	O81772	PER46	GO:0004601		3702	PER46,P46,At4g31760,F28M20.50	F
UniProtKB	O81772	PER46	GO:0004601		3702	PER46,P46,At4g31760,F28M20.50	F
UniProtKB	O81772	PER46	GO:0004601		3702	PER46,P46,At4g31760,F28M20.50	F
UniProtKB	O81772	PER46	GO:0098869		3702	PER46,P46,At4g31760,F28M20.50	P
UniProtKB	O81772	PER46	GO:0098869		3702	PER46,P46,At4g31760,F28M20.50	P
UniProtKB	O81772	PER46	GO:0098869		3702	PER46,P46,At4g31760,F28M20.50	P
UniProtKB	O82752	DTX49	GO:1990961		3702	DTX49,NIC1,At4g23030,F7H19.220	P
UniProtKB	P06525	ADH1	GO:0046294		3702	ADH1,ADH,At1g77120,F22K20.19	P
UniProtKB	P0CW77	HMA3	GO:0071585		3702	HMA3,At4g30120,F6G3.150	P
UniProtKB	P0CW78	HMA3	GO:0071585		3702	HMA3	P
UniProtKB	P0DI10	PER1	GO:0004601		3702	PER1,P1,At1g05240,YUP8H12.15	F
UniProtKB	P0DI10	PER1	GO:0004601		3702	PER1,P1,At1g05240,YUP8H12.15	F
UniProtKB	P0DI10	PER1	GO:0004601		3702	PER1,P1,At1g05240,YUP8H12.15	F
UniProtKB	P0DI10	PER1	GO:0098869		3702	PER1,P1,At1g05240,YUP8H12.15	P
UniProtKB	P0DI10	PER1	GO:0098869		3702	PER1,P1,At1g05240,YUP8H12.15	P
UniProtKB	P0DI10	PER1	GO:0098869		3702	PER1,P1,At1g05240,YUP8H12.15	P
UniProtKB	P21276	FSD1	GO:0004784		3702	FSD1,SODB,At4g25100,F13M23.240	F
UniProtKB	P21276	FSD1	GO:0004784		3702	FSD1,SODB,At4g25100,F13M23.240	F
UniProtKB	P21276	FSD1	GO:0004784		3702	FSD1,SODB,At4g25100,F13M23.240	F
UniProtKB	P21276	FSD1	GO:0004784		3702	FSD1,SODB,At4g25100,F13M23.240	F
UniProtKB	P21276	FSD1	GO:0019430		3702	FSD1,SODB,At4g25100,F13M23.240	P
UniProtKB	P21276	FSD1	GO:0019430		3702	FSD1,SODB,At4g25100,F13M23.240	P
UniProtKB	P21276	FSD1	GO:0019430		3702	FSD1,SODB,At4g25100,F13M23.240	P
UniProtKB	P21276	FSD1	GO:0019430		3702	FSD1,SODB,At4g25100,F13M23.240	P
UniProtKB	P24101	PER33	GO:0004601		3702	PER33,P33,PRXCA,At3g49110,F2K15.4,T2J13.50	F
UniProtKB	P24101	PER33	GO:0004601		3702	PER33,P33,PRXCA,At3g49110,F2K15.4,T2J13.50	F
UniProtKB	P24101	PER33	GO:0004601		3702	PER33,P33,PRXCA,At3g49110,F2K15.4,T2J13.50	F
UniProtKB	P24101	PER33	GO:0098869		3702	PER33,P33,PRXCA,At3g49110,F2K15.4,T2J13.50	P
UniProtKB	P24101	PER33	GO:0098869		3702	PER33,P33,PRXCA,At3g49110,F2K15.4,T2J13.50	P
UniProtKB	P24101	PER33	GO:0098869		3702	PER33,P33,PRXCA,At3g49110,F2K15.4,T2J13.50	P
UniProtKB	P24102	PER22	GO:0004601		3702	PER22,P22,PRXEA,At2g38380,T19C21.13	F
UniProtKB	P24102	PER22	GO:0004601		3702	PER22,P22,PRXEA,At2g38380,T19C21.13	F
UniProtKB	P24102	PER22	GO:0098869		3702	PER22,P22,PRXEA,At2g38380,T19C21.13	P
UniProtKB	P24102	PER22	GO:0098869		3702	PER22,P22,PRXEA,At2g38380,T19C21.13	P
UniProtKB	P24704	CSD1	GO:0019430		3702	CSD1,SODCC,At1g08830,F22O13.32	P
UniProtKB	P24704	CSD1	GO:0004784		3702	CSD1,SODCC,At1g08830,F22O13.32	F
UniProtKB	P24704	CSD1	GO:0016209		3702	CSD1,SODCC,At1g08830,F22O13.32	F
UniProtKB	P24704	CSD1	GO:0004784		3702	CSD1,SODCC,At1g08830,F22O13.32	F
UniProtKB	P24704	CSD1	GO:0004784		3702	CSD1,SODCC,At1g08830,F22O13.32	F
UniProtKB	P24704	CSD1	GO:0004784		3702	CSD1,SODCC,At1g08830,F22O13.32	F
UniProtKB	P25819	CAT2	GO:0004096		3702	CAT2,CAT,At4g35090,M4E13.140	F
UniProtKB	P25819	CAT2	GO:0004096		3702	CAT2,CAT,At4g35090,M4E13.140	F
UniProtKB	P25819	CAT2	GO:0004601		3702	CAT2,CAT,At4g35090,M4E13.140	F
UniProtKB	P25819	CAT2	GO:0004096		3702	CAT2,CAT,At4g35090,M4E13.140	F
UniProtKB	P25819	CAT2	GO:0004096		3702	CAT2,CAT,At4g35090,M4E13.140	F
UniProtKB	P25819	CAT2	GO:0004096		3702	CAT2,CAT,At4g35090,M4E13.140	F
UniProtKB	P25819	CAT2	GO:0004096		3702	CAT2,CAT,At4g35090,M4E13.140	F
UniProtKB	P25819	CAT2	GO:0098869		3702	CAT2,CAT,At4g35090,M4E13.140	P
UniProtKB	P25819	CAT2	GO:0098869		3702	CAT2,CAT,At4g35090,M4E13.140	P
UniProtKB	P25819	CAT2	GO:0098869		3702	CAT2,CAT,At4g35090,M4E13.140	P
UniProtKB	P25819	CAT2	GO:0098869		3702	CAT2,CAT,At4g35090,M4E13.140	P
UniProtKB	P25819	CAT2	GO:0098869		3702	CAT2,CAT,At4g35090,M4E13.140	P
UniProtKB	P25819	CAT2	GO:0098869		3702	CAT2,CAT,At4g35090,M4E13.140	P
UniProtKB	P25819	CAT2	GO:0098869		3702	CAT2,CAT,At4g35090,M4E13.140	P
UniProtKB	P32961	NIT1	GO:0051410		3702	NIT1,At3g44310,T10D17_100	P
UniProtKB	P32962	NIT2	GO:0051410		3702	NIT2,At3g44300,T10D17_90	P
UniProtKB	P42738	CM1	GO:0016688		3702	CM1,At3g29200,MXO21.4	F
UniProtKB	P42738	CM1	GO:0098869		3702	CM1,At3g29200,MXO21.4	P
UniProtKB	P42760	GSTF6	GO:0009407		3702	GSTF6,ERD11,GST1,GSTF3,At1g02930,F22D16.7	P
UniProtKB	P42761	GSTF10	GO:0009407		3702	GSTF10,ERD13,GSTF4,At2g30870,F7F1.8	P
UniProtKB	P42769	P42769	GO:0004601		3702		F
UniProtKB	P42769	P42769	GO:0098869		3702		P
UniProtKB	P42770	EMB2360	GO:0004791		3702	EMB2360,At3g54660,T5N23_20	F
UniProtKB	P42770	EMB2360	GO:0004362		3702	EMB2360,At3g54660,T5N23_20	F
UniProtKB	P42770	EMB2360	GO:0004362		3702	EMB2360,At3g54660,T5N23_20	F
UniProtKB	P42770	EMB2360	GO:0004362		3702	EMB2360,At3g54660,T5N23_20	F
UniProtKB	P42770	EMB2360	GO:0098869		3702	EMB2360,At3g54660,T5N23_20	P
UniProtKB	P42770	EMB2360	GO:0098869		3702	EMB2360,At3g54660,T5N23_20	P
UniProtKB	P42770	EMB2360	GO:0098869		3702	EMB2360,At3g54660,T5N23_20	P
UniProtKB	P42770	EMB2360	GO:0098869		3702	EMB2360,At3g54660,T5N23_20	P
UniProtKB	P46010	NIT3	GO:0051410		3702	NIT3,At3g44320,T10D17_110	P
UniProtKB	P46011	NIT4	GO:0051410		3702	NIT4,At5g22300,MWD9.8	P
UniProtKB	P46011	NIT4	GO:0051410		3702	NIT4,At5g22300,MWD9.8	P
UniProtKB	P46421	GSTU5	GO:0009407		3702	GSTU5,GSTU1,At2g29450,F16P2.17	P
UniProtKB	P46421	GSTU5	GO:0009407		3702	GSTU5,GSTU1,At2g29450,F16P2.17	P
UniProtKB	P46422	GSTF2	GO:0004601		3702	GSTF2,PM24.1,At4g02520,T10P11.18	F
UniProtKB	P46422	GSTF2	GO:0009407		3702	GSTF2,PM24.1,At4g02520,T10P11.18	P
UniProtKB	P46422	GSTF2	GO:0098869		3702	GSTF2,PM24.1,At4g02520,T10P11.18	P
UniProtKB	P48641	At3g24170	GO:0004791		3702	At3g24170,MUJ8.7	F
UniProtKB	P48641	At3g24170	GO:0004362		3702	At3g24170,MUJ8.7	F
UniProtKB	P48641	At3g24170	GO:0004362		3702	At3g24170,MUJ8.7	F
UniProtKB	P48641	At3g24170	GO:0004362		3702	At3g24170,MUJ8.7	F
UniProtKB	P48641	At3g24170	GO:0004362		3702	At3g24170,MUJ8.7	F
UniProtKB	P48641	At3g24170	GO:0098869		3702	At3g24170,MUJ8.7	P
UniProtKB	P48641	At3g24170	GO:0098869		3702	At3g24170,MUJ8.7	P
UniProtKB	P48641	At3g24170	GO:0098869		3702	At3g24170,MUJ8.7	P
UniProtKB	P48641	At3g24170	GO:0098869		3702	At3g24170,MUJ8.7	P
UniProtKB	P48641	At3g24170	GO:0098869		3702	At3g24170,MUJ8.7	P
UniProtKB	P52032	GPX1	GO:0004601		3702	GPX1,At2g25080,F13D4.40	F
UniProtKB	P52032	GPX1	GO:0004602		3702	GPX1,At2g25080,F13D4.40	F
UniProtKB	P52032	GPX1	GO:0004601		3702	GPX1,At2g25080,F13D4.40	F
UniProtKB	P52032	GPX1	GO:0047066		3702	GPX1,At2g25080,F13D4.40	F
UniProtKB	P52032	GPX1	GO:0047066		3702	GPX1,At2g25080,F13D4.40	F
UniProtKB	P52032	GPX1	GO:0098869		3702	GPX1,At2g25080,F13D4.40	P
UniProtKB	P52032	GPX1	GO:0098869		3702	GPX1,At2g25080,F13D4.40	P
UniProtKB	P52032	GPX1	GO:0098869		3702	GPX1,At2g25080,F13D4.40	P
UniProtKB	P59120	PER58	GO:0004601		3702	PER58,P58,At5g19880,F28I16.30	F
UniProtKB	P59120	PER58	GO:0004601		3702	PER58,P58,At5g19880,F28I16.30	F
UniProtKB	P59120	PER58	GO:0098869		3702	PER58,P58,At5g19880,F28I16.30	P
UniProtKB	P59120	PER58	GO:0098869		3702	PER58,P58,At5g19880,F28I16.30	P
UniProtKB	P82281	TL29	GO:0004601		3702	TL29,APX4,At4g09010,F23J3.40	F
UniProtKB	P82281	TL29	GO:0004601		3702	TL29,APX4,At4g09010,F23J3.40	F
UniProtKB	P82281	TL29	GO:0016688		3702	TL29,APX4,At4g09010,F23J3.40	F
UniProtKB	P82281	TL29	GO:0098869		3702	TL29,APX4,At4g09010,F23J3.40	P
UniProtKB	P82281	TL29	GO:0098869		3702	TL29,APX4,At4g09010,F23J3.40	P
UniProtKB	P92970	P92970	GO:0004601		3702		F
UniProtKB	P92970	P92970	GO:0004601		3702		F
UniProtKB	P92970	P92970	GO:0016688		3702		F
UniProtKB	P92970	P92970	GO:0016688		3702		F
UniProtKB	P92970	P92970	GO:0098869		3702		P
UniProtKB	P92970	P92970	GO:0098869		3702		P
UniProtKB	P92970	P92970	GO:0098869		3702		P
UniProtKB	P92970	P92970	GO:0098869		3702		P
UniProtKB	Q05431	APX1	GO:0004601		3702	APX1,At1g07890,F24B9.2	F
UniProtKB	Q05431	APX1	GO:0004601		3702	APX1,At1g07890,F24B9.2	F
UniProtKB	Q05431	APX1	GO:0004601		3702	APX1,At1g07890,F24B9.2	F
UniProtKB	Q05431	APX1	GO:0016688		3702	APX1,At1g07890,F24B9.2	F
UniProtKB	Q05431	APX1	GO:0016688		3702	APX1,At1g07890,F24B9.2	F
UniProtKB	Q05431	APX1	GO:0016688		3702	APX1,At1g07890,F24B9.2	F
UniProtKB	Q05431	APX1	GO:0016688		3702	APX1,At1g07890,F24B9.2	F
UniProtKB	Q05431	APX1	GO:0098869		3702	APX1,At1g07890,F24B9.2	P
UniProtKB	Q05431	APX1	GO:0098869		3702	APX1,At1g07890,F24B9.2	P
UniProtKB	Q05431	APX1	GO:0098869		3702	APX1,At1g07890,F24B9.2	P
UniProtKB	Q05431	APX1	GO:0098869		3702	APX1,At1g07890,F24B9.2	P
UniProtKB	Q05431	APX1	GO:0098869		3702	APX1,At1g07890,F24B9.2	P
UniProtKB	Q05431	APX1	GO:0098869		3702	APX1,At1g07890,F24B9.2	P
UniProtKB	Q05431	APX1	GO:0098869		3702	APX1,At1g07890,F24B9.2	P
UniProtKB	Q0V7W6	At4g22110	GO:0046294		3702	At4g22110,F1N20.210	P
UniProtKB	Q0WLG9	At2g38380	GO:0004601		3702	At2g38380	F
UniProtKB	Q0WLG9	At2g38380	GO:0004601		3702	At2g38380	F
UniProtKB	Q0WLG9	At2g38380	GO:0098869		3702	At2g38380	P
UniProtKB	Q0WLG9	At2g38380	GO:0098869		3702	At2g38380	P
UniProtKB	Q0WQ25	Q0WQ25	GO:0004601		3702		F
UniProtKB	Q0WQ25	Q0WQ25	GO:0098869		3702		P
UniProtKB	Q0WR27	At5g40153	GO:0004601		3702	At5g40153	F
UniProtKB	Q0WR27	At5g40153	GO:0098869		3702	At5g40153	P
UniProtKB	Q0WR53	At1g44970	GO:0004601		3702	At1g44970	F
UniProtKB	Q0WR53	At1g44970	GO:0004601		3702	At1g44970	F
UniProtKB	Q0WR53	At1g44970	GO:0098869		3702	At1g44970	P
UniProtKB	Q0WR53	At1g44970	GO:0098869		3702	At1g44970	P
UniProtKB	Q0WR91	At5g15180	GO:0004601		3702	At5g15180	F
UniProtKB	Q0WR91	At5g15180	GO:0004601		3702	At5g15180	F
UniProtKB	Q0WR91	At5g15180	GO:0098869		3702	At5g15180	P
UniProtKB	Q0WR91	At5g15180	GO:0098869		3702	At5g15180	P
UniProtKB	Q0WRX6	At1g34510	GO:0004601		3702	At1g34510	F
UniProtKB	Q0WRX6	At1g34510	GO:0004601		3702	At1g34510	F
UniProtKB	Q0WRX6	At1g34510	GO:0098869		3702	At1g34510	P
UniProtKB	Q0WRX6	At1g34510	GO:0098869		3702	At1g34510	P
UniProtKB	Q0WSR2	At1g05260	GO:0004601		3702	At1g05260	F
UniProtKB	Q0WSR2	At1g05260	GO:0004601		3702	At1g05260	F
UniProtKB	Q0WSR2	At1g05260	GO:0098869		3702	At1g05260	P
UniProtKB	Q0WSR2	At1g05260	GO:0098869		3702	At1g05260	P
UniProtKB	Q0WT45	At5g66390	GO:0004601		3702	At5g66390	F
UniProtKB	Q0WT45	At5g66390	GO:0004601		3702	At5g66390	F
UniProtKB	Q0WT45	At5g66390	GO:0098869		3702	At5g66390	P
UniProtKB	Q0WT45	At5g66390	GO:0098869		3702	At5g66390	P
UniProtKB	Q0WTC2	At2g18980	GO:0004601		3702	At2g18980	F
UniProtKB	Q0WTC2	At2g18980	GO:0004601		3702	At2g18980	F
UniProtKB	Q0WTC2	At2g18980	GO:0098869		3702	At2g18980	P
UniProtKB	Q0WTC2	At2g18980	GO:0098869		3702	At2g18980	P
UniProtKB	Q0WTE6	At1g63460	GO:0004602		3702	At1g63460	F
UniProtKB	Q0WTE6	At1g63460	GO:0004601		3702	At1g63460	F
UniProtKB	Q0WTE6	At1g63460	GO:0098869		3702	At1g63460	P
UniProtKB	Q0WTE6	At1g63460	GO:0098869		3702	At1g63460	P
UniProtKB	Q0WTI3	At3g49960	GO:0004601		3702	At3g49960	F
UniProtKB	Q0WTI3	At3g49960	GO:0004601		3702	At3g49960	F
UniProtKB	Q0WTI3	At3g49960	GO:0098869		3702	At3g49960	P
UniProtKB	Q0WTI3	At3g49960	GO:0098869		3702	At3g49960	P
UniProtKB	Q0WUH6	At1g20630	GO:0004096		3702	At1g20630	F
UniProtKB	Q0WUH6	At1g20630	GO:0004601		3702	At1g20630	F
UniProtKB	Q0WUH6	At1g20630	GO:0004096		3702	At1g20630	F
UniProtKB	Q0WUH6	At1g20630	GO:0004096		3702	At1g20630	F
UniProtKB	Q0WUH6	At1g20630	GO:0098869		3702	At1g20630	P
UniProtKB	Q0WUH6	At1g20630	GO:0098869		3702	At1g20630	P
UniProtKB	Q0WUH6	At1g20630	GO:0098869		3702	At1g20630	P
UniProtKB	Q0WUH6	At1g20630	GO:0098869		3702	At1g20630	P
UniProtKB	Q1PDU6	At5g19880	GO:0004601		3702	At5g19880	F
UniProtKB	Q1PDU6	At5g19880	GO:0004601		3702	At5g19880	F
UniProtKB	Q1PDU6	At5g19880	GO:0098869		3702	At5g19880	P
UniProtKB	Q1PDU6	At5g19880	GO:0098869		3702	At5g19880	P
UniProtKB	Q1PDX9	DTX26	GO:1990961		3702	DTX26,At5g10420,F12B17_230	P
UniProtKB	Q1PER6	APX2	GO:0004601		3702	APX2,APX1B,At3g09640,F11F8_23	F
UniProtKB	Q1PER6	APX2	GO:0004601		3702	APX2,APX1B,At3g09640,F11F8_23	F
UniProtKB	Q1PER6	APX2	GO:0004601		3702	APX2,APX1B,At3g09640,F11F8_23	F
UniProtKB	Q1PER6	APX2	GO:0016688		3702	APX2,APX1B,At3g09640,F11F8_23	F
UniProtKB	Q1PER6	APX2	GO:0016688		3702	APX2,APX1B,At3g09640,F11F8_23	F
UniProtKB	Q1PER6	APX2	GO:0016688		3702	APX2,APX1B,At3g09640,F11F8_23	F
UniProtKB	Q1PER6	APX2	GO:0098869		3702	APX2,APX1B,At3g09640,F11F8_23	P
UniProtKB	Q1PER6	APX2	GO:0098869		3702	APX2,APX1B,At3g09640,F11F8_23	P
UniProtKB	Q1PER6	APX2	GO:0098869		3702	APX2,APX1B,At3g09640,F11F8_23	P
UniProtKB	Q1PER6	APX2	GO:0098869		3702	APX2,APX1B,At3g09640,F11F8_23	P
UniProtKB	Q1PER6	APX2	GO:0098869		3702	APX2,APX1B,At3g09640,F11F8_23	P
UniProtKB	Q1PER6	APX2	GO:0098869		3702	APX2,APX1B,At3g09640,F11F8_23	P
UniProtKB	Q1PFG9	DTX7	GO:1990961		3702	DTX7,At1g64820,F13O11.12	P
UniProtKB	Q24JM5	Q24JM5	GO:0004601		3702		F
UniProtKB	Q24JM5	Q24JM5	GO:0004601		3702		F
UniProtKB	Q24JM5	Q24JM5	GO:0098869		3702		P
UniProtKB	Q24JM5	Q24JM5	GO:0098869		3702		P
UniProtKB	Q2V4M4	CAT3	GO:0004096		3702	CAT3,ATCAT3,SEN2,SENESCENCE 2,catalase 3,At1g20620,F5M15.5,F5M15_5	F
UniProtKB	Q2V4M4	CAT3	GO:0004601		3702	CAT3,ATCAT3,SEN2,SENESCENCE 2,catalase 3,At1g20620,F5M15.5,F5M15_5	F
UniProtKB	Q2V4M4	CAT3	GO:0004096		3702	CAT3,ATCAT3,SEN2,SENESCENCE 2,catalase 3,At1g20620,F5M15.5,F5M15_5	F
UniProtKB	Q2V4M4	CAT3	GO:0098869		3702	CAT3,ATCAT3,SEN2,SENESCENCE 2,catalase 3,At1g20620,F5M15.5,F5M15_5	P
UniProtKB	Q2V4M4	CAT3	GO:0098869		3702	CAT3,ATCAT3,SEN2,SENESCENCE 2,catalase 3,At1g20620,F5M15.5,F5M15_5	P
UniProtKB	Q2V4M4	CAT3	GO:0098869		3702	CAT3,ATCAT3,SEN2,SENESCENCE 2,catalase 3,At1g20620,F5M15.5,F5M15_5	P
UniProtKB	Q38956	DTX29	GO:1990961		3702	DTX29,At3g26590,MFE16.12	P
UniProtKB	Q39034	PER59	GO:0004601		3702	PER59,P59,At5g19890,F28I16.40	F
UniProtKB	Q39034	PER59	GO:0004601		3702	PER59,P59,At5g19890,F28I16.40	F
UniProtKB	Q39034	PER59	GO:0098869		3702	PER59,P59,At5g19890,F28I16.40	P
UniProtKB	Q39034	PER59	GO:0098869		3702	PER59,P59,At5g19890,F28I16.40	P
UniProtKB	Q39242	NTR2	GO:0004791		3702	NTR2,NTRA,At2g17420,F5J6.18	F
UniProtKB	Q39242	NTR2	GO:0004791		3702	NTR2,NTRA,At2g17420,F5J6.18	F
UniProtKB	Q39242	NTR2	GO:0019430		3702	NTR2,NTRA,At2g17420,F5J6.18	P
UniProtKB	Q39242	NTR2	GO:0004791		3702	NTR2,NTRA,At2g17420,F5J6.18	F
UniProtKB	Q39242	NTR2	GO:0004791		3702	NTR2,NTRA,At2g17420,F5J6.18	F
UniProtKB	Q39242	NTR2	GO:0004791		3702	NTR2,NTRA,At2g17420,F5J6.18	F
UniProtKB	Q39242	NTR2	GO:0004791		3702	NTR2,NTRA,At2g17420,F5J6.18	F
UniProtKB	Q39243	NTR1	GO:0004791		3702	NTR1,NTRB,At4g35460,F15J1.30	F
UniProtKB	Q39243	NTR1	GO:0019430		3702	NTR1,NTRB,At4g35460,F15J1.30	P
UniProtKB	Q39243	NTR1	GO:0004791		3702	NTR1,NTRB,At4g35460,F15J1.30	F
UniProtKB	Q39243	NTR1	GO:0004791		3702	NTR1,NTRB,At4g35460,F15J1.30	F
UniProtKB	Q39243	NTR1	GO:0004791		3702	NTR1,NTRB,At4g35460,F15J1.30	F
UniProtKB	Q39243	NTR1	GO:0004791		3702	NTR1,NTRB,At4g35460,F15J1.30	F
UniProtKB	Q39243	NTR1	GO:0004791		3702	NTR1,NTRB,At4g35460,F15J1.30	F
UniProtKB	Q39243	NTR1	GO:0004791		3702	NTR1,NTRB,At4g35460,F15J1.30	F
UniProtKB	Q39243	NTR1	GO:0004791		3702	NTR1,NTRB,At4g35460,F15J1.30	F
UniProtKB	Q3EAH9	MTPA2	GO:0010312		3702	MTPA2,ATMTP3,ATMTPA2,METAL TOLERANCE PROTEIN 3,MTP3,metal tolerance protein A2,At3g58810	P
UniProtKB	Q3ECR7	CYSTM2	GO:0010273		3702	CYSTM2,CDT1,At1g52827,F14G24	P
UniProtKB	Q3ECR7	CYSTM2	GO:1990748		3702	CYSTM2,CDT1,At1g52827,F14G24	P
UniProtKB	Q3ECR7	CYSTM2	GO:0071585		3702	CYSTM2,CDT1,At1g52827,F14G24	P
UniProtKB	Q41924	Q41924	GO:0004096		3702		F
UniProtKB	Q41924	Q41924	GO:0098869		3702		P
UniProtKB	Q42199	Q42199	GO:0009407		3702		P
UniProtKB	Q42269	Q42269	GO:0009407		3702		P
UniProtKB	Q42273	Q42273	GO:0009407		3702		P
UniProtKB	Q42320	Q42320	GO:0051920		3702		F
UniProtKB	Q42320	Q42320	GO:0098869		3702		P
UniProtKB	Q42547	CAT3	GO:0004096		3702	CAT3,At1g20620,F2D10.40,F5M15.5	F
UniProtKB	Q42547	CAT3	GO:0004096		3702	CAT3,At1g20620,F2D10.40,F5M15.5	F
UniProtKB	Q42547	CAT3	GO:0004601		3702	CAT3,At1g20620,F2D10.40,F5M15.5	F
UniProtKB	Q42547	CAT3	GO:0004096		3702	CAT3,At1g20620,F2D10.40,F5M15.5	F
UniProtKB	Q42547	CAT3	GO:0004096		3702	CAT3,At1g20620,F2D10.40,F5M15.5	F
UniProtKB	Q42547	CAT3	GO:0004096		3702	CAT3,At1g20620,F2D10.40,F5M15.5	F
UniProtKB	Q42547	CAT3	GO:0098869		3702	CAT3,At1g20620,F2D10.40,F5M15.5	P
UniProtKB	Q42547	CAT3	GO:0098869		3702	CAT3,At1g20620,F2D10.40,F5M15.5	P
UniProtKB	Q42547	CAT3	GO:0098869		3702	CAT3,At1g20620,F2D10.40,F5M15.5	P
UniProtKB	Q42547	CAT3	GO:0098869		3702	CAT3,At1g20620,F2D10.40,F5M15.5	P
UniProtKB	Q42547	CAT3	GO:0098869		3702	CAT3,At1g20620,F2D10.40,F5M15.5	P
UniProtKB	Q42547	CAT3	GO:0098869		3702	CAT3,At1g20620,F2D10.40,F5M15.5	P
UniProtKB	Q42564	APX3	GO:0004601		3702	APX3,APX,APXIII,At4g35000,M4E13.60	F
UniProtKB	Q42564	APX3	GO:0004601		3702	APX3,APX,APXIII,At4g35000,M4E13.60	F
UniProtKB	Q42564	APX3	GO:0004601		3702	APX3,APX,APXIII,At4g35000,M4E13.60	F
UniProtKB	Q42564	APX3	GO:0016688		3702	APX3,APX,APXIII,At4g35000,M4E13.60	F
UniProtKB	Q42564	APX3	GO:0016688		3702	APX3,APX,APXIII,At4g35000,M4E13.60	F
UniProtKB	Q42564	APX3	GO:0016688		3702	APX3,APX,APXIII,At4g35000,M4E13.60	F
UniProtKB	Q42564	APX3	GO:0098869		3702	APX3,APX,APXIII,At4g35000,M4E13.60	P
UniProtKB	Q42564	APX3	GO:0098869		3702	APX3,APX,APXIII,At4g35000,M4E13.60	P
UniProtKB	Q42564	APX3	GO:0098869		3702	APX3,APX,APXIII,At4g35000,M4E13.60	P
UniProtKB	Q42564	APX3	GO:0098869		3702	APX3,APX,APXIII,At4g35000,M4E13.60	P
UniProtKB	Q42564	APX3	GO:0098869		3702	APX3,APX,APXIII,At4g35000,M4E13.60	P
UniProtKB	Q42564	APX3	GO:0098869		3702	APX3,APX,APXIII,At4g35000,M4E13.60	P
UniProtKB	Q42578	PER53	GO:0004601		3702	PER53,P53,At5g06720,MPH15.8	F
UniProtKB	Q42578	PER53	GO:0004601		3702	PER53,P53,At5g06720,MPH15.8	F
UniProtKB	Q42578	PER53	GO:0098869		3702	PER53,P53,At5g06720,MPH15.8	P
UniProtKB	Q42578	PER53	GO:0098869		3702	PER53,P53,At5g06720,MPH15.8	P
UniProtKB	Q42580	PER21	GO:0004601		3702	PER21,P21,At2g37130,T2N18.11	F
UniProtKB	Q42580	PER21	GO:0004601		3702	PER21,P21,At2g37130,T2N18.11	F
UniProtKB	Q42580	PER21	GO:0004601		3702	PER21,P21,At2g37130,T2N18.11	F
UniProtKB	Q42580	PER21	GO:0098869		3702	PER21,P21,At2g37130,T2N18.11	P
UniProtKB	Q42580	PER21	GO:0098869		3702	PER21,P21,At2g37130,T2N18.11	P
UniProtKB	Q42580	PER21	GO:0098869		3702	PER21,P21,At2g37130,T2N18.11	P
UniProtKB	Q42592	APXS	GO:0004601		3702	APXS,At4g08390,T28D5.80	F
UniProtKB	Q42592	APXS	GO:0004601		3702	APXS,At4g08390,T28D5.80	F
UniProtKB	Q42592	APXS	GO:0004601		3702	APXS,At4g08390,T28D5.80	F
UniProtKB	Q42592	APXS	GO:0016688		3702	APXS,At4g08390,T28D5.80	F
UniProtKB	Q42592	APXS	GO:0016688		3702	APXS,At4g08390,T28D5.80	F
UniProtKB	Q42592	APXS	GO:0098869		3702	APXS,At4g08390,T28D5.80	P
UniProtKB	Q42592	APXS	GO:0098869		3702	APXS,At4g08390,T28D5.80	P
UniProtKB	Q42592	APXS	GO:0098869		3702	APXS,At4g08390,T28D5.80	P
UniProtKB	Q42592	APXS	GO:0098869		3702	APXS,At4g08390,T28D5.80	P
UniProtKB	Q42592	APXS	GO:0098869		3702	APXS,At4g08390,T28D5.80	P
UniProtKB	Q42593	APXT	GO:0004601		3702	APXT,At1g77490,T5M16.8	F
UniProtKB	Q42593	APXT	GO:0004601		3702	APXT,At1g77490,T5M16.8	F
UniProtKB	Q42593	APXT	GO:0004601		3702	APXT,At1g77490,T5M16.8	F
UniProtKB	Q42593	APXT	GO:0016688		3702	APXT,At1g77490,T5M16.8	F
UniProtKB	Q42593	APXT	GO:0016688		3702	APXT,At1g77490,T5M16.8	F
UniProtKB	Q42593	APXT	GO:0098869		3702	APXT,At1g77490,T5M16.8	P
UniProtKB	Q42593	APXT	GO:0098869		3702	APXT,At1g77490,T5M16.8	P
UniProtKB	Q42593	APXT	GO:0098869		3702	APXT,At1g77490,T5M16.8	P
UniProtKB	Q42593	APXT	GO:0098869		3702	APXT,At1g77490,T5M16.8	P
UniProtKB	Q42593	APXT	GO:0098869		3702	APXT,At1g77490,T5M16.8	P
UniProtKB	Q43278	Q43278	GO:0004096		3702		F
UniProtKB	Q43278	Q43278	GO:0004096		3702		F
UniProtKB	Q43278	Q43278	GO:0004096		3702		F
UniProtKB	Q43278	Q43278	GO:0098869		3702		P
UniProtKB	Q43278	Q43278	GO:0098869		3702		P
UniProtKB	Q43278	Q43278	GO:0098869		3702		P
UniProtKB	Q43387	PER71	GO:0004601		3702	PER71,P71,At5g64120,MHJ24.10	F
UniProtKB	Q43387	PER71	GO:0004601		3702	PER71,P71,At5g64120,MHJ24.10	F
UniProtKB	Q43387	PER71	GO:0004601		3702	PER71,P71,At5g64120,MHJ24.10	F
UniProtKB	Q43387	PER71	GO:0004601		3702	PER71,P71,At5g64120,MHJ24.10	F
UniProtKB	Q43387	PER71	GO:0004601		3702	PER71,P71,At5g64120,MHJ24.10	F
UniProtKB	Q43387	PER71	GO:0004601		3702	PER71,P71,At5g64120,MHJ24.10	F
UniProtKB	Q43387	PER71	GO:0098869		3702	PER71,P71,At5g64120,MHJ24.10	P
UniProtKB	Q43387	PER71	GO:0098869		3702	PER71,P71,At5g64120,MHJ24.10	P
UniProtKB	Q43387	PER71	GO:0098869		3702	PER71,P71,At5g64120,MHJ24.10	P
UniProtKB	Q43387	PER71	GO:0098869		3702	PER71,P71,At5g64120,MHJ24.10	P
UniProtKB	Q43387	PER71	GO:0098869		3702	PER71,P71,At5g64120,MHJ24.10	P
UniProtKB	Q43387	PER71	GO:0098869		3702	PER71,P71,At5g64120,MHJ24.10	P
UniProtKB	Q43729	PER57	GO:0004601		3702	PER57,P57,At5g17820,MVA3.170,MVA3.18	F
UniProtKB	Q43729	PER57	GO:0004601		3702	PER57,P57,At5g17820,MVA3.170,MVA3.18	F
UniProtKB	Q43729	PER57	GO:0004601		3702	PER57,P57,At5g17820,MVA3.170,MVA3.18	F
UniProtKB	Q43729	PER57	GO:0098869		3702	PER57,P57,At5g17820,MVA3.170,MVA3.18	P
UniProtKB	Q43729	PER57	GO:0098869		3702	PER57,P57,At5g17820,MVA3.170,MVA3.18	P
UniProtKB	Q43729	PER57	GO:0098869		3702	PER57,P57,At5g17820,MVA3.170,MVA3.18	P
UniProtKB	Q43731	PER50	GO:0004601		3702	PER50,P50,At4g37520,F19F18.10,F6G17.9	F
UniProtKB	Q43731	PER50	GO:0004601		3702	PER50,P50,At4g37520,F19F18.10,F6G17.9	F
UniProtKB	Q43731	PER50	GO:0098869		3702	PER50,P50,At4g37520,F19F18.10,F6G17.9	P
UniProtKB	Q43731	PER50	GO:0098869		3702	PER50,P50,At4g37520,F19F18.10,F6G17.9	P
UniProtKB	Q43735	PER27	GO:0004601		3702	PER27,P27,At3g01190,T4P13.12	F
UniProtKB	Q43735	PER27	GO:0004601		3702	PER27,P27,At3g01190,T4P13.12	F
UniProtKB	Q43735	PER27	GO:0004601		3702	PER27,P27,At3g01190,T4P13.12	F
UniProtKB	Q43735	PER27	GO:0098869		3702	PER27,P27,At3g01190,T4P13.12	P
UniProtKB	Q43735	PER27	GO:0098869		3702	PER27,P27,At3g01190,T4P13.12	P
UniProtKB	Q43735	PER27	GO:0098869		3702	PER27,P27,At3g01190,T4P13.12	P
UniProtKB	Q43872	PER64	GO:0004601		3702	PER64,P64,At5g42180,MJC20.29	F
UniProtKB	Q43872	PER64	GO:0004601		3702	PER64,P64,At5g42180,MJC20.29	F
UniProtKB	Q43872	PER64	GO:0004601		3702	PER64,P64,At5g42180,MJC20.29	F
UniProtKB	Q43872	PER64	GO:0098869		3702	PER64,P64,At5g42180,MJC20.29	P
UniProtKB	Q43872	PER64	GO:0098869		3702	PER64,P64,At5g42180,MJC20.29	P
UniProtKB	Q43872	PER64	GO:0098869		3702	PER64,P64,At5g42180,MJC20.29	P
UniProtKB	Q43873	PER73	GO:0004601		3702	PER73,P73,At5g67400,K8K14.13	F
UniProtKB	Q43873	PER73	GO:0004601		3702	PER73,P73,At5g67400,K8K14.13	F
UniProtKB	Q43873	PER73	GO:0098869		3702	PER73,P73,At5g67400,K8K14.13	P
UniProtKB	Q43873	PER73	GO:0098869		3702	PER73,P73,At5g67400,K8K14.13	P
UniProtKB	Q4PSF4	DTX52	GO:1990961		3702	DTX52,ABS3L2,At5g19700,T29J13.120	P
UniProtKB	Q53YQ3	Q53YQ3	GO:0004601		3702		F
UniProtKB	Q53YQ3	Q53YQ3	GO:0004601		3702		F
UniProtKB	Q53YQ3	Q53YQ3	GO:0098869		3702		P
UniProtKB	Q53YQ3	Q53YQ3	GO:0098869		3702		P
UniProtKB	Q53YQ4	Q53YQ4	GO:0004601		3702		F
UniProtKB	Q53YQ4	Q53YQ4	GO:0004601		3702		F
UniProtKB	Q53YQ4	Q53YQ4	GO:0098869		3702		P
UniProtKB	Q53YQ4	Q53YQ4	GO:0098869		3702		P
UniProtKB	Q53YQ5	Q53YQ5	GO:0004601		3702		F
UniProtKB	Q53YQ5	Q53YQ5	GO:0004601		3702		F
UniProtKB	Q53YQ5	Q53YQ5	GO:0098869		3702		P
UniProtKB	Q53YQ5	Q53YQ5	GO:0098869		3702		P
UniProtKB	Q56WP7	At1g77490	GO:0004601		3702	At1g77490	F
UniProtKB	Q56WP7	At1g77490	GO:0004601		3702	At1g77490	F
UniProtKB	Q56WP7	At1g77490	GO:0016688		3702	At1g77490	F
UniProtKB	Q56WP7	At1g77490	GO:0098869		3702	At1g77490	P
UniProtKB	Q56WP7	At1g77490	GO:0098869		3702	At1g77490	P
UniProtKB	Q56WP7	At1g77490	GO:0098869		3702	At1g77490	P
UniProtKB	Q56XN0	At4g11290	GO:0004601		3702	At4g11290	F
UniProtKB	Q56XN0	At4g11290	GO:0004601		3702	At4g11290	F
UniProtKB	Q56XN0	At4g11290	GO:0098869		3702	At4g11290	P
UniProtKB	Q56XN0	At4g11290	GO:0098869		3702	At4g11290	P
UniProtKB	Q56YB6	At2g37130	GO:0004601		3702	At2g37130	F
UniProtKB	Q56YB6	At2g37130	GO:0004601		3702	At2g37130	F
UniProtKB	Q56YB6	At2g37130	GO:0098869		3702	At2g37130	P
UniProtKB	Q56YB6	At2g37130	GO:0098869		3702	At2g37130	P
UniProtKB	Q56YI5	At5g16705	GO:0098869		3702	At5g16705	P
UniProtKB	Q56YI5	At5g16705	GO:0045174		3702	At5g16705	F
UniProtKB	Q56YT4	At2g38380	GO:0004601		3702	At2g38380	F
UniProtKB	Q56YT4	At2g38380	GO:0004601		3702	At2g38380	F
UniProtKB	Q56YT4	At2g38380	GO:0098869		3702	At2g38380	P
UniProtKB	Q56YT4	At2g38380	GO:0098869		3702	At2g38380	P
UniProtKB	Q56ZF0	At4g35090	GO:0004096		3702	At4g35090	F
UniProtKB	Q56ZF0	At4g35090	GO:0098869		3702	At4g35090	P
UniProtKB	Q56ZQ1	At5g42180	GO:0004601		3702	At5g42180	F
UniProtKB	Q56ZQ1	At5g42180	GO:0004601		3702	At5g42180	F
UniProtKB	Q56ZQ1	At5g42180	GO:0098869		3702	At5g42180	P
UniProtKB	Q56ZQ1	At5g42180	GO:0098869		3702	At5g42180	P
UniProtKB	Q570F0	At1g71695	GO:0004601		3702	At1g71695	F
UniProtKB	Q570F0	At1g71695	GO:0004601		3702	At1g71695	F
UniProtKB	Q570F0	At1g71695	GO:0098869		3702	At1g71695	P
UniProtKB	Q570F0	At1g71695	GO:0098869		3702	At1g71695	P
UniProtKB	Q5FV38	Q5FV38	GO:0004362		3702		F
UniProtKB	Q5FV38	Q5FV38	GO:0004362		3702		F
UniProtKB	Q5FV38	Q5FV38	GO:0098869		3702		P
UniProtKB	Q5FV38	Q5FV38	GO:0098869		3702		P
UniProtKB	Q67XK7	At4g33420	GO:0004601		3702	At4g33420	F
UniProtKB	Q67XK7	At4g33420	GO:0004601		3702	At4g33420	F
UniProtKB	Q67XK7	At4g33420	GO:0098869		3702	At4g33420	P
UniProtKB	Q67XK7	At4g33420	GO:0098869		3702	At4g33420	P
UniProtKB	Q67Z07	PER2	GO:0004601		3702	PER2,P2,At1g05250,YUP8H12.14	F
UniProtKB	Q67Z07	PER2	GO:0004601		3702	PER2,P2,At1g05250,YUP8H12.14	F
UniProtKB	Q67Z07	PER2	GO:0004601		3702	PER2,P2,At1g05250,YUP8H12.14	F
UniProtKB	Q67Z07	PER2	GO:0004601		3702	PER2,P2,At1g05250,YUP8H12.14	F
UniProtKB	Q67Z07	PER2	GO:0098869		3702	PER2,P2,At1g05250,YUP8H12.14	P
UniProtKB	Q67Z07	PER2	GO:0098869		3702	PER2,P2,At1g05250,YUP8H12.14	P
UniProtKB	Q67Z07	PER2	GO:0098869		3702	PER2,P2,At1g05250,YUP8H12.14	P
UniProtKB	Q67Z07	PER2	GO:0098869		3702	PER2,P2,At1g05250,YUP8H12.14	P
UniProtKB	Q67Z30	At2g39040	GO:0004601		3702	At2g39040	F
UniProtKB	Q67Z30	At2g39040	GO:0004601		3702	At2g39040	F
UniProtKB	Q67Z30	At2g39040	GO:0098869		3702	At2g39040	P
UniProtKB	Q67Z30	At2g39040	GO:0098869		3702	At2g39040	P
UniProtKB	Q67ZE7	At5g22410	GO:0004601		3702	At5g22410	F
UniProtKB	Q67ZE7	At5g22410	GO:0004601		3702	At5g22410	F
UniProtKB	Q67ZE7	At5g22410	GO:0098869		3702	At5g22410	P
UniProtKB	Q67ZE7	At5g22410	GO:0098869		3702	At5g22410	P
UniProtKB	Q680D7	At3g03670	GO:0004601		3702	At3g03670	F
UniProtKB	Q680D7	At3g03670	GO:0004601		3702	At3g03670	F
UniProtKB	Q680D7	At3g03670	GO:0098869		3702	At3g03670	P
UniProtKB	Q680D7	At3g03670	GO:0098869		3702	At3g03670	P
UniProtKB	Q682W9	At1g68850	GO:0004601		3702	At1g68850	F
UniProtKB	Q682W9	At1g68850	GO:0004601		3702	At1g68850	F
UniProtKB	Q682W9	At1g68850	GO:0098869		3702	At1g68850	P
UniProtKB	Q682W9	At1g68850	GO:0098869		3702	At1g68850	P
UniProtKB	Q6NMS0	GSTU12	GO:0009407		3702	GSTU12,At1g69920,T17F3.5	P
UniProtKB	Q6NMS0	GSTU12	GO:0009407		3702	GSTU12,At1g69920,T17F3.5	P
UniProtKB	Q7G959	PRXIIA	GO:0008379		3702	PRXIIA,At1g65990,F12P19.16	F
UniProtKB	Q7G959	PRXIIA	GO:0016209		3702	PRXIIA,At1g65990,F12P19.16	F
UniProtKB	Q7G959	PRXIIA	GO:0004601		3702	PRXIIA,At1g65990,F12P19.16	F
UniProtKB	Q7G959	PRXIIA	GO:0098869		3702	PRXIIA,At1g65990,F12P19.16	P
UniProtKB	Q7G959	PRXIIA	GO:0098869		3702	PRXIIA,At1g65990,F12P19.16	P
UniProtKB	Q7G959	PRXIIA	GO:0098869		3702	PRXIIA,At1g65990,F12P19.16	P
UniProtKB	Q7XZP5	APX5	GO:0004601		3702	APX5,At4g35970,F4B14_240,T19K4.100	F
UniProtKB	Q7XZP5	APX5	GO:0004601		3702	APX5,At4g35970,F4B14_240,T19K4.100	F
UniProtKB	Q7XZP5	APX5	GO:0004601		3702	APX5,At4g35970,F4B14_240,T19K4.100	F
UniProtKB	Q7XZP5	APX5	GO:0016688		3702	APX5,At4g35970,F4B14_240,T19K4.100	F
UniProtKB	Q7XZP5	APX5	GO:0016688		3702	APX5,At4g35970,F4B14_240,T19K4.100	F
UniProtKB	Q7XZP5	APX5	GO:0098869		3702	APX5,At4g35970,F4B14_240,T19K4.100	P
UniProtKB	Q7XZP5	APX5	GO:0098869		3702	APX5,At4g35970,F4B14_240,T19K4.100	P
UniProtKB	Q7XZP5	APX5	GO:0098869		3702	APX5,At4g35970,F4B14_240,T19K4.100	P
UniProtKB	Q7XZP5	APX5	GO:0098869		3702	APX5,At4g35970,F4B14_240,T19K4.100	P
UniProtKB	Q7XZP5	APX5	GO:0098869		3702	APX5,At4g35970,F4B14_240,T19K4.100	P
UniProtKB	Q84M88	At5g64100	GO:0004601		3702	At5g64100	F
UniProtKB	Q84M88	At5g64100	GO:0004601		3702	At5g64100	F
UniProtKB	Q84M88	At5g64100	GO:0098869		3702	At5g64100	P
UniProtKB	Q84M88	At5g64100	GO:0098869		3702	At5g64100	P
UniProtKB	Q84TK0	GSTF4	GO:0009407		3702	GSTF4,GST31,At1g02950,F22D16.5	P
UniProtKB	Q84WN4	At1g21350	GO:0016209		3702	At1g21350,F24J8.1,F24J8_1	F
UniProtKB	Q84WN4	At1g21350	GO:0098869		3702	At1g21350,F24J8.1,F24J8_1	P
UniProtKB	Q8GXM8	DTX2	GO:1990961		3702	DTX2,At2g04080,F3L12.9	P
UniProtKB	Q8GY89	SRX	GO:0032542		3702	SRX,At1g31170,F28K20.12	F
UniProtKB	Q8GY89	SRX	GO:0032542		3702	SRX,At1g31170,F28K20.12	F
UniProtKB	Q8GY89	SRX	GO:0016209		3702	SRX,At1g31170,F28K20.12	F
UniProtKB	Q8GY89	SRX	GO:0032542		3702	SRX,At1g31170,F28K20.12	F
UniProtKB	Q8GY89	SRX	GO:0032542		3702	SRX,At1g31170,F28K20.12	F
UniProtKB	Q8GY89	SRX	GO:0098869		3702	SRX,At1g31170,F28K20.12	P
UniProtKB	Q8GY89	SRX	GO:0098869		3702	SRX,At1g31170,F28K20.12	P
UniProtKB	Q8GY89	SRX	GO:0098869		3702	SRX,At1g31170,F28K20.12	P
UniProtKB	Q8GY89	SRX	GO:0098869		3702	SRX,At1g31170,F28K20.12	P
UniProtKB	Q8GY89	SRX	GO:0098869		3702	SRX,At1g31170,F28K20.12	P
UniProtKB	Q8GY91	APX6	GO:0004601		3702	APX6,At4g32320,F10M6.50,F8B4.20	F
UniProtKB	Q8GY91	APX6	GO:0004601		3702	APX6,At4g32320,F10M6.50,F8B4.20	F
UniProtKB	Q8GY91	APX6	GO:0004601		3702	APX6,At4g32320,F10M6.50,F8B4.20	F
UniProtKB	Q8GY91	APX6	GO:0016688		3702	APX6,At4g32320,F10M6.50,F8B4.20	F
UniProtKB	Q8GY91	APX6	GO:0004601		3702	APX6,At4g32320,F10M6.50,F8B4.20	F
UniProtKB	Q8GY91	APX6	GO:0016688		3702	APX6,At4g32320,F10M6.50,F8B4.20	F
UniProtKB	Q8GY91	APX6	GO:0098869		3702	APX6,At4g32320,F10M6.50,F8B4.20	P
UniProtKB	Q8GY91	APX6	GO:0098869		3702	APX6,At4g32320,F10M6.50,F8B4.20	P
UniProtKB	Q8GY91	APX6	GO:0098869		3702	APX6,At4g32320,F10M6.50,F8B4.20	P
UniProtKB	Q8GY91	APX6	GO:0098869		3702	APX6,At4g32320,F10M6.50,F8B4.20	P
UniProtKB	Q8GY91	APX6	GO:0098869		3702	APX6,At4g32320,F10M6.50,F8B4.20	P
UniProtKB	Q8GY91	APX6	GO:0098869		3702	APX6,At4g32320,F10M6.50,F8B4.20	P
UniProtKB	Q8GYC6	At5g58390/MCK7_26	GO:0004601		3702	At5g58390/MCK7_26	F
UniProtKB	Q8GYC6	At5g58390/MCK7_26	GO:0004601		3702	At5g58390/MCK7_26	F
UniProtKB	Q8GYC6	At5g58390/MCK7_26	GO:0098869		3702	At5g58390/MCK7_26	P
UniProtKB	Q8GYC6	At5g58390/MCK7_26	GO:0098869		3702	At5g58390/MCK7_26	P
UniProtKB	Q8GYM1	GSTU22	GO:0009407		3702	GSTU22,At1g78340,F3F9.13	P
UniProtKB	Q8GYM1	GSTU22	GO:0009407		3702	GSTU22,At1g78340,F3F9.13	P
UniProtKB	Q8GYY2	At1g24350	GO:0004601		3702	At1g24350,At1g24350/F21J9_310,F3I6.29,F3I6_29	F
UniProtKB	Q8GYY2	At1g24350	GO:0098869		3702	At1g24350,At1g24350/F21J9_310,F3I6.29,F3I6_29	P
UniProtKB	Q8H0V5	OCP3	GO:0004601		3702	OCP3,At5g11270,F2I11.160	F
UniProtKB	Q8H0V5	OCP3	GO:0098869		3702	OCP3,At5g11270,F2I11.160	P
UniProtKB	Q8L5Y8	At5g65840	GO:0016209		3702	At5g65840,K14B20.1,K14B20_1	F
UniProtKB	Q8L5Y8	At5g65840	GO:0098869		3702	At5g65840,K14B20.1,K14B20_1	P
UniProtKB	Q8L616	DTX25	GO:1990961		3702	DTX25,At5g17700,MVA3.5	P
UniProtKB	Q8L727	GSTT2	GO:0009407		3702	GSTT2,GST10B,At5g41240/At5g41230,K1O13.3/K1O13.2	P
UniProtKB	Q8L731	DTX12	GO:1990961		3702	DTX12,At1g15170,F9L1.11	P
UniProtKB	Q8L7C9	GSTU20	GO:0009407		3702	GSTU20,FIP1,At1g78370,F3F9.11	P
UniProtKB	Q8L7C9	GSTU20	GO:0009407		3702	GSTU20,FIP1,At1g78370,F3F9.11	P
UniProtKB	Q8L7M6	At3g21610	GO:0004601		3702	At3g21610,At3g21620	F
UniProtKB	Q8L7M6	At3g21610	GO:0098869		3702	At3g21610,At3g21620	P
UniProtKB	Q8L8S2	LSU4	GO:0098869		3702	LSU4,At5g24655,K18P6	P
UniProtKB	Q8L910	GPX4	GO:0004601		3702	GPX4,At2g48150,F11L15.5	F
UniProtKB	Q8L910	GPX4	GO:0004602		3702	GPX4,At2g48150,F11L15.5	F
UniProtKB	Q8L910	GPX4	GO:0004601		3702	GPX4,At2g48150,F11L15.5	F
UniProtKB	Q8L910	GPX4	GO:0004602		3702	GPX4,At2g48150,F11L15.5	F
UniProtKB	Q8L910	GPX4	GO:0004602		3702	GPX4,At2g48150,F11L15.5	F
UniProtKB	Q8L910	GPX4	GO:0098869		3702	GPX4,At2g48150,F11L15.5	P
UniProtKB	Q8L910	GPX4	GO:0098869		3702	GPX4,At2g48150,F11L15.5	P
UniProtKB	Q8L910	GPX4	GO:0098869		3702	GPX4,At2g48150,F11L15.5	P
UniProtKB	Q8L910	GPX4	GO:0098869		3702	GPX4,At2g48150,F11L15.5	P
UniProtKB	Q8L910	GPX4	GO:0098869		3702	GPX4,At2g48150,F11L15.5	P
UniProtKB	Q8L9P7	Q8L9P7	GO:0016209		3702		F
UniProtKB	Q8L9P7	Q8L9P7	GO:0004601		3702		F
UniProtKB	Q8L9P7	Q8L9P7	GO:0098869		3702		P
UniProtKB	Q8L9P7	Q8L9P7	GO:0098869		3702		P
UniProtKB	Q8LAP7	Q8LAP7	GO:0004362		3702		F
UniProtKB	Q8LAP7	Q8LAP7	GO:0098869		3702		P
UniProtKB	Q8LAS8	SFGH	GO:0046294		3702	SFGH,At2g41530,T32G6.5	P
UniProtKB	Q8LBU2	GPX8	GO:0004601		3702	GPX8,At1g63460,F2K11.16	F
UniProtKB	Q8LBU2	GPX8	GO:0004602		3702	GPX8,At1g63460,F2K11.16	F
UniProtKB	Q8LBU2	GPX8	GO:0004601		3702	GPX8,At1g63460,F2K11.16	F
UniProtKB	Q8LBU2	GPX8	GO:0004602		3702	GPX8,At1g63460,F2K11.16	F
UniProtKB	Q8LBU2	GPX8	GO:0004601		3702	GPX8,At1g63460,F2K11.16	F
UniProtKB	Q8LBU2	GPX8	GO:0004602		3702	GPX8,At1g63460,F2K11.16	F
UniProtKB	Q8LBU2	GPX8	GO:0098869		3702	GPX8,At1g63460,F2K11.16	P
UniProtKB	Q8LBU2	GPX8	GO:0098869		3702	GPX8,At1g63460,F2K11.16	P
UniProtKB	Q8LBU2	GPX8	GO:0098869		3702	GPX8,At1g63460,F2K11.16	P
UniProtKB	Q8LBU2	GPX8	GO:0098869		3702	GPX8,At1g63460,F2K11.16	P
UniProtKB	Q8LBU2	GPX8	GO:0098869		3702	GPX8,At1g63460,F2K11.16	P
UniProtKB	Q8LBU2	GPX8	GO:0098869		3702	GPX8,At1g63460,F2K11.16	P
UniProtKB	Q8LE52	DHAR3	GO:0045174		3702	DHAR3,At5g16710,F5E19.50	F
UniProtKB	Q8LE52	DHAR3	GO:0098869		3702	DHAR3,At5g16710,F5E19.50	P
UniProtKB	Q8LE52	DHAR3	GO:0045174		3702	DHAR3,At5g16710,F5E19.50	F
UniProtKB	Q8LE52	DHAR3	GO:0045174		3702	DHAR3,At5g16710,F5E19.50	F
UniProtKB	Q8LE52	DHAR3	GO:0045174		3702	DHAR3,At5g16710,F5E19.50	F
UniProtKB	Q8LE52	DHAR3	GO:0045174		3702	DHAR3,At5g16710,F5E19.50	F
UniProtKB	Q8LE52	DHAR3	GO:0045174		3702	DHAR3,At5g16710,F5E19.50	F
UniProtKB	Q8LEA5	Q8LEA5	GO:0016209		3702		F
UniProtKB	Q8LEA5	Q8LEA5	GO:0051920		3702		F
UniProtKB	Q8LEA5	Q8LEA5	GO:0051920		3702		F
UniProtKB	Q8LEA5	Q8LEA5	GO:0098869		3702		P
UniProtKB	Q8LEA5	Q8LEA5	GO:0098869		3702		P
UniProtKB	Q8LEA5	Q8LEA5	GO:0098869		3702		P
UniProtKB	Q8LEB2	At5g24760	GO:0046294		3702	At5g24760,T4C12_30	P
UniProtKB	Q8LFQ6	GRXC4	GO:0004362		3702	GRXC4,GLU1,At5g20500,F7C8.90	F
UniProtKB	Q8LFQ6	GRXC4	GO:0098869		3702	GRXC4,GLU1,At5g20500,F7C8.90	P
UniProtKB	Q8RUD6	HAC1	GO:0071722		3702	HAC1,ATQ1,STR19,At2g21045,F26H11,F5H14	P
UniProtKB	Q8RWF5	DTX6	GO:1990961		3702	DTX6,At2g04100,F3L12.7	P
UniProtKB	Q8RXK1	DTX23	GO:1990961		3702	DTX23,At1g33080,F9L11.22,T9L6.14	P
UniProtKB	Q8RXV2	At3g61770	GO:0004601		3702	At3g61770,F21F14.5	F
UniProtKB	Q8RXV2	At3g61770	GO:0098869		3702	At3g61770,F21F14.5	P
UniProtKB	Q8VYL8	DTX10	GO:1990961		3702	DTX10,At1g15150,F9L1.9	P
UniProtKB	Q8VZ49	At1g64710	GO:0046294		3702	At1g64710,F13O11.3	P
UniProtKB	Q8VZQ0	At4g31240	GO:0004791		3702	At4g31240,F8F16.60	F
UniProtKB	Q8VZQ0	At4g31240	GO:0098869		3702	At4g31240,F8F16.60	P
UniProtKB	Q8W1E5	MZN1.9	GO:0004791		3702	MZN1.9,MZN1_9,At5g58640	F
UniProtKB	Q8W1E5	MZN1.9	GO:0098869		3702	MZN1.9,MZN1_9,At5g58640	P
UniProtKB	Q8W488	DTX21	GO:1990961		3702	DTX21,At1g33110,T9L6.1	P
UniProtKB	Q93V93	PER44	GO:0004601		3702	PER44,P44,At4g26010,F20B18.120	F
UniProtKB	Q93V93	PER44	GO:0004601		3702	PER44,P44,At4g26010,F20B18.120	F
UniProtKB	Q93V93	PER44	GO:0004601		3702	PER44,P44,At4g26010,F20B18.120	F
UniProtKB	Q93V93	PER44	GO:0098869		3702	PER44,P44,At4g26010,F20B18.120	P
UniProtKB	Q93V93	PER44	GO:0098869		3702	PER44,P44,At4g26010,F20B18.120	P
UniProtKB	Q93V93	PER44	GO:0098869		3702	PER44,P44,At4g26010,F20B18.120	P
UniProtKB	Q93VP2	HIPP22	GO:0071585		3702	HIPP22,FP7,At1g22990,F19G10.25	P
UniProtKB	Q93ZZ7	At3g12685	GO:0004601		3702	At3g12685	F
UniProtKB	Q93ZZ7	At3g12685	GO:0098869		3702	At3g12685	P
UniProtKB	Q940F6	T5N23.2	GO:0004362		3702	T5N23.2	F
UniProtKB	Q940F6	T5N23.2	GO:0004362		3702	T5N23.2	F
UniProtKB	Q940F6	T5N23.2	GO:0004362		3702	T5N23.2	F
UniProtKB	Q940F6	T5N23.2	GO:0098869		3702	T5N23.2	P
UniProtKB	Q940F6	T5N23.2	GO:0098869		3702	T5N23.2	P
UniProtKB	Q940F6	T5N23.2	GO:0098869		3702	T5N23.2	P
UniProtKB	Q940G2	At4g35090/M4E13.140	GO:0004096		3702	At4g35090/M4E13.140	F
UniProtKB	Q940G2	At4g35090/M4E13.140	GO:0004601		3702	At4g35090/M4E13.140	F
UniProtKB	Q940G2	At4g35090/M4E13.140	GO:0004096		3702	At4g35090/M4E13.140	F
UniProtKB	Q940G2	At4g35090/M4E13.140	GO:0004096		3702	At4g35090/M4E13.140	F
UniProtKB	Q940G2	At4g35090/M4E13.140	GO:0098869		3702	At4g35090/M4E13.140	P
UniProtKB	Q940G2	At4g35090/M4E13.140	GO:0098869		3702	At4g35090/M4E13.140	P
UniProtKB	Q940G2	At4g35090/M4E13.140	GO:0098869		3702	At4g35090/M4E13.140	P
UniProtKB	Q940G2	At4g35090/M4E13.140	GO:0098869		3702	At4g35090/M4E13.140	P
UniProtKB	Q940I2	MED24.18	GO:0004362		3702	MED24.18,MED24_18,At5g03880	F
UniProtKB	Q940I2	MED24.18	GO:0098869		3702	MED24.18,MED24_18,At5g03880	P
UniProtKB	Q940N9	DTX39	GO:1990961		3702	DTX39,At4g21910,T8O5.120	P
UniProtKB	Q944H5	MTM1	GO:0004784		3702	MTM1,At4g27940,T13J8.50	F
UniProtKB	Q944H5	MTM1	GO:0019430		3702	MTM1,At4g27940,T13J8.50	P
UniProtKB	Q949U7	PRXIIE	GO:0008379		3702	PRXIIE,At3g52960,F8J2_130	F
UniProtKB	Q949U7	PRXIIE	GO:0016209		3702	PRXIIE,At3g52960,F8J2_130	F
UniProtKB	Q949U7	PRXIIE	GO:0004601		3702	PRXIIE,At3g52960,F8J2_130	F
UniProtKB	Q949U7	PRXIIE	GO:0098869		3702	PRXIIE,At3g52960,F8J2_130	P
UniProtKB	Q949U7	PRXIIE	GO:0098869		3702	PRXIIE,At3g52960,F8J2_130	P
UniProtKB	Q949U7	PRXIIE	GO:0098869		3702	PRXIIE,At3g52960,F8J2_130	P
UniProtKB	Q949Y3	PAP26	GO:0004601		3702	PAP26,At5g34850,T5E15.10	F
UniProtKB	Q949Y3	PAP26	GO:0098869		3702	PAP26,At5g34850,T5E15.10	P
UniProtKB	Q94AL1	DTX13	GO:1990961		3702	DTX13,At1g15180,F9L1.12	P
UniProtKB	Q96266	GSTF8	GO:0004601		3702	GSTF8,GST6,GSTF5,At2g47730,F17A22.12	F
UniProtKB	Q96266	GSTF8	GO:0009407		3702	GSTF8,GST6,GSTF5,At2g47730,F17A22.12	P
UniProtKB	Q96266	GSTF8	GO:0098869		3702	GSTF8,GST6,GSTF5,At2g47730,F17A22.12	P
UniProtKB	Q96291	BAS1	GO:0004601		3702	BAS1,At3g11630,F24K9.28,T19F11.3	F
UniProtKB	Q96291	BAS1	GO:0016209		3702	BAS1,At3g11630,F24K9.28,T19F11.3	F
UniProtKB	Q96291	BAS1	GO:0051920		3702	BAS1,At3g11630,F24K9.28,T19F11.3	F
UniProtKB	Q96291	BAS1	GO:0016209		3702	BAS1,At3g11630,F24K9.28,T19F11.3	F
UniProtKB	Q96291	BAS1	GO:0004601		3702	BAS1,At3g11630,F24K9.28,T19F11.3	F
UniProtKB	Q96291	BAS1	GO:0051920		3702	BAS1,At3g11630,F24K9.28,T19F11.3	F
UniProtKB	Q96291	BAS1	GO:0051920		3702	BAS1,At3g11630,F24K9.28,T19F11.3	F
UniProtKB	Q96291	BAS1	GO:0098869		3702	BAS1,At3g11630,F24K9.28,T19F11.3	P
UniProtKB	Q96291	BAS1	GO:0098869		3702	BAS1,At3g11630,F24K9.28,T19F11.3	P
UniProtKB	Q96291	BAS1	GO:0098869		3702	BAS1,At3g11630,F24K9.28,T19F11.3	P
UniProtKB	Q96291	BAS1	GO:0098869		3702	BAS1,At3g11630,F24K9.28,T19F11.3	P
UniProtKB	Q96291	BAS1	GO:0098869		3702	BAS1,At3g11630,F24K9.28,T19F11.3	P
UniProtKB	Q96291	BAS1	GO:0098869		3702	BAS1,At3g11630,F24K9.28,T19F11.3	P
UniProtKB	Q96291	BAS1	GO:0098869		3702	BAS1,At3g11630,F24K9.28,T19F11.3	P
UniProtKB	Q96324	GSTF11	GO:0009407		3702	GSTF11,GSTF6,At3g03190,T17B22.12	P
UniProtKB	Q96509	PER55	GO:0004601		3702	PER55,P55,At5g14130,MUA22.13	F
UniProtKB	Q96509	PER55	GO:0004601		3702	PER55,P55,At5g14130,MUA22.13	F
UniProtKB	Q96509	PER55	GO:0098869		3702	PER55,P55,At5g14130,MUA22.13	P
UniProtKB	Q96509	PER55	GO:0098869		3702	PER55,P55,At5g14130,MUA22.13	P
UniProtKB	Q96510	PER35	GO:0004601		3702	PER35,P35,At3g49960,F3A4.40	F
UniProtKB	Q96510	PER35	GO:0004601		3702	PER35,P35,At3g49960,F3A4.40	F
UniProtKB	Q96510	PER35	GO:0098869		3702	PER35,P35,At3g49960,F3A4.40	P
UniProtKB	Q96510	PER35	GO:0098869		3702	PER35,P35,At3g49960,F3A4.40	P
UniProtKB	Q96511	PER69	GO:0004601		3702	PER69,P69,At5g64100,MHJ24.8	F
UniProtKB	Q96511	PER69	GO:0004601		3702	PER69,P69,At5g64100,MHJ24.8	F
UniProtKB	Q96511	PER69	GO:0004601		3702	PER69,P69,At5g64100,MHJ24.8	F
UniProtKB	Q96511	PER69	GO:0004601		3702	PER69,P69,At5g64100,MHJ24.8	F
UniProtKB	Q96511	PER69	GO:0098869		3702	PER69,P69,At5g64100,MHJ24.8	P
UniProtKB	Q96511	PER69	GO:0098869		3702	PER69,P69,At5g64100,MHJ24.8	P
UniProtKB	Q96511	PER69	GO:0098869		3702	PER69,P69,At5g64100,MHJ24.8	P
UniProtKB	Q96511	PER69	GO:0098869		3702	PER69,P69,At5g64100,MHJ24.8	P
UniProtKB	Q96512	PER9	GO:0004601		3702	PER9,P9,At1g44970,F27F5.6,T22C22.24	F
UniProtKB	Q96512	PER9	GO:0004601		3702	PER9,P9,At1g44970,F27F5.6,T22C22.24	F
UniProtKB	Q96512	PER9	GO:0004601		3702	PER9,P9,At1g44970,F27F5.6,T22C22.24	F
UniProtKB	Q96512	PER9	GO:0098869		3702	PER9,P9,At1g44970,F27F5.6,T22C22.24	P
UniProtKB	Q96512	PER9	GO:0098869		3702	PER9,P9,At1g44970,F27F5.6,T22C22.24	P
UniProtKB	Q96512	PER9	GO:0098869		3702	PER9,P9,At1g44970,F27F5.6,T22C22.24	P
UniProtKB	Q96518	PER16	GO:0004601		3702	PER16,P16,At2g18980,F19F24.18	F
UniProtKB	Q96518	PER16	GO:0004601		3702	PER16,P16,At2g18980,F19F24.18	F
UniProtKB	Q96518	PER16	GO:0098869		3702	PER16,P16,At2g18980,F19F24.18	P
UniProtKB	Q96518	PER16	GO:0098869		3702	PER16,P16,At2g18980,F19F24.18	P
UniProtKB	Q96519	PER11	GO:0004601		3702	PER11,P11,At1g68850,F14K14.4,T6L1.4	F
UniProtKB	Q96519	PER11	GO:0004601		3702	PER11,P11,At1g68850,F14K14.4,T6L1.4	F
UniProtKB	Q96519	PER11	GO:0098869		3702	PER11,P11,At1g68850,F14K14.4,T6L1.4	P
UniProtKB	Q96519	PER11	GO:0098869		3702	PER11,P11,At1g68850,F14K14.4,T6L1.4	P
UniProtKB	Q96520	PER12	GO:0004601		3702	PER12,P12,At1g71695,F14O23.6,F26A9.5	F
UniProtKB	Q96520	PER12	GO:0004601		3702	PER12,P12,At1g71695,F14O23.6,F26A9.5	F
UniProtKB	Q96520	PER12	GO:0004601		3702	PER12,P12,At1g71695,F14O23.6,F26A9.5	F
UniProtKB	Q96520	PER12	GO:0098869		3702	PER12,P12,At1g71695,F14O23.6,F26A9.5	P
UniProtKB	Q96520	PER12	GO:0098869		3702	PER12,P12,At1g71695,F14O23.6,F26A9.5	P
UniProtKB	Q96520	PER12	GO:0098869		3702	PER12,P12,At1g71695,F14O23.6,F26A9.5	P
UniProtKB	Q96522	PER45	GO:0004601		3702	PER45,P45,At4g30170,F9N11.20	F
UniProtKB	Q96522	PER45	GO:0004601		3702	PER45,P45,At4g30170,F9N11.20	F
UniProtKB	Q96522	PER45	GO:0098869		3702	PER45,P45,At4g30170,F9N11.20	P
UniProtKB	Q96522	PER45	GO:0098869		3702	PER45,P45,At4g30170,F9N11.20	P
UniProtKB	Q96528	CAT1	GO:0004096		3702	CAT1,At1g20630,F2D10.11,F5M15.31	F
UniProtKB	Q96528	CAT1	GO:0004096		3702	CAT1,At1g20630,F2D10.11,F5M15.31	F
UniProtKB	Q96528	CAT1	GO:0004601		3702	CAT1,At1g20630,F2D10.11,F5M15.31	F
UniProtKB	Q96528	CAT1	GO:0004096		3702	CAT1,At1g20630,F2D10.11,F5M15.31	F
UniProtKB	Q96528	CAT1	GO:0004096		3702	CAT1,At1g20630,F2D10.11,F5M15.31	F
UniProtKB	Q96528	CAT1	GO:0004096		3702	CAT1,At1g20630,F2D10.11,F5M15.31	F
UniProtKB	Q96528	CAT1	GO:0098869		3702	CAT1,At1g20630,F2D10.11,F5M15.31	P
UniProtKB	Q96528	CAT1	GO:0098869		3702	CAT1,At1g20630,F2D10.11,F5M15.31	P
UniProtKB	Q96528	CAT1	GO:0098869		3702	CAT1,At1g20630,F2D10.11,F5M15.31	P
UniProtKB	Q96528	CAT1	GO:0098869		3702	CAT1,At1g20630,F2D10.11,F5M15.31	P
UniProtKB	Q96528	CAT1	GO:0098869		3702	CAT1,At1g20630,F2D10.11,F5M15.31	P
UniProtKB	Q96528	CAT1	GO:0098869		3702	CAT1,At1g20630,F2D10.11,F5M15.31	P
UniProtKB	Q96533	ADH2	GO:0046294		3702	ADH2,ADHIII,FDH1,At5g43940,MRH10.4	P
UniProtKB	Q9C5R8	At5g06290	GO:0016209		3702	At5g06290,MHF15.19	F
UniProtKB	Q9C5R8	At5g06290	GO:0051920		3702	At5g06290,MHF15.19	F
UniProtKB	Q9C5R8	At5g06290	GO:0016209		3702	At5g06290,MHF15.19	F
UniProtKB	Q9C5R8	At5g06290	GO:0004601		3702	At5g06290,MHF15.19	F
UniProtKB	Q9C5R8	At5g06290	GO:0051920		3702	At5g06290,MHF15.19	F
UniProtKB	Q9C5R8	At5g06290	GO:0051920		3702	At5g06290,MHF15.19	F
UniProtKB	Q9C5R8	At5g06290	GO:0098869		3702	At5g06290,MHF15.19	P
UniProtKB	Q9C5R8	At5g06290	GO:0098869		3702	At5g06290,MHF15.19	P
UniProtKB	Q9C5R8	At5g06290	GO:0098869		3702	At5g06290,MHF15.19	P
UniProtKB	Q9C5R8	At5g06290	GO:0098869		3702	At5g06290,MHF15.19	P
UniProtKB	Q9C5R8	At5g06290	GO:0098869		3702	At5g06290,MHF15.19	P
UniProtKB	Q9C5R8	At5g06290	GO:0098869		3702	At5g06290,MHF15.19	P
UniProtKB	Q9C6C8	GSTF14	GO:0009407		3702	GSTF14,At1g49860,F10F5.9	P
UniProtKB	Q9C8G9	ABCC1	GO:0015446		3702	ABCC1,EST1,MRP1,At1g30400,T4K22.12	F
UniProtKB	Q9C8G9	ABCC1	GO:0044604		3702	ABCC1,EST1,MRP1,At1g30400,T4K22.12	F
UniProtKB	Q9C8G9	ABCC1	GO:0061687		3702	ABCC1,EST1,MRP1,At1g30400,T4K22.12	P
UniProtKB	Q9C8G9	ABCC1	GO:0071722		3702	ABCC1,EST1,MRP1,At1g30400,T4K22.12	P
UniProtKB	Q9C8M3	GSTU28	GO:0009407		3702	GSTU28,At1g53680,F22G10.22	P
UniProtKB	Q9C8M3	GSTU28	GO:0009407		3702	GSTU28,At1g53680,F22G10.22	P
UniProtKB	Q9C994	DTX14	GO:1990961		3702	DTX14,At1g71140,F23N20.13	P
UniProtKB	Q9C9A3	HIPP20	GO:0071585		3702	HIPP20,At1g71050,F23N20.4	P
UniProtKB	Q9C9M8	DTX9	GO:1990961		3702	DTX9,At1g66760,F4N21_11	P
UniProtKB	Q9C9U1	DTX17	GO:1990961		3702	DTX17,At1g73700,F25P22.12	P
UniProtKB	Q9C9U3	DOX2	GO:0004601		3702	DOX2,DIOX2,At1g73680,F25P22.10	F
UniProtKB	Q9C9U3	DOX2	GO:0004601		3702	DOX2,DIOX2,At1g73680,F25P22.10	F
UniProtKB	Q9C9U3	DOX2	GO:0098869		3702	DOX2,DIOX2,At1g73680,F25P22.10	P
UniProtKB	Q9C9U3	DOX2	GO:0098869		3702	DOX2,DIOX2,At1g73680,F25P22.10	P
UniProtKB	Q9CA57	GSTU10	GO:0009407		3702	GSTU10,At1g74590,F1M20.27	P
UniProtKB	Q9CA57	GSTU10	GO:0009407		3702	GSTU10,At1g74590,F1M20.27	P
UniProtKB	Q9CAS6	GSTU11	GO:0009407		3702	GSTU11,At1g69930,T17F3.4	P
UniProtKB	Q9CAS6	GSTU11	GO:0009407		3702	GSTU11,At1g69930,T17F3.4	P
UniProtKB	Q9FE25	MYB75	GO:0019430		3702	MYB75,PAP1,SIAA1,At1g56650,F25P12.92	P
UniProtKB	Q9FE46	GSTF12	GO:0009407		3702	GSTF12,GST26,TT19,At5g17220,MKP11.22	P
UniProtKB	Q9FG34	PER54	GO:0004601		3702	PER54,P54,At5g06730,MPH15.9	F
UniProtKB	Q9FG34	PER54	GO:0004601		3702	PER54,P54,At5g06730,MPH15.9	F
UniProtKB	Q9FG34	PER54	GO:0098869		3702	PER54,P54,At5g06730,MPH15.9	P
UniProtKB	Q9FG34	PER54	GO:0098869		3702	PER54,P54,At5g06730,MPH15.9	P
UniProtKB	Q9FG59	DHAR4	GO:0045174		3702	DHAR4,At5g36270,T30G6.13	F
UniProtKB	Q9FG59	DHAR4	GO:0098869		3702	DHAR4,At5g36270,T30G6.13	P
UniProtKB	Q9FG59	DHAR4	GO:0045174		3702	DHAR4,At5g36270,T30G6.13	F
UniProtKB	Q9FG59	DHAR4	GO:0045174		3702	DHAR4,At5g36270,T30G6.13	F
UniProtKB	Q9FG59	DHAR4	GO:0045174		3702	DHAR4,At5g36270,T30G6.13	F
UniProtKB	Q9FH04	At5g42250	GO:0046294		3702	At5g42250,K5J14.5	P
UniProtKB	Q9FH21	DTX55	GO:1990961		3702	DTX55,NIC3,At5g49130,K20J1.11	P
UniProtKB	Q9FHB6	DTX16	GO:1990961		3702	DTX16,At5g52450,K24M7.20	P
UniProtKB	Q9FHE1	GSTT3	GO:0009407		3702	GSTT3,GST10C,At5g41220,K1O13.1	P
UniProtKB	Q9FHX0	MJC20.26	GO:0004362		3702	MJC20.26,MJC20_26,At5g42150	F
UniProtKB	Q9FHX0	MJC20.26	GO:0098869		3702	MJC20.26,MJC20_26,At5g42150	P
UniProtKB	Q9FIJ0	RBOHD	GO:0004601		3702	RBOHD,At5g47910,MCA23.25	F
UniProtKB	Q9FIJ0	RBOHD	GO:0004601		3702	RBOHD,At5g47910,MCA23.25	F
UniProtKB	Q9FIJ0	RBOHD	GO:0098869		3702	RBOHD,At5g47910,MCA23.25	P
UniProtKB	Q9FIJ0	RBOHD	GO:0098869		3702	RBOHD,At5g47910,MCA23.25	P
UniProtKB	Q9FIR9	LSU2	GO:0098869		3702	LSU2,END6,At5g24660,MXC17.2	P
UniProtKB	Q9FJ87	DTX50	GO:1990961		3702	DTX50,ABS3L1,At5g52050,MSG15.13	P
UniProtKB	Q9FJD6	RBOHH	GO:0004601		3702	RBOHH,At5g60010,MMN10.18	F
UniProtKB	Q9FJD6	RBOHH	GO:0004601		3702	RBOHH,At5g60010,MMN10.18	F
UniProtKB	Q9FJD6	RBOHH	GO:0098869		3702	RBOHH,At5g60010,MMN10.18	P
UniProtKB	Q9FJD6	RBOHH	GO:0098869		3702	RBOHH,At5g60010,MMN10.18	P
UniProtKB	Q9FJR1	PER65	GO:0004601		3702	PER65,P65,At5g47000,MQD22.14	F
UniProtKB	Q9FJR1	PER65	GO:0004601		3702	PER65,P65,At5g47000,MQD22.14	F
UniProtKB	Q9FJR1	PER65	GO:0098869		3702	PER65,P65,At5g47000,MQD22.14	P
UniProtKB	Q9FJR1	PER65	GO:0098869		3702	PER65,P65,At5g47000,MQD22.14	P
UniProtKB	Q9FJZ9	PER72	GO:0004601		3702	PER72,P72,At5g66390,K1F13.4,K1L20.16	F
UniProtKB	Q9FJZ9	PER72	GO:0004601		3702	PER72,P72,At5g66390,K1F13.4,K1L20.16	F
UniProtKB	Q9FJZ9	PER72	GO:0098869		3702	PER72,P72,At5g66390,K1F13.4,K1L20.16	P
UniProtKB	Q9FJZ9	PER72	GO:0098869		3702	PER72,P72,At5g66390,K1F13.4,K1L20.16	P
UniProtKB	Q9FK60	CSD3	GO:0019430		3702	CSD3,At5g18100,MRG7.6	P
UniProtKB	Q9FK60	CSD3	GO:0004784		3702	CSD3,At5g18100,MRG7.6	F
UniProtKB	Q9FK60	CSD3	GO:0016209		3702	CSD3,At5g18100,MRG7.6	F
UniProtKB	Q9FK60	CSD3	GO:0004784		3702	CSD3,At5g18100,MRG7.6	F
UniProtKB	Q9FK60	CSD3	GO:0004784		3702	CSD3,At5g18100,MRG7.6	F
UniProtKB	Q9FK60	CSD3	GO:0004784		3702	CSD3,At5g18100,MRG7.6	F
UniProtKB	Q9FKA4	PER62	GO:0004601		3702	PER62,P62,At5g39580,MIJ24.50,MIJ24.7	F
UniProtKB	Q9FKA4	PER62	GO:0004601		3702	PER62,P62,At5g39580,MIJ24.50,MIJ24.7	F
UniProtKB	Q9FKA4	PER62	GO:0004601		3702	PER62,P62,At5g39580,MIJ24.50,MIJ24.7	F
UniProtKB	Q9FKA4	PER62	GO:0004601		3702	PER62,P62,At5g39580,MIJ24.50,MIJ24.7	F
UniProtKB	Q9FKA4	PER62	GO:0098869		3702	PER62,P62,At5g39580,MIJ24.50,MIJ24.7	P
UniProtKB	Q9FKA4	PER62	GO:0098869		3702	PER62,P62,At5g39580,MIJ24.50,MIJ24.7	P
UniProtKB	Q9FKA4	PER62	GO:0098869		3702	PER62,P62,At5g39580,MIJ24.50,MIJ24.7	P
UniProtKB	Q9FKA4	PER62	GO:0098869		3702	PER62,P62,At5g39580,MIJ24.50,MIJ24.7	P
UniProtKB	Q9FKQ1	DTX27	GO:1990961		3702	DTX27,At5g65380,MNA5.11	P
UniProtKB	Q9FL16	PER63	GO:0004601		3702	PER63,P63,At5g40150,MSN9.5,MSN9.50	F
UniProtKB	Q9FL16	PER63	GO:0004601		3702	PER63,P63,At5g40150,MSN9.5,MSN9.50	F
UniProtKB	Q9FL16	PER63	GO:0098869		3702	PER63,P63,At5g40150,MSN9.5,MSN9.50	P
UniProtKB	Q9FL16	PER63	GO:0098869		3702	PER63,P63,At5g40150,MSN9.5,MSN9.50	P
UniProtKB	Q9FLC0	PER52	GO:0004601		3702	PER52,P52,At5g05340,K18I23.14	F
UniProtKB	Q9FLC0	PER52	GO:0004601		3702	PER52,P52,At5g05340,K18I23.14	F
UniProtKB	Q9FLC0	PER52	GO:0098869		3702	PER52,P52,At5g05340,K18I23.14	P
UniProtKB	Q9FLC0	PER52	GO:0098869		3702	PER52,P52,At5g05340,K18I23.14	P
UniProtKB	Q9FLV5	PER61	GO:0004601		3702	PER61,P61,At5g24070,MZF18.4	F
UniProtKB	Q9FLV5	PER61	GO:0004601		3702	PER61,P61,At5g24070,MZF18.4	F
UniProtKB	Q9FLV5	PER61	GO:0004601		3702	PER61,P61,At5g24070,MZF18.4	F
UniProtKB	Q9FLV5	PER61	GO:0098869		3702	PER61,P61,At5g24070,MZF18.4	P
UniProtKB	Q9FLV5	PER61	GO:0098869		3702	PER61,P61,At5g24070,MZF18.4	P
UniProtKB	Q9FLV5	PER61	GO:0098869		3702	PER61,P61,At5g24070,MZF18.4	P
UniProtKB	Q9FMI7	PER70	GO:0004601		3702	PER70,P70,At5g64110,MHJ24.9	F
UniProtKB	Q9FMI7	PER70	GO:0004601		3702	PER70,P70,At5g64110,MHJ24.9	F
UniProtKB	Q9FMI7	PER70	GO:0004601		3702	PER70,P70,At5g64110,MHJ24.9	F
UniProtKB	Q9FMI7	PER70	GO:0098869		3702	PER70,P70,At5g64110,MHJ24.9	P
UniProtKB	Q9FMI7	PER70	GO:0098869		3702	PER70,P70,At5g64110,MHJ24.9	P
UniProtKB	Q9FMI7	PER70	GO:0098869		3702	PER70,P70,At5g64110,MHJ24.9	P
UniProtKB	Q9FMN4	At5g42850	GO:0004601		3702	At5g42850,MBD2.4	F
UniProtKB	Q9FMN4	At5g42850	GO:0098869		3702	At5g42850,MBD2.4	P
UniProtKB	Q9FMR0	PER60	GO:0004601		3702	PER60,P60,At5g22410,MWD9.21	F
UniProtKB	Q9FMR0	PER60	GO:0004601		3702	PER60,P60,At5g22410,MWD9.21	F
UniProtKB	Q9FMR0	PER60	GO:0004601		3702	PER60,P60,At5g22410,MWD9.21	F
UniProtKB	Q9FMR0	PER60	GO:0098869		3702	PER60,P60,At5g22410,MWD9.21	P
UniProtKB	Q9FMR0	PER60	GO:0098869		3702	PER60,P60,At5g22410,MWD9.21	P
UniProtKB	Q9FMR0	PER60	GO:0098869		3702	PER60,P60,At5g22410,MWD9.21	P
UniProtKB	Q9FMT9	MUA22.11	GO:0004601		3702	MUA22.11,MUA22_11,At5g14110	F
UniProtKB	Q9FMT9	MUA22.11	GO:0098869		3702	MUA22.11,MUA22_11,At5g14110	P
UniProtKB	Q9FMX0	FSD3	GO:0004784		3702	FSD3,At5g23310,MKD15.17	F
UniProtKB	Q9FMX0	FSD3	GO:0004784		3702	FSD3,At5g23310,MKD15.17	F
UniProtKB	Q9FMX0	FSD3	GO:0004784		3702	FSD3,At5g23310,MKD15.17	F
UniProtKB	Q9FMX0	FSD3	GO:0004784		3702	FSD3,At5g23310,MKD15.17	F
UniProtKB	Q9FMX0	FSD3	GO:0004784		3702	FSD3,At5g23310,MKD15.17	F
UniProtKB	Q9FMX0	FSD3	GO:0019430		3702	FSD3,At5g23310,MKD15.17	P
UniProtKB	Q9FMX0	FSD3	GO:0019430		3702	FSD3,At5g23310,MKD15.17	P
UniProtKB	Q9FMX0	FSD3	GO:0019430		3702	FSD3,At5g23310,MKD15.17	P
UniProtKB	Q9FMX0	FSD3	GO:0019430		3702	FSD3,At5g23310,MKD15.17	P
UniProtKB	Q9FMX0	FSD3	GO:0019430		3702	FSD3,At5g23310,MKD15.17	P
UniProtKB	Q9FNC1	DTX28	GO:1990961		3702	DTX28,At5g44050,MRH10.16	P
UniProtKB	Q9FNE2	GRXC2	GO:0004362		3702	GRXC2,GRX370,At5g40370,MPO12.80	F
UniProtKB	Q9FNE2	GRXC2	GO:0098869		3702	GRXC2,GRX370,At5g40370,MPO12.80	P
UniProtKB	Q9FPU3	Q9FPU3	GO:0045174		3702		F
UniProtKB	Q9FPU3	Q9FPU3	GO:0098869		3702		P
UniProtKB	Q9FRL8	DHAR2	GO:0045174		3702	DHAR2,DHAR,At1g75270,F22H5.1	F
UniProtKB	Q9FRL8	DHAR2	GO:0098869		3702	DHAR2,DHAR,At1g75270,F22H5.1	P
UniProtKB	Q9FRL8	DHAR2	GO:0045174		3702	DHAR2,DHAR,At1g75270,F22H5.1	F
UniProtKB	Q9FRL8	DHAR2	GO:0045174		3702	DHAR2,DHAR,At1g75270,F22H5.1	F
UniProtKB	Q9FRL8	DHAR2	GO:0045174		3702	DHAR2,DHAR,At1g75270,F22H5.1	F
UniProtKB	Q9FRL8	DHAR2	GO:0045174		3702	DHAR2,DHAR,At1g75270,F22H5.1	F
UniProtKB	Q9FRL8	DHAR2	GO:0045174		3702	DHAR2,DHAR,At1g75270,F22H5.1	F
UniProtKB	Q9FUS6	GSTU13	GO:0009407		3702	GSTU13,GST12,At1g27130,T7N9.190	P
UniProtKB	Q9FUS6	GSTU13	GO:0009407		3702	GSTU13,GST12,At1g27130,T7N9.190	P
UniProtKB	Q9FUS7	GST30b	GO:0009407		3702	GST30b	P
UniProtKB	Q9FUS8	GSTU17	GO:0009407		3702	GSTU17,ERD9,GST30,GST30B,At1g10370,F14N23.26	P
UniProtKB	Q9FUS8	GSTU17	GO:0009407		3702	GSTU17,ERD9,GST30,GST30B,At1g10370,F14N23.26	P
UniProtKB	Q9FUS9	GSTU18	GO:0009407		3702	GSTU18,GST29,At1g10360,F14N23.24	P
UniProtKB	Q9FUS9	GSTU18	GO:0009407		3702	GSTU18,GST29,At1g10360,F14N23.24	P
UniProtKB	Q9FUT0	GSTU9	GO:0009407		3702	GSTU9,GST14,GST14B,At5g62480,K19B1.9	P
UniProtKB	Q9FUT0	GSTU9	GO:0009407		3702	GSTU9,GST14,GST14B,At5g62480,K19B1.9	P
UniProtKB	Q9FUT1	GSTU14	GO:0009407		3702	GSTU14,GST13,At1g27140,T7N9.20	P
UniProtKB	Q9FUT1	GSTU14	GO:0009407		3702	GSTU14,GST13,At1g27140,T7N9.20	P
UniProtKB	Q9FWR4	DHAR1	GO:0045174		3702	DHAR1,DHAR5,At1g19570,F14P1.9,F18O14.22	F
UniProtKB	Q9FWR4	DHAR1	GO:0098869		3702	DHAR1,DHAR5,At1g19570,F14P1.9,F18O14.22	P
UniProtKB	Q9FWR4	DHAR1	GO:0045174		3702	DHAR1,DHAR5,At1g19570,F14P1.9,F18O14.22	F
UniProtKB	Q9FWR4	DHAR1	GO:0045174		3702	DHAR1,DHAR5,At1g19570,F14P1.9,F18O14.22	F
UniProtKB	Q9FWR4	DHAR1	GO:0045174		3702	DHAR1,DHAR5,At1g19570,F14P1.9,F18O14.22	F
UniProtKB	Q9FWR4	DHAR1	GO:0045174		3702	DHAR1,DHAR5,At1g19570,F14P1.9,F18O14.22	F
UniProtKB	Q9FWR4	DHAR1	GO:0045174		3702	DHAR1,DHAR5,At1g19570,F14P1.9,F18O14.22	F
UniProtKB	Q9FX85	PER10	GO:0004601		3702	PER10,P10,At1g49570,F14J22.19	F
UniProtKB	Q9FX85	PER10	GO:0004601		3702	PER10,P10,At1g49570,F14J22.19	F
UniProtKB	Q9FX85	PER10	GO:0098869		3702	PER10,P10,At1g49570,F14J22.19	P
UniProtKB	Q9FX85	PER10	GO:0098869		3702	PER10,P10,At1g49570,F14J22.19	P
UniProtKB	Q9FXC5	At1g67600	GO:0004601		3702	At1g67600,F12A21.27,F12A21_27	F
UniProtKB	Q9FXC5	At1g67600	GO:0098869		3702	At1g67600,F12A21.27,F12A21_27	P
UniProtKB	Q9FYM6	At1g24350	GO:0004601		3702	At1g24350,F3I6.29,F3I6_29	F
UniProtKB	Q9FYM6	At1g24350	GO:0098869		3702	At1g24350,F3I6.29,F3I6_29	P
UniProtKB	Q9LD47	CCS	GO:0019430		3702	CCS,At1g12520,F5O11.26,T12C24.6	P
UniProtKB	Q9LD47	CCS	GO:0004784		3702	CCS,At1g12520,F5O11.26,T12C24.6	F
UniProtKB	Q9LDA4	PER38	GO:0004601		3702	PER38,P38,At4g08780,T32A17.90	F
UniProtKB	Q9LDA4	PER38	GO:0004601		3702	PER38,P38,At4g08780,T32A17.90	F
UniProtKB	Q9LDA4	PER38	GO:0098869		3702	PER38,P38,At4g08780,T32A17.90	P
UniProtKB	Q9LDA4	PER38	GO:0098869		3702	PER38,P38,At4g08780,T32A17.90	P
UniProtKB	Q9LDN9	PER37	GO:0004601		3702	PER37,P37,At4g08770,T32A17.80	F
UniProtKB	Q9LDN9	PER37	GO:0004601		3702	PER37,P37,At4g08770,T32A17.80	F
UniProtKB	Q9LDN9	PER37	GO:0098869		3702	PER37,P37,At4g08770,T32A17.80	P
UniProtKB	Q9LDN9	PER37	GO:0098869		3702	PER37,P37,At4g08770,T32A17.80	P
UniProtKB	Q9LE15	PER4	GO:0004601		3702	PER4,P4,At1g14540,F14L17.32,T5E21.4	F
UniProtKB	Q9LE15	PER4	GO:0004601		3702	PER4,P4,At1g14540,F14L17.32,T5E21.4	F
UniProtKB	Q9LE15	PER4	GO:0004601		3702	PER4,P4,At1g14540,F14L17.32,T5E21.4	F
UniProtKB	Q9LE15	PER4	GO:0098869		3702	PER4,P4,At1g14540,F14L17.32,T5E21.4	P
UniProtKB	Q9LE15	PER4	GO:0098869		3702	PER4,P4,At1g14540,F14L17.32,T5E21.4	P
UniProtKB	Q9LE15	PER4	GO:0098869		3702	PER4,P4,At1g14540,F14L17.32,T5E21.4	P
UniProtKB	Q9LE20	DTX54	GO:1990961		3702	DTX54,NIC2,At1g71870,F14O23.25,F17M19.2	P
UniProtKB	Q9LF57	HIPP21	GO:0071585		3702	HIPP21,At5g17450,K3M16_20	P
UniProtKB	Q9LFH0	ABCG37	GO:1990748		3702	ABCG37,ETA4,PDR12,PDR9,PIS1,At3g53480,F4P12.180	P
UniProtKB	Q9LFH0	ABCG37	GO:1990748		3702	ABCG37,ETA4,PDR12,PDR9,PIS1,At3g53480,F4P12.180	P
UniProtKB	Q9LHA7	PER31	GO:0004601		3702	PER31,P31,At3g28200,T19D11.1,T19D11.4	F
UniProtKB	Q9LHA7	PER31	GO:0004601		3702	PER31,P31,At3g28200,T19D11.1,T19D11.4	F
UniProtKB	Q9LHA7	PER31	GO:0098869		3702	PER31,P31,At3g28200,T19D11.1,T19D11.4	P
UniProtKB	Q9LHA7	PER31	GO:0098869		3702	PER31,P31,At3g28200,T19D11.1,T19D11.4	P
UniProtKB	Q9LHB9	PER32	GO:0004601		3702	PER32,P32,At3g32980,T15D2.7,T15D2.9	F
UniProtKB	Q9LHB9	PER32	GO:0004601		3702	PER32,P32,At3g32980,T15D2.7,T15D2.9	F
UniProtKB	Q9LHB9	PER32	GO:0098869		3702	PER32,P32,At3g32980,T15D2.7,T15D2.9	P
UniProtKB	Q9LHB9	PER32	GO:0098869		3702	PER32,P32,At3g32980,T15D2.7,T15D2.9	P
UniProtKB	Q9LN39	At1g19550	GO:0045174		3702	At1g19550,F18O14.31,F18O14_31	F
UniProtKB	Q9LN39	At1g19550	GO:0098869		3702	At1g19550,F18O14.31,F18O14_31	P
UniProtKB	Q9LN39	At1g19550	GO:0045174		3702	At1g19550,F18O14.31,F18O14_31	F
UniProtKB	Q9LN39	At1g19550	GO:0045174		3702	At1g19550,F18O14.31,F18O14_31	F
UniProtKB	Q9LNL0	PER8	GO:0004601		3702	PER8,P8,At1g34510,F12K21.18	F
UniProtKB	Q9LNL0	PER8	GO:0004601		3702	PER8,P8,At1g34510,F12K21.18	F
UniProtKB	Q9LNL0	PER8	GO:0004601		3702	PER8,P8,At1g34510,F12K21.18	F
UniProtKB	Q9LNL0	PER8	GO:0098869		3702	PER8,P8,At1g34510,F12K21.18	P
UniProtKB	Q9LNL0	PER8	GO:0098869		3702	PER8,P8,At1g34510,F12K21.18	P
UniProtKB	Q9LNL0	PER8	GO:0098869		3702	PER8,P8,At1g34510,F12K21.18	P
UniProtKB	Q9LPL8	At1g21350	GO:0016209		3702	At1g21350,F24J8.1,F24J8_1	F
UniProtKB	Q9LPL8	At1g21350	GO:0051920		3702	At1g21350,F24J8.1,F24J8_1	F
UniProtKB	Q9LPL8	At1g21350	GO:0098869		3702	At1g21350,F24J8.1,F24J8_1	P
UniProtKB	Q9LPL8	At1g21350	GO:0098869		3702	At1g21350,F24J8.1,F24J8_1	P
UniProtKB	Q9LPV4	DTX31	GO:1990961		3702	DTX31,RHS2,At1g12950,F13K23.21	P
UniProtKB	Q9LQ48	GSTU15	GO:0009407		3702	GSTU15,At1g59670,T30E16.25	P
UniProtKB	Q9LQ48	GSTU15	GO:0009407		3702	GSTU15,At1g59670,T30E16.25	P
UniProtKB	Q9LS19	DTX30	GO:1990961		3702	DTX30,At5g38030,F16F17.3	P
UniProtKB	Q9LSP0	PER29	GO:0004601		3702	PER29,P29,At3g17070,K14A17.14,K14A17.3	F
UniProtKB	Q9LSP0	PER29	GO:0004601		3702	PER29,P29,At3g17070,K14A17.14,K14A17.3	F
UniProtKB	Q9LSP0	PER29	GO:0004601		3702	PER29,P29,At3g17070,K14A17.14,K14A17.3	F
UniProtKB	Q9LSP0	PER29	GO:0098869		3702	PER29,P29,At3g17070,K14A17.14,K14A17.3	P
UniProtKB	Q9LSP0	PER29	GO:0098869		3702	PER29,P29,At3g17070,K14A17.14,K14A17.3	P
UniProtKB	Q9LSP0	PER29	GO:0098869		3702	PER29,P29,At3g17070,K14A17.14,K14A17.3	P
UniProtKB	Q9LSY7	PER30	GO:0004601		3702	PER30,P30,At3g21770,MSD21.10,MSD21.8	F
UniProtKB	Q9LSY7	PER30	GO:0004601		3702	PER30,P30,At3g21770,MSD21.10,MSD21.8	F
UniProtKB	Q9LSY7	PER30	GO:0004601		3702	PER30,P30,At3g21770,MSD21.10,MSD21.8	F
UniProtKB	Q9LSY7	PER30	GO:0098869		3702	PER30,P30,At3g21770,MSD21.10,MSD21.8	P
UniProtKB	Q9LSY7	PER30	GO:0098869		3702	PER30,P30,At3g21770,MSD21.10,MSD21.8	P
UniProtKB	Q9LSY7	PER30	GO:0098869		3702	PER30,P30,At3g21770,MSD21.10,MSD21.8	P
UniProtKB	Q9LT91	PER66	GO:0004601		3702	PER66,P66,At5g51890,MJM18.4	F
UniProtKB	Q9LT91	PER66	GO:0004601		3702	PER66,P66,At5g51890,MJM18.4	F
UniProtKB	Q9LT91	PER66	GO:0004601		3702	PER66,P66,At5g51890,MJM18.4	F
UniProtKB	Q9LT91	PER66	GO:0004601		3702	PER66,P66,At5g51890,MJM18.4	F
UniProtKB	Q9LT91	PER66	GO:0098869		3702	PER66,P66,At5g51890,MJM18.4	P
UniProtKB	Q9LT91	PER66	GO:0098869		3702	PER66,P66,At5g51890,MJM18.4	P
UniProtKB	Q9LT91	PER66	GO:0098869		3702	PER66,P66,At5g51890,MJM18.4	P
UniProtKB	Q9LT91	PER66	GO:0098869		3702	PER66,P66,At5g51890,MJM18.4	P
UniProtKB	Q9LU64	FSD2	GO:0004784		3702	FSD2,APG8,At5g51100,MWD22.4	F
UniProtKB	Q9LU64	FSD2	GO:0004784		3702	FSD2,APG8,At5g51100,MWD22.4	F
UniProtKB	Q9LU64	FSD2	GO:0004784		3702	FSD2,APG8,At5g51100,MWD22.4	F
UniProtKB	Q9LU64	FSD2	GO:0004784		3702	FSD2,APG8,At5g51100,MWD22.4	F
UniProtKB	Q9LU64	FSD2	GO:0004784		3702	FSD2,APG8,At5g51100,MWD22.4	F
UniProtKB	Q9LU64	FSD2	GO:0019430		3702	FSD2,APG8,At5g51100,MWD22.4	P
UniProtKB	Q9LU64	FSD2	GO:0019430		3702	FSD2,APG8,At5g51100,MWD22.4	P
UniProtKB	Q9LU64	FSD2	GO:0019430		3702	FSD2,APG8,At5g51100,MWD22.4	P
UniProtKB	Q9LU64	FSD2	GO:0019430		3702	FSD2,APG8,At5g51100,MWD22.4	P
UniProtKB	Q9LU64	FSD2	GO:0019430		3702	FSD2,APG8,At5g51100,MWD22.4	P
UniProtKB	Q9LU86	PRXQ	GO:0008379		3702	PRXQ,At3g26060,MPE11_21	F
UniProtKB	Q9LU86	PRXQ	GO:0016209		3702	PRXQ,At3g26060,MPE11_21	F
UniProtKB	Q9LU86	PRXQ	GO:0016209		3702	PRXQ,At3g26060,MPE11_21	F
UniProtKB	Q9LU86	PRXQ	GO:0004601		3702	PRXQ,At3g26060,MPE11_21	F
UniProtKB	Q9LU86	PRXQ	GO:0051920		3702	PRXQ,At3g26060,MPE11_21	F
UniProtKB	Q9LU86	PRXQ	GO:0098869		3702	PRXQ,At3g26060,MPE11_21	P
UniProtKB	Q9LU86	PRXQ	GO:0098869		3702	PRXQ,At3g26060,MPE11_21	P
UniProtKB	Q9LU86	PRXQ	GO:0098869		3702	PRXQ,At3g26060,MPE11_21	P
UniProtKB	Q9LU86	PRXQ	GO:0098869		3702	PRXQ,At3g26060,MPE11_21	P
UniProtKB	Q9LU86	PRXQ	GO:0098869		3702	PRXQ,At3g26060,MPE11_21	P
UniProtKB	Q9LUH2	DTX19	GO:1990961		3702	DTX19,ALF5,At3g23560,MDB19.4	P
UniProtKB	Q9LUH3	DTX18	GO:1990961		3702	DTX18,LAL5,At3g23550,MDB19.3	P
UniProtKB	Q9LVD9	DTX40	GO:1990961		3702	DTX40,At3g21690,MIL23.25	P
UniProtKB	Q9LVL1	PER68	GO:0004601		3702	PER68,P68,At5g58400,MCK7.27	F
UniProtKB	Q9LVL1	PER68	GO:0004601		3702	PER68,P68,At5g58400,MCK7.27	F
UniProtKB	Q9LVL1	PER68	GO:0098869		3702	PER68,P68,At5g58400,MCK7.27	P
UniProtKB	Q9LVL1	PER68	GO:0098869		3702	PER68,P68,At5g58400,MCK7.27	P
UniProtKB	Q9LVL2	PER67	GO:0004601		3702	PER67,P67,At5g58390,MCK7.26	F
UniProtKB	Q9LVL2	PER67	GO:0004601		3702	PER67,P67,At5g58390,MCK7.26	F
UniProtKB	Q9LVL2	PER67	GO:0098869		3702	PER67,P67,At5g58390,MCK7.26	P
UniProtKB	Q9LVL2	PER67	GO:0098869		3702	PER67,P67,At5g58390,MCK7.26	P
UniProtKB	Q9LXG3	PER56	GO:0004601		3702	PER56,P56,At5g15180,F8M21_70	F
UniProtKB	Q9LXG3	PER56	GO:0004601		3702	PER56,P56,At5g15180,F8M21_70	F
UniProtKB	Q9LXG3	PER56	GO:0004601		3702	PER56,P56,At5g15180,F8M21_70	F
UniProtKB	Q9LXG3	PER56	GO:0098869		3702	PER56,P56,At5g15180,F8M21_70	P
UniProtKB	Q9LXG3	PER56	GO:0098869		3702	PER56,P56,At5g15180,F8M21_70	P
UniProtKB	Q9LXG3	PER56	GO:0098869		3702	PER56,P56,At5g15180,F8M21_70	P
UniProtKB	Q9LYB4	GPX5	GO:0004601		3702	GPX5,At3g63080,T20O10_180	F
UniProtKB	Q9LYB4	GPX5	GO:0004602		3702	GPX5,At3g63080,T20O10_180	F
UniProtKB	Q9LYB4	GPX5	GO:0004601		3702	GPX5,At3g63080,T20O10_180	F
UniProtKB	Q9LYB4	GPX5	GO:0004602		3702	GPX5,At3g63080,T20O10_180	F
UniProtKB	Q9LYB4	GPX5	GO:0004602		3702	GPX5,At3g63080,T20O10_180	F
UniProtKB	Q9LYB4	GPX5	GO:0098869		3702	GPX5,At3g63080,T20O10_180	P
UniProtKB	Q9LYB4	GPX5	GO:0098869		3702	GPX5,At3g63080,T20O10_180	P
UniProtKB	Q9LYB4	GPX5	GO:0098869		3702	GPX5,At3g63080,T20O10_180	P
UniProtKB	Q9LYB4	GPX5	GO:0098869		3702	GPX5,At3g63080,T20O10_180	P
UniProtKB	Q9LYB4	GPX5	GO:0098869		3702	GPX5,At3g63080,T20O10_180	P
UniProtKB	Q9LYK8	MSD2	GO:0004784		3702	MSD2,At3g56350,F18O21_310	F
UniProtKB	Q9LYK8	MSD2	GO:0004784		3702	MSD2,At3g56350,F18O21_310	F
UniProtKB	Q9LYK8	MSD2	GO:0004784		3702	MSD2,At3g56350,F18O21_310	F
UniProtKB	Q9LYK8	MSD2	GO:0004784		3702	MSD2,At3g56350,F18O21_310	F
UniProtKB	Q9LYK8	MSD2	GO:0019430		3702	MSD2,At3g56350,F18O21_310	P
UniProtKB	Q9LYK8	MSD2	GO:0019430		3702	MSD2,At3g56350,F18O21_310	P
UniProtKB	Q9LYK8	MSD2	GO:0019430		3702	MSD2,At3g56350,F18O21_310	P
UniProtKB	Q9LYK8	MSD2	GO:0019430		3702	MSD2,At3g56350,F18O21_310	P
UniProtKB	Q9LYT3	DTX41	GO:1990961		3702	DTX41,TDS3,TT12,At3g59030,F17J16_80	P
UniProtKB	Q9LZG7	GSTU27	GO:0009407		3702	GSTU27,At3g43800,T28A8.90	P
UniProtKB	Q9LZG7	GSTU27	GO:0009407		3702	GSTU27,At3g43800,T28A8.90	P
UniProtKB	Q9LZI9	GSTF13	GO:0009407		3702	GSTF13,At3g62760,F26K9.190	P
UniProtKB	Q9LZU9	RBOHJ	GO:0004601		3702	RBOHJ,At3g45810,F16L2.20	F
UniProtKB	Q9LZU9	RBOHJ	GO:0004601		3702	RBOHJ,At3g45810,F16L2.20	F
UniProtKB	Q9LZU9	RBOHJ	GO:0098869		3702	RBOHJ,At3g45810,F16L2.20	P
UniProtKB	Q9LZU9	RBOHJ	GO:0098869		3702	RBOHJ,At3g45810,F16L2.20	P
UniProtKB	Q9M7T0	PRXIIF	GO:0008379		3702	PRXIIF,At3g06050,F24F17.3	F
UniProtKB	Q9M7T0	PRXIIF	GO:0016209		3702	PRXIIF,At3g06050,F24F17.3	F
UniProtKB	Q9M7T0	PRXIIF	GO:0004601		3702	PRXIIF,At3g06050,F24F17.3	F
UniProtKB	Q9M7T0	PRXIIF	GO:0004601		3702	PRXIIF,At3g06050,F24F17.3	F
UniProtKB	Q9M7T0	PRXIIF	GO:0098869		3702	PRXIIF,At3g06050,F24F17.3	P
UniProtKB	Q9M7T0	PRXIIF	GO:0098869		3702	PRXIIF,At3g06050,F24F17.3	P
UniProtKB	Q9M7T0	PRXIIF	GO:0098869		3702	PRXIIF,At3g06050,F24F17.3	P
UniProtKB	Q9M7T0	PRXIIF	GO:0098869		3702	PRXIIF,At3g06050,F24F17.3	P
UniProtKB	Q9M9F1	GSTU23	GO:0009407		3702	GSTU23,At1g78320,F3F9.14	P
UniProtKB	Q9M9F1	GSTU23	GO:0009407		3702	GSTU23,At1g78320,F3F9.14	P
UniProtKB	Q9M9Q9	PER5	GO:0004601		3702	PER5,P5,At1g14550,F14L17.33,T5E21.5	F
UniProtKB	Q9M9Q9	PER5	GO:0004601		3702	PER5,P5,At1g14550,F14L17.33,T5E21.5	F
UniProtKB	Q9M9Q9	PER5	GO:0098869		3702	PER5,P5,At1g14550,F14L17.33,T5E21.5	P
UniProtKB	Q9M9Q9	PER5	GO:0098869		3702	PER5,P5,At1g14550,F14L17.33,T5E21.5	P
UniProtKB	Q9S721	F28J7.28	GO:0004601		3702	F28J7.28,At3g01950,At3g01950/F1C9_27,F1C9.27	F
UniProtKB	Q9S721	F28J7.28	GO:0098869		3702	F28J7.28,At3g01950,At3g01950/F1C9_27,F1C9.27	P
UniProtKB	Q9S757	CYSC1	GO:0051410		3702	CYSC1,OAS5,At3g61440,F2A19.40	P
UniProtKB	Q9S795	ALDH10A8	GO:0110095		3702	ALDH10A8,At1g74920,F25A4.11,F9E10.23	P
UniProtKB	Q9S7Z3	PCS1	GO:0098849		3702	PCS1,ARA8,CAD1,At5g44070,MRH10.11,MRH10_18	P
UniProtKB	Q9S7Z3	PCS1	GO:0010273		3702	PCS1,ARA8,CAD1,At5g44070,MRH10.11,MRH10_18	P
UniProtKB	Q9S7Z3	PCS1	GO:0015446		3702	PCS1,ARA8,CAD1,At5g44070,MRH10.11,MRH10_18	F
UniProtKB	Q9S7Z3	PCS1	GO:0044604		3702	PCS1,ARA8,CAD1,At5g44070,MRH10.11,MRH10_18	F
UniProtKB	Q9S7Z3	PCS1	GO:0071722		3702	PCS1,ARA8,CAD1,At5g44070,MRH10.11,MRH10_18	P
UniProtKB	Q9SAB0	DTX36	GO:1990961		3702	DTX36,At1g11670,F25C20.18	P
UniProtKB	Q9SB81	PER42	GO:0004601		3702	PER42,P42,At4g21960,F1N20.3,T8O5.170	F
UniProtKB	Q9SB81	PER42	GO:0004601		3702	PER42,P42,At4g21960,F1N20.3,T8O5.170	F
UniProtKB	Q9SB81	PER42	GO:0004601		3702	PER42,P42,At4g21960,F1N20.3,T8O5.170	F
UniProtKB	Q9SB81	PER42	GO:0098869		3702	PER42,P42,At4g21960,F1N20.3,T8O5.170	P
UniProtKB	Q9SB81	PER42	GO:0098869		3702	PER42,P42,At4g21960,F1N20.3,T8O5.170	P
UniProtKB	Q9SB81	PER42	GO:0098869		3702	PER42,P42,At4g21960,F1N20.3,T8O5.170	P
UniProtKB	Q9SBI0	RBOHB	GO:0004601		3702	RBOHB,At1g09090,F7G19.3,F7G19.4	F
UniProtKB	Q9SBI0	RBOHB	GO:0004601		3702	RBOHB,At1g09090,F7G19.3,F7G19.4	F
UniProtKB	Q9SBI0	RBOHB	GO:0098869		3702	RBOHB,At1g09090,F7G19.3,F7G19.4	P
UniProtKB	Q9SBI0	RBOHB	GO:0098869		3702	RBOHB,At1g09090,F7G19.3,F7G19.4	P
UniProtKB	Q9SCK1	LSU1	GO:0098869		3702	LSU1,At3g49580,T9C5.170	P
UniProtKB	Q9SCK2	LSU3	GO:0098869		3702	LSU3,At3g49570,T9C5.160	P
UniProtKB	Q9SD46	PER36	GO:0004601		3702	PER36,P36,At3g50990,F24M12.30	F
UniProtKB	Q9SD46	PER36	GO:0004601		3702	PER36,P36,At3g50990,F24M12.30	F
UniProtKB	Q9SD46	PER36	GO:0004601		3702	PER36,P36,At3g50990,F24M12.30	F
UniProtKB	Q9SD46	PER36	GO:0098869		3702	PER36,P36,At3g50990,F24M12.30	P
UniProtKB	Q9SD46	PER36	GO:0098869		3702	PER36,P36,At3g50990,F24M12.30	P
UniProtKB	Q9SD46	PER36	GO:0098869		3702	PER36,P36,At3g50990,F24M12.30	P
UniProtKB	Q9SG94	MAN3	GO:0071585		3702	MAN3,At3g10890,T7M13.3	P
UniProtKB	Q9SGH6	DOX1	GO:0004601		3702	DOX1,DIOX1,PADOX-1,PIOX,At3g01420,T13O15.6	F
UniProtKB	Q9SGH6	DOX1	GO:0004601		3702	DOX1,DIOX1,PADOX-1,PIOX,At3g01420,T13O15.6	F
UniProtKB	Q9SGH6	DOX1	GO:0098869		3702	DOX1,DIOX1,PADOX-1,PIOX,At3g01420,T13O15.6	P
UniProtKB	Q9SGH6	DOX1	GO:0098869		3702	DOX1,DIOX1,PADOX-1,PIOX,At3g01420,T13O15.6	P
UniProtKB	Q9SH30	HMA5	GO:0010273		3702	HMA5,At1g63440,F2K11.18	P
UniProtKB	Q9SHH6	GSTU24	GO:0009407		3702	GSTU24,At1g17170,F20D23.13	P
UniProtKB	Q9SHH6	GSTU24	GO:0009407		3702	GSTU24,At1g17170,F20D23.13	P
UniProtKB	Q9SHH7	GSTU25	GO:0009407		3702	GSTU25,At1g17180,F20D23.12A	P
UniProtKB	Q9SHH7	GSTU25	GO:0009407		3702	GSTU25,At1g17180,F20D23.12A	P
UniProtKB	Q9SHH8	GSTU26	GO:0009407		3702	GSTU26,At1g17190,F20D23.11	P
UniProtKB	Q9SHH8	GSTU26	GO:0009407		3702	GSTU26,At1g17190,F20D23.11	P
UniProtKB	Q9SI16	PER15	GO:0004601		3702	PER15,P15,At2g18150,F8D23.7	F
UniProtKB	Q9SI16	PER15	GO:0004601		3702	PER15,P15,At2g18150,F8D23.7	F
UniProtKB	Q9SI16	PER15	GO:0098869		3702	PER15,P15,At2g18150,F8D23.7	P
UniProtKB	Q9SI16	PER15	GO:0098869		3702	PER15,P15,At2g18150,F8D23.7	P
UniProtKB	Q9SI17	PER14	GO:0004601		3702	PER14,P14,At2g18140,F8D23.8	F
UniProtKB	Q9SI17	PER14	GO:0004601		3702	PER14,P14,At2g18140,F8D23.8	F
UniProtKB	Q9SI17	PER14	GO:0098869		3702	PER14,P14,At2g18140,F8D23.8	P
UniProtKB	Q9SI17	PER14	GO:0098869		3702	PER14,P14,At2g18140,F8D23.8	P
UniProtKB	Q9SIA1	DTX5	GO:1990961		3702	DTX5,At2g04090,F3L12.8	P
UniProtKB	Q9SIA3	DTX4	GO:1990961		3702	DTX4,At2g04070,F3L12.10	P
UniProtKB	Q9SIA4	DTX3	GO:1990961		3702	DTX3,At2g04050,F3L12.12	P
UniProtKB	Q9SIA5	DTX1	GO:1990961		3702	DTX1,TX1,At2g04040,F3L12.13	P
UniProtKB	Q9SJZ2	PER17	GO:0004601		3702	PER17,P17,At2g22420,F14M13.18	F
UniProtKB	Q9SJZ2	PER17	GO:0004601		3702	PER17,P17,At2g22420,F14M13.18	F
UniProtKB	Q9SJZ2	PER17	GO:0004601		3702	PER17,P17,At2g22420,F14M13.18	F
UniProtKB	Q9SJZ2	PER17	GO:0098869		3702	PER17,P17,At2g22420,F14M13.18	P
UniProtKB	Q9SJZ2	PER17	GO:0098869		3702	PER17,P17,At2g22420,F14M13.18	P
UniProtKB	Q9SJZ2	PER17	GO:0098869		3702	PER17,P17,At2g22420,F14M13.18	P
UniProtKB	Q9SK52	PER18	GO:0004601		3702	PER18,P18,At2g24800,F27C12.28	F
UniProtKB	Q9SK52	PER18	GO:0004601		3702	PER18,P18,At2g24800,F27C12.28	F
UniProtKB	Q9SK52	PER18	GO:0004601		3702	PER18,P18,At2g24800,F27C12.28	F
UniProtKB	Q9SK52	PER18	GO:0098869		3702	PER18,P18,At2g24800,F27C12.28	P
UniProtKB	Q9SK52	PER18	GO:0098869		3702	PER18,P18,At2g24800,F27C12.28	P
UniProtKB	Q9SK52	PER18	GO:0098869		3702	PER18,P18,At2g24800,F27C12.28	P
UniProtKB	Q9SK86	At1g22430	GO:0046294		3702	At1g22430,F12K8.22	P
UniProtKB	Q9SK87	At1g22440	GO:0046294		3702	At1g22440,F12K8.21	P
UniProtKB	Q9SLH7	PER20	GO:0004601		3702	PER20,P20,At2g35380,T32F12.24	F
UniProtKB	Q9SLH7	PER20	GO:0004601		3702	PER20,P20,At2g35380,T32F12.24	F
UniProtKB	Q9SLH7	PER20	GO:0098869		3702	PER20,P20,At2g35380,T32F12.24	P
UniProtKB	Q9SLH7	PER20	GO:0098869		3702	PER20,P20,At2g35380,T32F12.24	P
UniProtKB	Q9SLM6	GSTF3	GO:0009407		3702	GSTF3,GST16,At2g02930,T17M13.10	P
UniProtKB	Q9SLV0	DTX48	GO:1990961		3702	DTX48,ABS4,BCD1,ZF14,ZRZ,At1g58340,F19C14.5	P
UniProtKB	Q9SMU8	PER34	GO:0004601		3702	PER34,P34,PRXCB,At3g49120,F2K15.3,T2J13.40	F
UniProtKB	Q9SMU8	PER34	GO:0004601		3702	PER34,P34,PRXCB,At3g49120,F2K15.3,T2J13.40	F
UniProtKB	Q9SMU8	PER34	GO:0004601		3702	PER34,P34,PRXCB,At3g49120,F2K15.3,T2J13.40	F
UniProtKB	Q9SMU8	PER34	GO:0098869		3702	PER34,P34,PRXCB,At3g49120,F2K15.3,T2J13.40	P
UniProtKB	Q9SMU8	PER34	GO:0098869		3702	PER34,P34,PRXCB,At3g49120,F2K15.3,T2J13.40	P
UniProtKB	Q9SMU8	PER34	GO:0098869		3702	PER34,P34,PRXCB,At3g49120,F2K15.3,T2J13.40	P
UniProtKB	Q9SR36	GSTU8	GO:0009407		3702	GSTU8,At3g09270,F3L24.14	P
UniProtKB	Q9SR36	GSTU8	GO:0009407		3702	GSTU8,At3g09270,F3L24.14	P
UniProtKB	Q9SRY5	GSTF7	GO:0009407		3702	GSTF7,GST11,GSTF8,At1g02920,F22D16.8	P
UniProtKB	Q9SRY6	GSTF5	GO:0009407		3702	GSTF5,At1g02940,F22D16.6	P
UniProtKB	Q9SRZ4	PRXIIC	GO:0008379		3702	PRXIIC,TPX2,At1g65970,F12P19.13	F
UniProtKB	Q9SRZ4	PRXIIC	GO:0016209		3702	PRXIIC,TPX2,At1g65970,F12P19.13	F
UniProtKB	Q9SRZ4	PRXIIC	GO:0004601		3702	PRXIIC,TPX2,At1g65970,F12P19.13	F
UniProtKB	Q9SRZ4	PRXIIC	GO:0008379		3702	PRXIIC,TPX2,At1g65970,F12P19.13	F
UniProtKB	Q9SRZ4	PRXIIC	GO:0098869		3702	PRXIIC,TPX2,At1g65970,F12P19.13	P
UniProtKB	Q9SRZ4	PRXIIC	GO:0098869		3702	PRXIIC,TPX2,At1g65970,F12P19.13	P
UniProtKB	Q9SRZ4	PRXIIC	GO:0098869		3702	PRXIIC,TPX2,At1g65970,F12P19.13	P
UniProtKB	Q9SRZ4	PRXIIC	GO:0098869		3702	PRXIIC,TPX2,At1g65970,F12P19.13	P
UniProtKB	Q9SS67	PER28	GO:0004601		3702	PER28,P28,At3g03670,T12J13.5	F
UniProtKB	Q9SS67	PER28	GO:0004601		3702	PER28,P28,At3g03670,T12J13.5	F
UniProtKB	Q9SS67	PER28	GO:0004601		3702	PER28,P28,At3g03670,T12J13.5	F
UniProtKB	Q9SS67	PER28	GO:0098869		3702	PER28,P28,At3g03670,T12J13.5	P
UniProtKB	Q9SS67	PER28	GO:0098869		3702	PER28,P28,At3g03670,T12J13.5	P
UniProtKB	Q9SS67	PER28	GO:0098869		3702	PER28,P28,At3g03670,T12J13.5	P
UniProtKB	Q9STS1	ALDH10A9	GO:0110095		3702	ALDH10A9,At3g48170,T24C20.50	P
UniProtKB	Q9STZ2	At3g47300	GO:0004791		3702	At3g47300,T21L8.50	F
UniProtKB	Q9STZ2	At3g47300	GO:0098869		3702	At3g47300,T21L8.50	P
UniProtKB	Q9SUT2	PER39	GO:0004601		3702	PER39,P39,At4g11290,F8L21.80	F
UniProtKB	Q9SUT2	PER39	GO:0004601		3702	PER39,P39,At4g11290,F8L21.80	F
UniProtKB	Q9SUT2	PER39	GO:0004601		3702	PER39,P39,At4g11290,F8L21.80	F
UniProtKB	Q9SUT2	PER39	GO:0098869		3702	PER39,P39,At4g11290,F8L21.80	P
UniProtKB	Q9SUT2	PER39	GO:0098869		3702	PER39,P39,At4g11290,F8L21.80	P
UniProtKB	Q9SUT2	PER39	GO:0098869		3702	PER39,P39,At4g11290,F8L21.80	P
UniProtKB	Q9SUT8	RBOHI	GO:0004601		3702	RBOHI,At4g11230,F8L21.20	F
UniProtKB	Q9SUT8	RBOHI	GO:0004601		3702	RBOHI,At4g11230,F8L21.20	F
UniProtKB	Q9SUT8	RBOHI	GO:0098869		3702	RBOHI,At4g11230,F8L21.20	P
UniProtKB	Q9SUT8	RBOHI	GO:0098869		3702	RBOHI,At4g11230,F8L21.20	P
UniProtKB	Q9SW17	RBOHG	GO:0004601		3702	RBOHG,At4g25090,F13M23.230	F
UniProtKB	Q9SW17	RBOHG	GO:0004601		3702	RBOHG,At4g25090,F13M23.230	F
UniProtKB	Q9SW17	RBOHG	GO:0098869		3702	RBOHG,At4g25090,F13M23.230	P
UniProtKB	Q9SW17	RBOHG	GO:0098869		3702	RBOHG,At4g25090,F13M23.230	P
UniProtKB	Q9SX83	DTX33	GO:1990961		3702	DTX33,At1g47530,F16N3.20	P
UniProtKB	Q9SY33	PER7	GO:0004601		3702	PER7,P7,At1g30870,F17F8.26,T17H7.19	F
UniProtKB	Q9SY33	PER7	GO:0004601		3702	PER7,P7,At1g30870,F17F8.26,T17H7.19	F
UniProtKB	Q9SY33	PER7	GO:0004601		3702	PER7,P7,At1g30870,F17F8.26,T17H7.19	F
UniProtKB	Q9SY33	PER7	GO:0098869		3702	PER7,P7,At1g30870,F17F8.26,T17H7.19	P
UniProtKB	Q9SY33	PER7	GO:0098869		3702	PER7,P7,At1g30870,F17F8.26,T17H7.19	P
UniProtKB	Q9SY33	PER7	GO:0098869		3702	PER7,P7,At1g30870,F17F8.26,T17H7.19	P
UniProtKB	Q9SYT0	ANN1	GO:0004601		3702	ANN1,ANNAT1,ANX23-ATH,ATOXY5,OXY5,At1g35720,F14D7.2	F
UniProtKB	Q9SYT0	ANN1	GO:0098869		3702	ANN1,ANNAT1,ANX23-ATH,ATOXY5,OXY5,At1g35720,F14D7.2	P
UniProtKB	Q9SZ54	GPX7	GO:0004601		3702	GPX7,At4g31870,F11C18.70	F
UniProtKB	Q9SZ54	GPX7	GO:0004602		3702	GPX7,At4g31870,F11C18.70	F
UniProtKB	Q9SZ54	GPX7	GO:0004601		3702	GPX7,At4g31870,F11C18.70	F
UniProtKB	Q9SZ54	GPX7	GO:0004602		3702	GPX7,At4g31870,F11C18.70	F
UniProtKB	Q9SZ54	GPX7	GO:0004602		3702	GPX7,At4g31870,F11C18.70	F
UniProtKB	Q9SZ54	GPX7	GO:0098869		3702	GPX7,At4g31870,F11C18.70	P
UniProtKB	Q9SZ54	GPX7	GO:0098869		3702	GPX7,At4g31870,F11C18.70	P
UniProtKB	Q9SZ54	GPX7	GO:0098869		3702	GPX7,At4g31870,F11C18.70	P
UniProtKB	Q9SZ54	GPX7	GO:0098869		3702	GPX7,At4g31870,F11C18.70	P
UniProtKB	Q9SZ54	GPX7	GO:0098869		3702	GPX7,At4g31870,F11C18.70	P
UniProtKB	Q9SZB9	PER47	GO:0004601		3702	PER47,P47,At4g33420,F17M5.180	F
UniProtKB	Q9SZB9	PER47	GO:0004601		3702	PER47,P47,At4g33420,F17M5.180	F
UniProtKB	Q9SZB9	PER47	GO:0004601		3702	PER47,P47,At4g33420,F17M5.180	F
UniProtKB	Q9SZB9	PER47	GO:0098869		3702	PER47,P47,At4g33420,F17M5.180	P
UniProtKB	Q9SZB9	PER47	GO:0098869		3702	PER47,P47,At4g33420,F17M5.180	P
UniProtKB	Q9SZB9	PER47	GO:0098869		3702	PER47,P47,At4g33420,F17M5.180	P
UniProtKB	Q9SZE2	DTX51	GO:1990961		3702	DTX51,ABS3,ADP1,ADS1,NIC4,At4g29140,F19B15.170	P
UniProtKB	Q9SZE7	PER51	GO:0004601		3702	PER51,P51,At4g37530,F19F18.20,F6G17.2	F
UniProtKB	Q9SZE7	PER51	GO:0004601		3702	PER51,P51,At4g37530,F19F18.20,F6G17.2	F
UniProtKB	Q9SZE7	PER51	GO:0098869		3702	PER51,P51,At4g37530,F19F18.20,F6G17.2	P
UniProtKB	Q9SZE7	PER51	GO:0098869		3702	PER51,P51,At4g37530,F19F18.20,F6G17.2	P
UniProtKB	Q9SZH2	PER43	GO:0004601		3702	PER43,P43,At4g25980,F14M9.7,F20B18.90	F
UniProtKB	Q9SZH2	PER43	GO:0004601		3702	PER43,P43,At4g25980,F14M9.7,F20B18.90	F
UniProtKB	Q9SZH2	PER43	GO:0004601		3702	PER43,P43,At4g25980,F14M9.7,F20B18.90	F
UniProtKB	Q9SZH2	PER43	GO:0098869		3702	PER43,P43,At4g25980,F14M9.7,F20B18.90	P
UniProtKB	Q9SZH2	PER43	GO:0098869		3702	PER43,P43,At4g25980,F14M9.7,F20B18.90	P
UniProtKB	Q9SZH2	PER43	GO:0098869		3702	PER43,P43,At4g25980,F14M9.7,F20B18.90	P
UniProtKB	Q9T0H4	At4g13540	GO:0061692		3702	At4g13540,T6G15.90,T6G15_90	P
UniProtKB	Q9XEX2	PRXIIB	GO:0008379		3702	PRXIIB,TPX1,At1g65980,F12P19.14	F
UniProtKB	Q9XEX2	PRXIIB	GO:0016209		3702	PRXIIB,TPX1,At1g65980,F12P19.14	F
UniProtKB	Q9XEX2	PRXIIB	GO:0004601		3702	PRXIIB,TPX1,At1g65980,F12P19.14	F
UniProtKB	Q9XEX2	PRXIIB	GO:0098869		3702	PRXIIB,TPX1,At1g65980,F12P19.14	P
UniProtKB	Q9XEX2	PRXIIB	GO:0098869		3702	PRXIIB,TPX1,At1g65980,F12P19.14	P
UniProtKB	Q9XEX2	PRXIIB	GO:0098869		3702	PRXIIB,TPX1,At1g65980,F12P19.14	P
UniProtKB	Q9XI31	GLYI4	GO:0140041		3702	GLYI4,At1g15380,F9L1.33	P
UniProtKB	Q9XIE2	ABCG36	GO:1990748		3702	ABCG36,PDR8,PEN3,At1g59870,F23H11.19	P
UniProtKB	Q9XIF8	GSTU16	GO:0009407		3702	GSTU16,At1g59700,F23H11.1	P
UniProtKB	Q9XIF8	GSTU16	GO:0009407		3702	GSTU16,At1g59700,F23H11.1	P
UniProtKB	Q9ZQ94	UGT73C5	GO:0098754		3702	UGT73C5,DOGT1,ZOG3,At2g36800,F13K3.20	P
UniProtKB	Q9ZRT5	GSTT1	GO:0004601		3702	GSTT1,GST10,At5g41210,MEE6.28	F
UniProtKB	Q9ZRT5	GSTT1	GO:0009407		3702	GSTT1,GST10,At5g41210,MEE6.28	P
UniProtKB	Q9ZRT5	GSTT1	GO:0098869		3702	GSTT1,GST10,At5g41210,MEE6.28	P
UniProtKB	Q9ZRW8	GSTU19	GO:0004601		3702	GSTU19,GST8,At1g78380,F3F9.11	F
UniProtKB	Q9ZRW8	GSTU19	GO:0009407		3702	GSTU19,GST8,At1g78380,F3F9.11	P
UniProtKB	Q9ZRW8	GSTU19	GO:0098869		3702	GSTU19,GST8,At1g78380,F3F9.11	P
UniProtKB	Q9ZRW8	GSTU19	GO:0009407		3702	GSTU19,GST8,At1g78380,F3F9.11	P
UniProtKB	Q9ZUU2	At2g37240	GO:0016209		3702	At2g37240,F3G5.3	F
UniProtKB	Q9ZUU2	At2g37240	GO:0098869		3702	At2g37240,F3G5.3	P
UniProtKB	Q9ZV04	PER24	GO:0004601		3702	PER24,P24,At2g39040,T7F6.21	F
UniProtKB	Q9ZV04	PER24	GO:0004601		3702	PER24,P24,At2g39040,T7F6.21	F
UniProtKB	Q9ZV04	PER24	GO:0004601		3702	PER24,P24,At2g39040,T7F6.21	F
UniProtKB	Q9ZV04	PER24	GO:0098869		3702	PER24,P24,At2g39040,T7F6.21	P
UniProtKB	Q9ZV04	PER24	GO:0098869		3702	PER24,P24,At2g39040,T7F6.21	P
UniProtKB	Q9ZV04	PER24	GO:0098869		3702	PER24,P24,At2g39040,T7F6.21	P
UniProtKB	Q9ZVH5	DTX53	GO:1990961		3702	DTX53,At2g38510,T6A23.29	P
UniProtKB	Q9ZVQ3	GSTZ1	GO:0004601		3702	GSTZ1,GST18,GSTZ,At2g02390,T16F16.18	F
UniProtKB	Q9ZVQ3	GSTZ1	GO:0009407		3702	GSTZ1,GST18,GSTZ,At2g02390,T16F16.18	P
UniProtKB	Q9ZVQ3	GSTZ1	GO:0098869		3702	GSTZ1,GST18,GSTZ,At2g02390,T16F16.18	P
UniProtKB	Q9ZVQ4	GSTZ2	GO:0009407		3702	GSTZ2,At2g02380,T16F16.17	P
UniProtKB	Q9ZW24	GSTU7	GO:0009407		3702	GSTU7,GST25,At2g29420,F16P2.20	P
UniProtKB	Q9ZW24	GSTU7	GO:0009407		3702	GSTU7,GST25,At2g29420,F16P2.20	P
UniProtKB	Q9ZW26	GSTU6	GO:0009407		3702	GSTU6,GST24,At2g29440,F16P2.18	P
UniProtKB	Q9ZW26	GSTU6	GO:0009407		3702	GSTU6,GST24,At2g29440,F16P2.18	P
UniProtKB	Q9ZW27	GSTU4	GO:0009407		3702	GSTU4,GST22,At2g29460,F16P2.16	P
UniProtKB	Q9ZW27	GSTU4	GO:0009407		3702	GSTU4,GST22,At2g29460,F16P2.16	P
UniProtKB	Q9ZW28	GSTU3	GO:0009407		3702	GSTU3,GST21,At2g29470,F16P2.15	P
UniProtKB	Q9ZW28	GSTU3	GO:0009407		3702	GSTU3,GST21,At2g29470,F16P2.15	P
UniProtKB	Q9ZW29	GSTU2	GO:0009407		3702	GSTU2,GST20,At2g29480,F16P2.14	P
UniProtKB	Q9ZW29	GSTU2	GO:0009407		3702	GSTU2,GST20,At2g29480,F16P2.14	P
UniProtKB	Q9ZW30	GSTU1	GO:0009407		3702	GSTU1,GST19,At2g29490,F16P2.13	P
UniProtKB	Q9ZW30	GSTU1	GO:0009407		3702	GSTU1,GST19,At2g29490,F16P2.13	P
UniProtKB	Q9ZWB7	PCS2	GO:0098849		3702	PCS2,At1g03980,F21M11.9	P
UniProtKB	Q9ZWB7	PCS2	GO:0010273		3702	PCS2,At1g03980,F21M11.9	P
UniProtKB	V9H0C8	F7P12.9	GO:0004601		3702	F7P12.9	F
UniProtKB	V9H0C8	F7P12.9	GO:0004601		3702	F7P12.9	F
UniProtKB	V9H0C8	F7P12.9	GO:0098869		3702	F7P12.9	P
UniProtKB	V9H0C8	F7P12.9	GO:0098869		3702	F7P12.9	P
UniProtKB	V9H0D7	F23M19.2	GO:0004601		3702	F23M19.2	F
UniProtKB	V9H0D7	F23M19.2	GO:0004601		3702	F23M19.2	F
UniProtKB	V9H0D7	F23M19.2	GO:0098869		3702	F23M19.2	P
UniProtKB	V9H0D7	F23M19.2	GO:0098869		3702	F23M19.2	P
UniProtKB	A0A0B4K763	Dmel\CG5948	GO:0019430		7227	Dmel\CG5948,CG5948,Dmel_CG5948	P
UniProtKB	A0A0B4K763	Dmel\CG5948	GO:0004784		7227	Dmel\CG5948,CG5948,Dmel_CG5948	F
UniProtKB	A0A0B4K763	Dmel\CG5948	GO:0016209		7227	Dmel\CG5948,CG5948,Dmel_CG5948	F
UniProtKB	A0A0B4K763	Dmel\CG5948	GO:0004784		7227	Dmel\CG5948,CG5948,Dmel_CG5948	F
UniProtKB	A0A0B4K763	Dmel\CG5948	GO:0004784		7227	Dmel\CG5948,CG5948,Dmel_CG5948	F
UniProtKB	A0A0B4KFT5	GstS1	GO:0004601		7227	GstS1,DmGST-2,DmGST2,DmGSTS1,DmGSTS1-1,DmGst-2,DmGstS1-1,Dmel\CG8938,Est2,GST,GST S1,GST-2,GST-S1,GST2,GSTII,GSTS1,Gst2,GstS1-1,S1	F
UniProtKB	A0A0B4KFT5	GstS1	GO:0004602		7227	GstS1,DmGST-2,DmGST2,DmGSTS1,DmGSTS1-1,DmGst-2,DmGstS1-1,Dmel\CG8938,Est2,GST,GST S1,GST-2,GST-S1,GST2,GSTII,GSTS1,Gst2,GstS1-1,S1	F
UniProtKB	A0A0B4KFT5	GstS1	GO:0098869		7227	GstS1,DmGST-2,DmGST2,DmGSTS1,DmGSTS1-1,DmGst-2,DmGstS1-1,Dmel\CG8938,Est2,GST,GST S1,GST-2,GST-S1,GST2,GSTII,GSTS1,Gst2,GstS1-1,S1	P
UniProtKB	A0A0B4KFT5	GstS1	GO:0098869		7227	GstS1,DmGST-2,DmGST2,DmGSTS1,DmGSTS1-1,DmGst-2,DmGstS1-1,Dmel\CG8938,Est2,GST,GST S1,GST-2,GST-S1,GST2,GSTII,GSTS1,Gst2,GstS1-1,S1	P
UniProtKB	A0A0B4KHF0	Fer2LCH	GO:1990461		7227	Fer2LCH,2LCH,Dmel\CG1469,Fe2LCH,Fer-H,Fer2,Fer2LC,FerLCH,LCH,anon-EST:ParkEST264,fer2,fer2lch,l(3)00035,l(3)07016,l(3)j2A3,l(3)neo60,l(3)neo63,l(3)s2083,CG1469	P
UniProtKB	A0A0B4KHM9	Pxd	GO:0004601		7227	Pxd,DmPO,Dmel\CG3477,Dpxd,PO,CG3477,Dmel_CG3477	F
UniProtKB	A0A0B4KHM9	Pxd	GO:0004601		7227	Pxd,DmPO,Dmel\CG3477,Dpxd,PO,CG3477,Dmel_CG3477	F
UniProtKB	A0A0B4KHM9	Pxd	GO:0098869		7227	Pxd,DmPO,Dmel\CG3477,Dpxd,PO,CG3477,Dmel_CG3477	P
UniProtKB	A0A0B4KHM9	Pxd	GO:0098869		7227	Pxd,DmPO,Dmel\CG3477,Dpxd,PO,CG3477,Dmel_CG3477	P
UniProtKB	A0A0B4KI27	Fer1HCH	GO:1990461		7227	Fer1HCH,1HCH,BEST:LD36673,Dmel\CG2216,FER1,FER1HCH,Fe1HCH,Fer-L,Fer1,Fer1H,Fer1HC,FerHCH,HCH,T21,T9,fer1,fer1hch,l(3)00451,l(3)j10B4	P
UniProtKB	A0A0B4LGG4	Sesn	GO:0004601		7227	Sesn,BEST:GH20113,BcDNA:GH20113,Dmel\CG11299,dSesn,sesn,CG11299,Dmel_CG11299	F
UniProtKB	A0A0B4LGG4	Sesn	GO:0098869		7227	Sesn,BEST:GH20113,BcDNA:GH20113,Dmel\CG11299,dSesn,sesn,CG11299,Dmel_CG11299	P
UniProtKB	A0A0B4LGQ1	Sod2	GO:0004784		7227	Sod2,Dmel\CG8905,Mito SOD,Mn SOD,Mn-SOD,Mn-SOD2,MnSOD,MnSODII,Mn[2+]SOD,SOD,SOD-2,SOD-m,SOD2,Sod,Sod-2,dSOD2,dSod2,mitSOD2,mnSOD	F
UniProtKB	A0A0B4LGQ1	Sod2	GO:0004784		7227	Sod2,Dmel\CG8905,Mito SOD,Mn SOD,Mn-SOD,Mn-SOD2,MnSOD,MnSODII,Mn[2+]SOD,SOD,SOD-2,SOD-m,SOD2,Sod,Sod-2,dSOD2,dSod2,mitSOD2,mnSOD	F
UniProtKB	A0A0B4LGQ1	Sod2	GO:0004784		7227	Sod2,Dmel\CG8905,Mito SOD,Mn SOD,Mn-SOD,Mn-SOD2,MnSOD,MnSODII,Mn[2+]SOD,SOD,SOD-2,SOD-m,SOD2,Sod,Sod-2,dSOD2,dSod2,mitSOD2,mnSOD	F
UniProtKB	A0A0B4LGQ1	Sod2	GO:0019430		7227	Sod2,Dmel\CG8905,Mito SOD,Mn SOD,Mn-SOD,Mn-SOD2,MnSOD,MnSODII,Mn[2+]SOD,SOD,SOD-2,SOD-m,SOD2,Sod,Sod-2,dSOD2,dSod2,mitSOD2,mnSOD	P
UniProtKB	A0A0B4LGQ1	Sod2	GO:0019430		7227	Sod2,Dmel\CG8905,Mito SOD,Mn SOD,Mn-SOD,Mn-SOD2,MnSOD,MnSODII,Mn[2+]SOD,SOD,SOD-2,SOD-m,SOD2,Sod,Sod-2,dSOD2,dSod2,mitSOD2,mnSOD	P
UniProtKB	A0A0B4LGQ1	Sod2	GO:0019430		7227	Sod2,Dmel\CG8905,Mito SOD,Mn SOD,Mn-SOD,Mn-SOD2,MnSOD,MnSODII,Mn[2+]SOD,SOD,SOD-2,SOD-m,SOD2,Sod,Sod-2,dSOD2,dSod2,mitSOD2,mnSOD	P
UniProtKB	A0A0B4LHP3	MtnF	GO:1990748		7227	MtnF,DMG4-MB6.chr3R.35.021,Dmel\CG43222,CG43222,Dmel_CG43222	P
UniProtKB	A0A1B2AK28	A0A1B2AK28	GO:0032542		7227		F
UniProtKB	A0A1B2AK28	A0A1B2AK28	GO:0016209		7227		F
UniProtKB	A0A1B2AK28	A0A1B2AK28	GO:0032542		7227		F
UniProtKB	A0A1B2AK28	A0A1B2AK28	GO:0098869		7227		P
UniProtKB	A0A1B2AK28	A0A1B2AK28	GO:0098869		7227		P
UniProtKB	A0A1B2AK28	A0A1B2AK28	GO:0098869		7227		P
UniProtKB	A0A6H2EFX8	Trxr-1	GO:0004791		7227	Trxr-1,2151,DTR,Dm-TrxR,DmTR,DmTrx,DmTrxR,DmTrxR-1,Dmel\CG2151,GR,Gr,TH,TRR,TRXR1,Trx,TrxR,TrxR-1,TrxR1,Trxr	F
UniProtKB	A0A6H2EFX8	Trxr-1	GO:0004791		7227	Trxr-1,2151,DTR,Dm-TrxR,DmTR,DmTrx,DmTrxR,DmTrxR-1,Dmel\CG2151,GR,Gr,TH,TRR,TRXR1,Trx,TrxR,TrxR-1,TrxR1,Trxr	F
UniProtKB	A0A6H2EFX8	Trxr-1	GO:0098869		7227	Trxr-1,2151,DTR,Dm-TrxR,DmTR,DmTrx,DmTrxR,DmTrxR-1,Dmel\CG2151,GR,Gr,TH,TRR,TRXR1,Trx,TrxR,TrxR-1,TrxR1,Trxr	P
UniProtKB	A0A6H2EFX8	Trxr-1	GO:0098869		7227	Trxr-1,2151,DTR,Dm-TrxR,DmTR,DmTrx,DmTrxR,DmTrxR-1,Dmel\CG2151,GR,Gr,TH,TRR,TRXR1,Trx,TrxR,TrxR-1,TrxR1,Trxr	P
UniProtKB	A0AMY5	CG9314	GO:0004096		7227	CG9314	F
UniProtKB	A0AMY5	CG9314	GO:0004601		7227	CG9314	F
UniProtKB	A0AMY5	CG9314	GO:0098869		7227	CG9314	P
UniProtKB	A0AMY5	CG9314	GO:0098869		7227	CG9314	P
UniProtKB	A1Z6P0	Zip42C.2	GO:0010312		7227	Zip42C.2,Dmel\CG9430,ZIP42C.2,cg9430,dZIP2,dZIP42C.2,dZip2,dZip42C.2,CG9430,Dmel_CG9430	P
UniProtKB	A1Z7X7	GstT2	GO:0004601		7227	GstT2,CG12930,CG12930A,DmGSTT2,Dmel\CG30005,GSTT2,gstt2,CG30005,Dmel_CG30005	F
UniProtKB	A1Z7X7	GstT2	GO:0004602		7227	GstT2,CG12930,CG12930A,DmGSTT2,Dmel\CG30005,GSTT2,gstt2,CG30005,Dmel_CG30005	F
UniProtKB	A1Z7X7	GstT2	GO:0004602		7227	GstT2,CG12930,CG12930A,DmGSTT2,Dmel\CG30005,GSTT2,gstt2,CG30005,Dmel_CG30005	F
UniProtKB	A1Z7X7	GstT2	GO:0098869		7227	GstT2,CG12930,CG12930A,DmGSTT2,Dmel\CG30005,GSTT2,gstt2,CG30005,Dmel_CG30005	P
UniProtKB	A1Z7X7	GstT2	GO:0098869		7227	GstT2,CG12930,CG12930A,DmGSTT2,Dmel\CG30005,GSTT2,gstt2,CG30005,Dmel_CG30005	P
UniProtKB	A1Z7X7	GstT2	GO:0098869		7227	GstT2,CG12930,CG12930A,DmGSTT2,Dmel\CG30005,GSTT2,gstt2,CG30005,Dmel_CG30005	P
UniProtKB	A1Z803	Marc	GO:0070458		7227	Marc,CG1665-RA,Dmel\CG1665,IP19920p,mArc,CG1665,Dmel_CG1665	P
UniProtKB	A1Z850	Ccs	GO:0016209		7227	Ccs,CCD,CCS,CG-17753,DmCCS,Dmel\CG17753,anon-EST:Posey231,dCCS,l(2)03221,CG17753,Dmel_CG17753	F
UniProtKB	A1Z850	Ccs	GO:0004784		7227	Ccs,CCD,CCS,CG-17753,DmCCS,Dmel\CG17753,anon-EST:Posey231,dCCS,l(2)03221,CG17753,Dmel_CG17753	F
UniProtKB	A1Z850	Ccs	GO:0004784		7227	Ccs,CCD,CCS,CG-17753,DmCCS,Dmel\CG17753,anon-EST:Posey231,dCCS,l(2)03221,CG17753,Dmel_CG17753	F
UniProtKB	A1Z850	Ccs	GO:0098869		7227	Ccs,CCD,CCS,CG-17753,DmCCS,Dmel\CG17753,anon-EST:Posey231,dCCS,l(2)03221,CG17753,Dmel_CG17753	P
UniProtKB	A1Z850	Ccs	GO:0019430		7227	Ccs,CCD,CCS,CG-17753,DmCCS,Dmel\CG17753,anon-EST:Posey231,dCCS,l(2)03221,CG17753,Dmel_CG17753	P
UniProtKB	A1Z850	Ccs	GO:0019430		7227	Ccs,CCD,CCS,CG-17753,DmCCS,Dmel\CG17753,anon-EST:Posey231,dCCS,l(2)03221,CG17753,Dmel_CG17753	P
UniProtKB	A1Z892	Prx2540-1	GO:0098869		7227	Prx2540-1,BEST:LD11278,DPx-2540-1,DPx2540,Dmel\CG12405,Prx2540,Prx2540-1-RA,dPrx6a,CG12405,Dmel_CG12405	P
UniProtKB	A1Z892	Prx2540-1	GO:0008379		7227	Prx2540-1,BEST:LD11278,DPx-2540-1,DPx2540,Dmel\CG12405,Prx2540,Prx2540-1-RA,dPrx6a,CG12405,Dmel_CG12405	F
UniProtKB	A1Z892	Prx2540-1	GO:0016209		7227	Prx2540-1,BEST:LD11278,DPx-2540-1,DPx2540,Dmel\CG12405,Prx2540,Prx2540-1-RA,dPrx6a,CG12405,Dmel_CG12405	F
UniProtKB	A1Z892	Prx2540-1	GO:0051920		7227	Prx2540-1,BEST:LD11278,DPx-2540-1,DPx2540,Dmel\CG12405,Prx2540,Prx2540-1-RA,dPrx6a,CG12405,Dmel_CG12405	F
UniProtKB	A1Z892	Prx2540-1	GO:0016209		7227	Prx2540-1,BEST:LD11278,DPx-2540-1,DPx2540,Dmel\CG12405,Prx2540,Prx2540-1-RA,dPrx6a,CG12405,Dmel_CG12405	F
UniProtKB	A1Z892	Prx2540-1	GO:0004601		7227	Prx2540-1,BEST:LD11278,DPx-2540-1,DPx2540,Dmel\CG12405,Prx2540,Prx2540-1-RA,dPrx6a,CG12405,Dmel_CG12405	F
UniProtKB	A1Z892	Prx2540-1	GO:0004601		7227	Prx2540-1,BEST:LD11278,DPx-2540-1,DPx2540,Dmel\CG12405,Prx2540,Prx2540-1-RA,dPrx6a,CG12405,Dmel_CG12405	F
UniProtKB	A1Z892	Prx2540-1	GO:0004601		7227	Prx2540-1,BEST:LD11278,DPx-2540-1,DPx2540,Dmel\CG12405,Prx2540,Prx2540-1-RA,dPrx6a,CG12405,Dmel_CG12405	F
UniProtKB	A1Z893	Dmel\CG12896	GO:0098869		7227	Dmel\CG12896,BEST:LD11278,CG12896-RA,RE05501p,RH54193,CG12896,Dmel_CG12896	P
UniProtKB	A1Z893	Dmel\CG12896	GO:0008379		7227	Dmel\CG12896,BEST:LD11278,CG12896-RA,RE05501p,RH54193,CG12896,Dmel_CG12896	F
UniProtKB	A1Z893	Dmel\CG12896	GO:0016209		7227	Dmel\CG12896,BEST:LD11278,CG12896-RA,RE05501p,RH54193,CG12896,Dmel_CG12896	F
UniProtKB	A1Z893	Dmel\CG12896	GO:0051920		7227	Dmel\CG12896,BEST:LD11278,CG12896-RA,RE05501p,RH54193,CG12896,Dmel_CG12896	F
UniProtKB	A1Z893	Dmel\CG12896	GO:0016209		7227	Dmel\CG12896,BEST:LD11278,CG12896-RA,RE05501p,RH54193,CG12896,Dmel_CG12896	F
UniProtKB	A1Z893	Dmel\CG12896	GO:0004601		7227	Dmel\CG12896,BEST:LD11278,CG12896-RA,RE05501p,RH54193,CG12896,Dmel_CG12896	F
UniProtKB	A1Z893	Dmel\CG12896	GO:0004601		7227	Dmel\CG12896,BEST:LD11278,CG12896-RA,RE05501p,RH54193,CG12896,Dmel_CG12896	F
UniProtKB	A1Z893	Dmel\CG12896	GO:0004601		7227	Dmel\CG12896,BEST:LD11278,CG12896-RA,RE05501p,RH54193,CG12896,Dmel_CG12896	F
UniProtKB	A1Z8K9	Sod3	GO:0016209		7227	Sod3,CG13200,CT25938,Dmel,Dmel\CG9027,SOD3,dSOD3,dSod3,CG9027,Dmel_CG9027	F
UniProtKB	A1Z8K9	Sod3	GO:0004784		7227	Sod3,CG13200,CT25938,Dmel,Dmel\CG9027,SOD3,dSOD3,dSod3,CG9027,Dmel_CG9027	F
UniProtKB	A1Z8K9	Sod3	GO:0004784		7227	Sod3,CG13200,CT25938,Dmel,Dmel\CG9027,SOD3,dSOD3,dSod3,CG9027,Dmel_CG9027	F
UniProtKB	A1Z8K9	Sod3	GO:0019430		7227	Sod3,CG13200,CT25938,Dmel,Dmel\CG9027,SOD3,dSOD3,dSod3,CG9027,Dmel_CG9027	P
UniProtKB	A1Z8K9	Sod3	GO:0004784		7227	Sod3,CG13200,CT25938,Dmel,Dmel\CG9027,SOD3,dSOD3,dSod3,CG9027,Dmel_CG9027	F
UniProtKB	A1Z8K9	Sod3	GO:0004784		7227	Sod3,CG13200,CT25938,Dmel,Dmel\CG9027,SOD3,dSOD3,dSod3,CG9027,Dmel_CG9027	F
UniProtKB	A1Z9J4	DJ-1alpha	GO:0051920		7227	DJ-1alpha,CG6646	F
UniProtKB	A1Z9J4	DJ-1alpha	GO:0098869		7227	DJ-1alpha,CG6646	P
UniProtKB	A4IJ50	A4IJ50	GO:0004601		7227		F
UniProtKB	A4IJ50	A4IJ50	GO:0098869		7227		P
UniProtKB	A4IJ72	Zip71B	GO:0010312		7227	Zip71B,Dmel\CG10006,Slc39a10,ZIP10,ZIP71B,cg10006,dZip71B,CG10006,Dmel_CG10006	P
UniProtKB	A4UZL5	GstS1	GO:0004601		7227	GstS1,DmGST-2,DmGST2,DmGSTS1,DmGSTS1-1,DmGst-2,DmGstS1-1,Dmel\CG8938,Est2,GST,GST S1,GST-2,GST-S1,GST2,GSTII,GSTS1,Gst2,GstS1-1,GstS1-RC	F
UniProtKB	A4UZL5	GstS1	GO:0004602		7227	GstS1,DmGST-2,DmGST2,DmGSTS1,DmGSTS1-1,DmGst-2,DmGstS1-1,Dmel\CG8938,Est2,GST,GST S1,GST-2,GST-S1,GST2,GSTII,GSTS1,Gst2,GstS1-1,GstS1-RC	F
UniProtKB	A4UZL5	GstS1	GO:0098869		7227	GstS1,DmGST-2,DmGST2,DmGSTS1,DmGSTS1-1,DmGst-2,DmGstS1-1,Dmel\CG8938,Est2,GST,GST S1,GST-2,GST-S1,GST2,GSTII,GSTS1,Gst2,GstS1-1,GstS1-RC	P
UniProtKB	A4UZL5	GstS1	GO:0098869		7227	GstS1,DmGST-2,DmGST2,DmGSTS1,DmGSTS1-1,DmGst-2,DmGstS1-1,Dmel\CG8938,Est2,GST,GST S1,GST-2,GST-S1,GST2,GSTII,GSTS1,Gst2,GstS1-1,GstS1-RC	P
UniProtKB	B3DMS3	CG3477-RA	GO:0004601		7227	CG3477-RA	F
UniProtKB	B3DMS3	CG3477-RA	GO:0098869		7227	CG3477-RA	P
UniProtKB	B5RJI8	CG4009-RA	GO:0004601		7227	CG4009-RA	F
UniProtKB	B5RJI8	CG4009-RA	GO:0098869		7227	CG4009-RA	P
UniProtKB	B8A3Y2	MtnE	GO:0071585		7227	MtnE,DMG8-chr3R.29.007,Dmel\CG42872,CG42872,Dmel_CG42872	P
UniProtKB	B8A405	Fer1HCH	GO:1990461		7227	Fer1HCH,1HCH,BEST:LD36673,Dmel\CG2216,FER1,FER1HCH,Fe1HCH,Fer-L,Fer1,Fer1H,Fer1HC,Fer1HCH-RD,FerHCH,HCH,T21,T9,fer1,fer1hch,l(3)00451	P
UniProtKB	C0MII2	CG9314	GO:0004096		7227	CG9314	F
UniProtKB	C0MII2	CG9314	GO:0004601		7227	CG9314	F
UniProtKB	C0MII2	CG9314	GO:0098869		7227	CG9314	P
UniProtKB	C0MII2	CG9314	GO:0098869		7227	CG9314	P
UniProtKB	C0MII7	CG9314	GO:0004096		7227	CG9314	F
UniProtKB	C0MII7	CG9314	GO:0004601		7227	CG9314	F
UniProtKB	C0MII7	CG9314	GO:0098869		7227	CG9314	P
UniProtKB	C0MII7	CG9314	GO:0098869		7227	CG9314	P
UniProtKB	C6SUZ3	CG4390-RB	GO:0046294		7227	CG4390-RB	P
UniProtKB	C6TP82	CCS-RA	GO:0016209		7227	CCS-RA	F
UniProtKB	C6TP82	CCS-RA	GO:0004784		7227	CCS-RA	F
UniProtKB	C6TP82	CCS-RA	GO:0098869		7227	CCS-RA	P
UniProtKB	C6TP82	CCS-RA	GO:0019430		7227	CCS-RA	P
UniProtKB	D0Z752	Duox-RB	GO:0004601		7227	Duox-RB	F
UniProtKB	D0Z752	Duox-RB	GO:0098869		7227	Duox-RB	P
UniProtKB	D1KS75	CG6662	GO:0098869		7227	CG6662	P
UniProtKB	D1KS75	CG6662	GO:0045174		7227	CG6662	F
UniProtKB	D2NUH5	Pxn-RE	GO:0004601		7227	Pxn-RE	F
UniProtKB	D2NUH5	Pxn-RE	GO:0004601		7227	Pxn-RE	F
UniProtKB	D2NUH5	Pxn-RE	GO:0098869		7227	Pxn-RE	P
UniProtKB	D2NUH5	Pxn-RE	GO:0098869		7227	Pxn-RE	P
UniProtKB	E0R979	Pxn-RD	GO:0004601		7227	Pxn-RD	F
UniProtKB	E0R979	Pxn-RD	GO:0004601		7227	Pxn-RD	F
UniProtKB	E0R979	Pxn-RD	GO:0098869		7227	Pxn-RD	P
UniProtKB	E0R979	Pxn-RD	GO:0098869		7227	Pxn-RD	P
UniProtKB	E1JH26	Ccs	GO:0019430		7227	Ccs,CCD,CCS,CG-17753,DmCCS,Dmel\CG17753,anon-EST:Posey231,dCCS,l(2)03221,CG17753,Dmel_CG17753	P
UniProtKB	E1JH26	Ccs	GO:0004784		7227	Ccs,CCD,CCS,CG-17753,DmCCS,Dmel\CG17753,anon-EST:Posey231,dCCS,l(2)03221,CG17753,Dmel_CG17753	F
UniProtKB	E1JH26	Ccs	GO:0016209		7227	Ccs,CCD,CCS,CG-17753,DmCCS,Dmel\CG17753,anon-EST:Posey231,dCCS,l(2)03221,CG17753,Dmel_CG17753	F
UniProtKB	E1JIB2	Iyd	GO:0004447		7227	Iyd,cdt,CG46438	F
UniProtKB	E1JIB2	Iyd	GO:0098869		7227	Iyd,cdt,CG46438	P
UniProtKB	E1JIN0	Pxd	GO:0004601		7227	Pxd,DmPO,Dmel\CG3477,Dpxd,PO,CG3477,Dmel_CG3477	F
UniProtKB	E1JIN0	Pxd	GO:0004601		7227	Pxd,DmPO,Dmel\CG3477,Dpxd,PO,CG3477,Dmel_CG3477	F
UniProtKB	E1JIN0	Pxd	GO:0098869		7227	Pxd,DmPO,Dmel\CG3477,Dpxd,PO,CG3477,Dmel_CG3477	P
UniProtKB	E1JIN0	Pxd	GO:0098869		7227	Pxd,DmPO,Dmel\CG3477,Dpxd,PO,CG3477,Dmel_CG3477	P
UniProtKB	E1JJS1	GstT3	GO:0004601		7227	GstT3,DmGSTT3a,DmGSTT3b,Dmel\CG1702,GSTT3,GSTT3a,GSTT3b,cg1702,gstt3,CG1702,Dmel_CG1702	F
UniProtKB	E1JJS1	GstT3	GO:0004602		7227	GstT3,DmGSTT3a,DmGSTT3b,Dmel\CG1702,GSTT3,GSTT3a,GSTT3b,cg1702,gstt3,CG1702,Dmel_CG1702	F
UniProtKB	E1JJS1	GstT3	GO:0004602		7227	GstT3,DmGSTT3a,DmGSTT3b,Dmel\CG1702,GSTT3,GSTT3a,GSTT3b,cg1702,gstt3,CG1702,Dmel_CG1702	F
UniProtKB	E1JJS1	GstT3	GO:0098869		7227	GstT3,DmGSTT3a,DmGSTT3b,Dmel\CG1702,GSTT3,GSTT3a,GSTT3b,cg1702,gstt3,CG1702,Dmel_CG1702	P
UniProtKB	E1JJS1	GstT3	GO:0098869		7227	GstT3,DmGSTT3a,DmGSTT3b,Dmel\CG1702,GSTT3,GSTT3a,GSTT3b,cg1702,gstt3,CG1702,Dmel_CG1702	P
UniProtKB	E1JJS1	GstT3	GO:0098869		7227	GstT3,DmGSTT3a,DmGSTT3b,Dmel\CG1702,GSTT3,GSTT3a,GSTT3b,cg1702,gstt3,CG1702,Dmel_CG1702	P
UniProtKB	F6J6B9	CG1633	GO:0016209		7227	CG1633	F
UniProtKB	F6J6B9	CG1633	GO:0051920		7227	CG1633	F
UniProtKB	F6J6B9	CG1633	GO:0016209		7227	CG1633	F
UniProtKB	F6J6B9	CG1633	GO:0004601		7227	CG1633	F
UniProtKB	F6J6B9	CG1633	GO:0098869		7227	CG1633	P
UniProtKB	F6J6B9	CG1633	GO:0098869		7227	CG1633	P
UniProtKB	F6J6B9	CG1633	GO:0098869		7227	CG1633	P
UniProtKB	F6J6B9	CG1633	GO:0098869		7227	CG1633	P
UniProtKB	H0RNE1	Prx6005-RA	GO:0098869		7227	Prx6005-RA	P
UniProtKB	H0RNE1	Prx6005-RA	GO:0008379		7227	Prx6005-RA	F
UniProtKB	H0RNE1	Prx6005-RA	GO:0016209		7227	Prx6005-RA	F
UniProtKB	H0RNE1	Prx6005-RA	GO:0051920		7227	Prx6005-RA	F
UniProtKB	H0RNE1	Prx6005-RA	GO:0016209		7227	Prx6005-RA	F
UniProtKB	H0RNE1	Prx6005-RA	GO:0004601		7227	Prx6005-RA	F
UniProtKB	H0RNH3	CCS-RB	GO:0016209		7227	CCS-RB	F
UniProtKB	H0RNH3	CCS-RB	GO:0004784		7227	CCS-RB	F
UniProtKB	H0RNH3	CCS-RB	GO:0098869		7227	CCS-RB	P
UniProtKB	H0RNH3	CCS-RB	GO:0019430		7227	CCS-RB	P
UniProtKB	H1UUD2	Fer1HCH	GO:1990461		7227	Fer1HCH,1HCH,BEST:LD36673,Dmel\CG2216,FER1,FER1HCH,Fe1HCH,Fer-L,Fer1,Fer1H,Fer1HC,Fer1HCH-RD,FerHCH,HCH,T21,T9,fer1,fer1hch,l(3)00451	P
UniProtKB	M9MSF0	Dmel\CG6762	GO:0032542		7227	Dmel\CG6762,CG6762,Dmel_CG6762	F
UniProtKB	M9MSF0	Dmel\CG6762	GO:0016209		7227	Dmel\CG6762,CG6762,Dmel_CG6762	F
UniProtKB	M9MSF0	Dmel\CG6762	GO:0032542		7227	Dmel\CG6762,CG6762,Dmel_CG6762	F
UniProtKB	M9MSF0	Dmel\CG6762	GO:0032542		7227	Dmel\CG6762,CG6762,Dmel_CG6762	F
UniProtKB	M9MSF0	Dmel\CG6762	GO:0098869		7227	Dmel\CG6762,CG6762,Dmel_CG6762	P
UniProtKB	M9MSF0	Dmel\CG6762	GO:0098869		7227	Dmel\CG6762,CG6762,Dmel_CG6762	P
UniProtKB	M9MSF0	Dmel\CG6762	GO:0098869		7227	Dmel\CG6762,CG6762,Dmel_CG6762	P
UniProtKB	M9MSF0	Dmel\CG6762	GO:0098869		7227	Dmel\CG6762,CG6762,Dmel_CG6762	P
UniProtKB	M9MSF7	Dmel\CG6762	GO:0032542		7227	Dmel\CG6762,CG6762,Dmel_CG6762	F
UniProtKB	M9MSF7	Dmel\CG6762	GO:0016209		7227	Dmel\CG6762,CG6762,Dmel_CG6762	F
UniProtKB	M9MSF7	Dmel\CG6762	GO:0032542		7227	Dmel\CG6762,CG6762,Dmel_CG6762	F
UniProtKB	M9MSF7	Dmel\CG6762	GO:0098869		7227	Dmel\CG6762,CG6762,Dmel_CG6762	P
UniProtKB	M9MSF7	Dmel\CG6762	GO:0098869		7227	Dmel\CG6762,CG6762,Dmel_CG6762	P
UniProtKB	M9MSF7	Dmel\CG6762	GO:0098869		7227	Dmel\CG6762,CG6762,Dmel_CG6762	P
UniProtKB	M9PCF1	Duox	GO:0004601		7227	Duox,Cy,DUOX,Dmel\CG3131,dDuox,dduox,duOx,duox,l(2)23Bb,CG3131,Dmel_CG3131	F
UniProtKB	M9PCF1	Duox	GO:0004601		7227	Duox,Cy,DUOX,Dmel\CG3131,dDuox,dduox,duOx,duox,l(2)23Bb,CG3131,Dmel_CG3131	F
UniProtKB	M9PCF1	Duox	GO:0098869		7227	Duox,Cy,DUOX,Dmel\CG3131,dDuox,dduox,duOx,duox,l(2)23Bb,CG3131,Dmel_CG3131	P
UniProtKB	M9PCF1	Duox	GO:0098869		7227	Duox,Cy,DUOX,Dmel\CG3131,dDuox,dduox,duOx,duox,l(2)23Bb,CG3131,Dmel_CG3131	P
UniProtKB	M9PCL4	SelT	GO:0004791		7227	SelT,Dmel\CG3887,SELT,CG3887,Dmel_CG3887	F
UniProtKB	M9PCL4	SelT	GO:0098869		7227	SelT,Dmel\CG3887,SELT,CG3887,Dmel_CG3887	P
UniProtKB	M9PEG6	ZnT63C	GO:0010312		7227	ZnT63C,Dmel\CG17723,ZNT63C,ZnT1,cg17723,dZNT1,dZNT63C,dZnT1,dZnT63C,CG17723,Dmel_CG17723	P
UniProtKB	M9PEG6	ZnT63C	GO:0010312		7227	ZnT63C,Dmel\CG17723,ZNT63C,ZnT1,cg17723,dZNT1,dZNT63C,dZnT1,dZnT63C,CG17723,Dmel_CG17723	P
UniProtKB	O77287	Su(P)	GO:0004362		7227	Su(P),CG4086	F
UniProtKB	O77287	Su(P)	GO:0098869		7227	Su(P),CG4086	P
UniProtKB	P17336	Cat	GO:0004096		7227	Cat,CG6871	F
UniProtKB	P17336	Cat	GO:0004096		7227	Cat,CG6871	F
UniProtKB	P17336	Cat	GO:0004601		7227	Cat,CG6871	F
UniProtKB	P17336	Cat	GO:0004096		7227	Cat,CG6871	F
UniProtKB	P17336	Cat	GO:0004096		7227	Cat,CG6871	F
UniProtKB	P17336	Cat	GO:0004096		7227	Cat,CG6871	F
UniProtKB	P17336	Cat	GO:0004096		7227	Cat,CG6871	F
UniProtKB	P17336	Cat	GO:0004096		7227	Cat,CG6871	F
UniProtKB	P17336	Cat	GO:0004096		7227	Cat,CG6871	F
UniProtKB	P17336	Cat	GO:0098869		7227	Cat,CG6871	P
UniProtKB	P17336	Cat	GO:0098869		7227	Cat,CG6871	P
UniProtKB	P17336	Cat	GO:0098869		7227	Cat,CG6871	P
UniProtKB	P17336	Cat	GO:0098869		7227	Cat,CG6871	P
UniProtKB	P17336	Cat	GO:0098869		7227	Cat,CG6871	P
UniProtKB	P17336	Cat	GO:0098869		7227	Cat,CG6871	P
UniProtKB	P17336	Cat	GO:0098869		7227	Cat,CG6871	P
UniProtKB	P17336	Cat	GO:0098869		7227	Cat,CG6871	P
UniProtKB	P17336	Cat	GO:0098869		7227	Cat,CG6871	P
UniProtKB	P41043	GstS1	GO:0004602		7227	GstS1,GST2,GSTS1-1,CG8938	F
UniProtKB	P41043	GstS1	GO:0098869		7227	GstS1,GST2,GSTS1-1,CG8938	P
UniProtKB	P46415	Fdh	GO:0046294		7227	Fdh,ODH,gfd,CG6598	P
UniProtKB	P61851	Sod1	GO:0019430		7227	Sod1,Sod,CG11793	P
UniProtKB	P61851	Sod1	GO:0004784		7227	Sod1,Sod,CG11793	F
UniProtKB	P61851	Sod1	GO:0016209		7227	Sod1,Sod,CG11793	F
UniProtKB	P61851	Sod1	GO:0004784		7227	Sod1,Sod,CG11793	F
UniProtKB	P61851	Sod1	GO:0004784		7227	Sod1,Sod,CG11793	F
UniProtKB	P61851	Sod1	GO:0004784		7227	Sod1,Sod,CG11793	F
UniProtKB	P61851	Sod1	GO:0004784		7227	Sod1,Sod,CG11793	F
UniProtKB	P91938	Trxr-1	GO:0004791		7227	Trxr-1,GR,CG2151	F
UniProtKB	P91938	Trxr-1	GO:0004791		7227	Trxr-1,GR,CG2151	F
UniProtKB	P91938	Trxr-1	GO:0004791		7227	Trxr-1,GR,CG2151	F
UniProtKB	P91938	Trxr-1	GO:0016209		7227	Trxr-1,GR,CG2151	F
UniProtKB	P91938	Trxr-1	GO:0004362		7227	Trxr-1,GR,CG2151	F
UniProtKB	P91938	Trxr-1	GO:0004791		7227	Trxr-1,GR,CG2151	F
UniProtKB	P91938	Trxr-1	GO:0004791		7227	Trxr-1,GR,CG2151	F
UniProtKB	P91938	Trxr-1	GO:0098869		7227	Trxr-1,GR,CG2151	P
UniProtKB	P91938	Trxr-1	GO:0098869		7227	Trxr-1,GR,CG2151	P
UniProtKB	P91938	Trxr-1	GO:0098869		7227	Trxr-1,GR,CG2151	P
UniProtKB	P91938	Trxr-1	GO:0098869		7227	Trxr-1,GR,CG2151	P
UniProtKB	P91938	Trxr-1	GO:0098869		7227	Trxr-1,GR,CG2151	P
UniProtKB	P91938	Trxr-1	GO:0098869		7227	Trxr-1,GR,CG2151	P
UniProtKB	P91938	Trxr-1	GO:0098869		7227	Trxr-1,GR,CG2151	P
UniProtKB	P91938	Trxr-1	GO:0098869		7227	Trxr-1,GR,CG2151	P
UniProtKB	P91938	Trxr-1	GO:0098869		7227	Trxr-1,GR,CG2151	P
UniProtKB	P91938	Trxr-1	GO:0016209		7227	Trxr-1,GR,CG2151	F
UniProtKB	P91938	Trxr-1	GO:0016209		7227	Trxr-1,GR,CG2151	F
UniProtKB	P91938	Trxr-1	GO:0004791		7227	Trxr-1,GR,CG2151	F
UniProtKB	P91938	Trxr-1	GO:0004791		7227	Trxr-1,GR,CG2151	F
UniProtKB	Q00637	Sod2	GO:0004784		7227	Sod2,CG8905	F
UniProtKB	Q00637	Sod2	GO:0004784		7227	Sod2,CG8905	F
UniProtKB	Q00637	Sod2	GO:0004784		7227	Sod2,CG8905	F
UniProtKB	Q00637	Sod2	GO:0016209		7227	Sod2,CG8905	F
UniProtKB	Q00637	Sod2	GO:0019430		7227	Sod2,CG8905	P
UniProtKB	Q00637	Sod2	GO:0004784		7227	Sod2,CG8905	F
UniProtKB	Q00637	Sod2	GO:0004784		7227	Sod2,CG8905	F
UniProtKB	Q01603	Pxd	GO:0004601		7227	Pxd,HDC14047,PO,CG3477	F
UniProtKB	Q01603	Pxd	GO:0004601		7227	Pxd,HDC14047,PO,CG3477	F
UniProtKB	Q01603	Pxd	GO:0004601		7227	Pxd,HDC14047,PO,CG3477	F
UniProtKB	Q01603	Pxd	GO:0004601		7227	Pxd,HDC14047,PO,CG3477	F
UniProtKB	Q01603	Pxd	GO:0098869		7227	Pxd,HDC14047,PO,CG3477	P
UniProtKB	Q01603	Pxd	GO:0098869		7227	Pxd,HDC14047,PO,CG3477	P
UniProtKB	Q01603	Pxd	GO:0098869		7227	Pxd,HDC14047,PO,CG3477	P
UniProtKB	Q01603	Pxd	GO:0098869		7227	Pxd,HDC14047,PO,CG3477	P
UniProtKB	Q29QZ8	Q29QZ8	GO:0098869		7227		P
UniProtKB	Q29QZ8	Q29QZ8	GO:0045174		7227		F
UniProtKB	Q32UU6	CG3939	GO:0004601		7227	CG3939	F
UniProtKB	Q32UU6	CG3939	GO:0098869		7227	CG3939	P
UniProtKB	Q32UV4	CG3939	GO:0004601		7227	CG3939	F
UniProtKB	Q32UV4	CG3939	GO:0098869		7227	CG3939	P
UniProtKB	Q32UW6	CG3939	GO:0004601		7227	CG3939	F
UniProtKB	Q32UW6	CG3939	GO:0098869		7227	CG3939	P
UniProtKB	Q32UX0	CG3939	GO:0004601		7227	CG3939	F
UniProtKB	Q32UX0	CG3939	GO:0098869		7227	CG3939	P
UniProtKB	Q32UY2	CG3939	GO:0004601		7227	CG3939	F
UniProtKB	Q32UY2	CG3939	GO:0098869		7227	CG3939	P
UniProtKB	Q32UY6	CG3939	GO:0004601		7227	CG3939	F
UniProtKB	Q32UY6	CG3939	GO:0098869		7227	CG3939	P
UniProtKB	Q32UZ0	CG3939	GO:0004601		7227	CG3939	F
UniProtKB	Q32UZ0	CG3939	GO:0098869		7227	CG3939	P
UniProtKB	Q32V02	CG3939	GO:0004601		7227	CG3939	F
UniProtKB	Q32V02	CG3939	GO:0098869		7227	CG3939	P
UniProtKB	Q32V38	CG3939	GO:0004601		7227	CG3939	F
UniProtKB	Q32V38	CG3939	GO:0098869		7227	CG3939	P
UniProtKB	Q32V42	CG3939	GO:0004601		7227	CG3939	F
UniProtKB	Q32V42	CG3939	GO:0098869		7227	CG3939	P
UniProtKB	Q4V3P2	CG5948	GO:0016209		7227	CG5948	F
UniProtKB	Q4V3P2	CG5948	GO:0004784		7227	CG5948	F
UniProtKB	Q4V3P2	CG5948	GO:0098869		7227	CG5948	P
UniProtKB	Q4V3P2	CG5948	GO:0019430		7227	CG5948	P
UniProtKB	Q4V4T9	CG15116	GO:0004602		7227	CG15116	F
UniProtKB	Q4V4T9	CG15116	GO:0004601		7227	CG15116	F
UniProtKB	Q4V4T9	CG15116	GO:0098869		7227	CG15116	P
UniProtKB	Q4V4T9	CG15116	GO:0098869		7227	CG15116	P
UniProtKB	Q4V528	ZnT33D	GO:0010312		7227	ZnT33D,CG17215,Dmel\CG31860,ZNT33D,cg31860,dZnT33D,CG31860,Dmel_CG31860	P
UniProtKB	Q4V6H2	Dmel\CG15116	GO:0004601		7227	Dmel\CG15116,GPx-like,CG15116,Dmel_CG15116	F
UniProtKB	Q4V6H2	Dmel\CG15116	GO:0004602		7227	Dmel\CG15116,GPx-like,CG15116,Dmel_CG15116	F
UniProtKB	Q4V6H2	Dmel\CG15116	GO:0004601		7227	Dmel\CG15116,GPx-like,CG15116,Dmel_CG15116	F
UniProtKB	Q4V6H2	Dmel\CG15116	GO:0098869		7227	Dmel\CG15116,GPx-like,CG15116,Dmel_CG15116	P
UniProtKB	Q4V6H2	Dmel\CG15116	GO:0098869		7227	Dmel\CG15116,GPx-like,CG15116,Dmel_CG15116	P
UniProtKB	Q4V6H2	Dmel\CG15116	GO:0098869		7227	Dmel\CG15116,GPx-like,CG15116,Dmel_CG15116	P
UniProtKB	Q5BHV8	CG9314	GO:0004096		7227	CG9314	F
UniProtKB	Q5BHV8	CG9314	GO:0004096		7227	CG9314	F
UniProtKB	Q5BHV8	CG9314	GO:0004601		7227	CG9314	F
UniProtKB	Q5BHV8	CG9314	GO:0004096		7227	CG9314	F
UniProtKB	Q5BHV8	CG9314	GO:0098869		7227	CG9314	P
UniProtKB	Q5BHV8	CG9314	GO:0098869		7227	CG9314	P
UniProtKB	Q5BHV8	CG9314	GO:0098869		7227	CG9314	P
UniProtKB	Q5BHV8	CG9314	GO:0098869		7227	CG9314	P
UniProtKB	Q6GKY3	Q6GKY3	GO:0004601		7227		F
UniProtKB	Q6GKY3	Q6GKY3	GO:0098869		7227		P
UniProtKB	Q7JMW3	Fer1HCH	GO:1990461		7227	Fer1HCH,Fer1,CG2216	P
UniProtKB	Q7JR71	Sod3	GO:0019430		7227	Sod3,CG9027	P
UniProtKB	Q7JR71	Sod3	GO:0004784		7227	Sod3,CG9027	F
UniProtKB	Q7JR71	Sod3	GO:0016209		7227	Sod3,CG9027	F
UniProtKB	Q7JR71	Sod3	GO:0004784		7227	Sod3,CG9027	F
UniProtKB	Q7JR71	Sod3	GO:0004784		7227	Sod3,CG9027	F
UniProtKB	Q7JR71	Sod3	GO:0019430		7227	Sod3,CG9027	P
UniProtKB	Q7JR71	Sod3	GO:0004784		7227	Sod3,CG9027	F
UniProtKB	Q7JR71	Sod3	GO:0004784		7227	Sod3,CG9027	F
UniProtKB	Q7JX87	Prx2540-2	GO:0098869		7227	Prx2540-2,DPx-2540-2,DPx2540,Dmel\CG11765,Prx2540,CG11765,Dmel_CG11765	P
UniProtKB	Q7JX87	Prx2540-2	GO:0008379		7227	Prx2540-2,DPx-2540-2,DPx2540,Dmel\CG11765,Prx2540,CG11765,Dmel_CG11765	F
UniProtKB	Q7JX87	Prx2540-2	GO:0016209		7227	Prx2540-2,DPx-2540-2,DPx2540,Dmel\CG11765,Prx2540,CG11765,Dmel_CG11765	F
UniProtKB	Q7JX87	Prx2540-2	GO:0051920		7227	Prx2540-2,DPx-2540-2,DPx2540,Dmel\CG11765,Prx2540,CG11765,Dmel_CG11765	F
UniProtKB	Q7JX87	Prx2540-2	GO:0016209		7227	Prx2540-2,DPx-2540-2,DPx2540,Dmel\CG11765,Prx2540,CG11765,Dmel_CG11765	F
UniProtKB	Q7JX87	Prx2540-2	GO:0004601		7227	Prx2540-2,DPx-2540-2,DPx2540,Dmel\CG11765,Prx2540,CG11765,Dmel_CG11765	F
UniProtKB	Q7JX87	Prx2540-2	GO:0004601		7227	Prx2540-2,DPx-2540-2,DPx2540,Dmel\CG11765,Prx2540,CG11765,Dmel_CG11765	F
UniProtKB	Q7JX87	Prx2540-2	GO:0004601		7227	Prx2540-2,DPx-2540-2,DPx2540,Dmel\CG11765,Prx2540,CG11765,Dmel_CG11765	F
UniProtKB	Q7JZR2	Zip42C.1	GO:0010312		7227	Zip42C.1,Dmel\CG9428,ZIP1,ZIP42C.1,Zip1,cg9428,dZIP1,dZIP42C.1,dZip1,dZip42C.1,CG9428,Dmel_CG9428	P
UniProtKB	Q7K0B6	GstT1	GO:0004601		7227	GstT1,BcDNA:RE63575,CG12930,CG12930B,DmGSTT1,Dmel\CG30000,GSTT1,gstt1,CG30000,Dmel_CG30000	F
UniProtKB	Q7K0B6	GstT1	GO:0004602		7227	GstT1,BcDNA:RE63575,CG12930,CG12930B,DmGSTT1,Dmel\CG30000,GSTT1,gstt1,CG30000,Dmel_CG30000	F
UniProtKB	Q7K0B6	GstT1	GO:0004602		7227	GstT1,BcDNA:RE63575,CG12930,CG12930B,DmGSTT1,Dmel\CG30000,GSTT1,gstt1,CG30000,Dmel_CG30000	F
UniProtKB	Q7K0B6	GstT1	GO:0098869		7227	GstT1,BcDNA:RE63575,CG12930,CG12930B,DmGSTT1,Dmel\CG30000,GSTT1,gstt1,CG30000,Dmel_CG30000	P
UniProtKB	Q7K0B6	GstT1	GO:0098869		7227	GstT1,BcDNA:RE63575,CG12930,CG12930B,DmGSTT1,Dmel\CG30000,GSTT1,gstt1,CG30000,Dmel_CG30000	P
UniProtKB	Q7K0B6	GstT1	GO:0098869		7227	GstT1,BcDNA:RE63575,CG12930,CG12930B,DmGSTT1,Dmel\CG30000,GSTT1,gstt1,CG30000,Dmel_CG30000	P
UniProtKB	Q7K206	GstO2	GO:0045174		7227	GstO2,CG6673	F
UniProtKB	Q7K206	GstO2	GO:0045174		7227	GstO2,CG6673	F
UniProtKB	Q7K206	GstO2	GO:0045174		7227	GstO2,CG6673	F
UniProtKB	Q7K206	GstO2	GO:0098869		7227	GstO2,CG6673	P
UniProtKB	Q7K206	GstO2	GO:0098869		7227	GstO2,CG6673	P
UniProtKB	Q7K206	GstO2	GO:0098869		7227	GstO2,CG6673	P
UniProtKB	Q7K206	GstO2	GO:0098869		7227	GstO2,CG6673	P
UniProtKB	Q7K206	GstO2	GO:0045174		7227	GstO2,CG6673	F
UniProtKB	Q7K3K5	ZnT63C	GO:0010312		7227	ZnT63C,Dmel\CG17723,ZNT63C,ZnT1,cg17723,dZNT1,dZNT63C,dZnT1,dZnT63C,CG17723,Dmel_CG17723	P
UniProtKB	Q7K3K5	ZnT63C	GO:0010312		7227	ZnT63C,Dmel\CG17723,ZNT63C,ZnT1,cg17723,dZNT1,dZNT63C,dZnT1,dZnT63C,CG17723,Dmel_CG17723	P
UniProtKB	Q7K9B7	Zip42C.1	GO:0010312		7227	Zip42C.1,DZIP1,ZIP1,CG9428	P
UniProtKB	Q7KMQ5	Fer1HCH	GO:1990461		7227	Fer1HCH,CG2216	P
UniProtKB	Q7KMR7	Txl	GO:0004791		7227	Txl,txl,CG5495	F
UniProtKB	Q7KRU8	Fer1HCH	GO:1990461		7227	Fer1HCH,1HCH,BEST:LD36673,Dmel\CG2216,FER1,FER1HCH,Fe1HCH,Fer-L,Fer1,Fer1H,Fer1HC,FerHCH,HCH,T21,T9,fer1,fer1hch,l(3)00451,l(3)j10B4	P
UniProtKB	Q7KSB5	Dmel\CG4390	GO:0046294		7227	Dmel\CG4390,CG4390,Dmel_CG4390	P
UniProtKB	Q7YU25	CG42331	GO:0004601		7227	CG42331,CG6879	F
UniProtKB	Q7YU25	CG42331	GO:0004601		7227	CG42331,CG6879	F
UniProtKB	Q7YU25	CG42331	GO:0098869		7227	CG42331,CG6879	P
UniProtKB	Q7YU25	CG42331	GO:0098869		7227	CG42331,CG6879	P
UniProtKB	Q86B44	Gss2	GO:0071722		7227	Gss2,32495,6835,CG32497,CG33065,Dmel\CG32495,Dmel\CG6835,GS,GSS,Gss1,gss,CG32495,CG6835,Dmel_CG32495,Dmel_CG6835	P
UniProtKB	Q86B54	Dmel\CG33177	GO:0004601		7227	Dmel\CG33177,CG33178-RA,CG5579,CG33177,Dmel_CG33177	F
UniProtKB	Q86B54	Dmel\CG33177	GO:0004602		7227	Dmel\CG33177,CG33178-RA,CG5579,CG33177,Dmel_CG33177	F
UniProtKB	Q86B54	Dmel\CG33177	GO:0098869		7227	Dmel\CG33177,CG33178-RA,CG5579,CG33177,Dmel_CG33177	P
UniProtKB	Q86B54	Dmel\CG33177	GO:0098869		7227	Dmel\CG33177,CG33178-RA,CG5579,CG33177,Dmel_CG33177	P
UniProtKB	Q86NS7	CG12013	GO:0004602		7227	CG12013	F
UniProtKB	Q86NS7	CG12013	GO:0004601		7227	CG12013	F
UniProtKB	Q86NS7	CG12013	GO:0098869		7227	CG12013	P
UniProtKB	Q86NS7	CG12013	GO:0098869		7227	CG12013	P
UniProtKB	Q8I0T0	Fer1HCH	GO:1990461		7227	Fer1HCH,1HCH,BEST:LD36673,Dmel\CG2216,FER1,FER1HCH,Fe1HCH,Fer-L,Fer1,Fer1H,Fer1HC,FerHCH,HCH,T21,T9,fer1,fer1hch,l(3)00451,l(3)j10B4	P
UniProtKB	Q8IP48	ZnT35C	GO:0010312		7227	ZnT35C,BG:DS07295.1,Dmel\CG3994,ZNT35C,cg3994,dZnT35C,CG3994,Dmel_CG3994	P
UniProtKB	Q8IRD3	PHGPx	GO:0004601		7227	PHGPx,DmGPx,DmPHGPx,Dmel\CG12013,GPx,GTPx,GTPx-1,Gpx,Gtpx-1,PGTPx,PHGPx-RD,Tpx1,anon-WO0257455.17,phGpx,CG12013,Dmel_CG12013	F
UniProtKB	Q8IRD3	PHGPx	GO:0004602		7227	PHGPx,DmGPx,DmPHGPx,Dmel\CG12013,GPx,GTPx,GTPx-1,Gpx,Gtpx-1,PGTPx,PHGPx-RD,Tpx1,anon-WO0257455.17,phGpx,CG12013,Dmel_CG12013	F
UniProtKB	Q8IRD3	PHGPx	GO:0004601		7227	PHGPx,DmGPx,DmPHGPx,Dmel\CG12013,GPx,GTPx,GTPx-1,Gpx,Gtpx-1,PGTPx,PHGPx-RD,Tpx1,anon-WO0257455.17,phGpx,CG12013,Dmel_CG12013	F
UniProtKB	Q8IRD3	PHGPx	GO:0004601		7227	PHGPx,DmGPx,DmPHGPx,Dmel\CG12013,GPx,GTPx,GTPx-1,Gpx,Gtpx-1,PGTPx,PHGPx-RD,Tpx1,anon-WO0257455.17,phGpx,CG12013,Dmel_CG12013	F
UniProtKB	Q8IRD3	PHGPx	GO:0098869		7227	PHGPx,DmGPx,DmPHGPx,Dmel\CG12013,GPx,GTPx,GTPx-1,Gpx,Gtpx-1,PGTPx,PHGPx-RD,Tpx1,anon-WO0257455.17,phGpx,CG12013,Dmel_CG12013	P
UniProtKB	Q8IRD3	PHGPx	GO:0098869		7227	PHGPx,DmGPx,DmPHGPx,Dmel\CG12013,GPx,GTPx,GTPx-1,Gpx,Gtpx-1,PGTPx,PHGPx-RD,Tpx1,anon-WO0257455.17,phGpx,CG12013,Dmel_CG12013	P
UniProtKB	Q8IRD3	PHGPx	GO:0098869		7227	PHGPx,DmGPx,DmPHGPx,Dmel\CG12013,GPx,GTPx,GTPx-1,Gpx,Gtpx-1,PGTPx,PHGPx-RD,Tpx1,anon-WO0257455.17,phGpx,CG12013,Dmel_CG12013	P
UniProtKB	Q8IRD3	PHGPx	GO:0098869		7227	PHGPx,DmGPx,DmPHGPx,Dmel\CG12013,GPx,GTPx,GTPx-1,Gpx,Gtpx-1,PGTPx,PHGPx-RD,Tpx1,anon-WO0257455.17,phGpx,CG12013,Dmel_CG12013	P
UniProtKB	Q8IRD4	PHGPx	GO:0004601		7227	PHGPx,DmGPx,DmPHGPx,Dmel\CG12013,GPx,GTPx,GTPx-1,Gpx,Gtpx-1,PGTPx,Tpx1,anon-WO0257455.17,phGpx,CG12013,Dmel_CG12013	F
UniProtKB	Q8IRD4	PHGPx	GO:0004602		7227	PHGPx,DmGPx,DmPHGPx,Dmel\CG12013,GPx,GTPx,GTPx-1,Gpx,Gtpx-1,PGTPx,Tpx1,anon-WO0257455.17,phGpx,CG12013,Dmel_CG12013	F
UniProtKB	Q8IRD4	PHGPx	GO:0004601		7227	PHGPx,DmGPx,DmPHGPx,Dmel\CG12013,GPx,GTPx,GTPx-1,Gpx,Gtpx-1,PGTPx,Tpx1,anon-WO0257455.17,phGpx,CG12013,Dmel_CG12013	F
UniProtKB	Q8IRD4	PHGPx	GO:0004601		7227	PHGPx,DmGPx,DmPHGPx,Dmel\CG12013,GPx,GTPx,GTPx-1,Gpx,Gtpx-1,PGTPx,Tpx1,anon-WO0257455.17,phGpx,CG12013,Dmel_CG12013	F
UniProtKB	Q8IRD4	PHGPx	GO:0098869		7227	PHGPx,DmGPx,DmPHGPx,Dmel\CG12013,GPx,GTPx,GTPx-1,Gpx,Gtpx-1,PGTPx,Tpx1,anon-WO0257455.17,phGpx,CG12013,Dmel_CG12013	P
UniProtKB	Q8IRD4	PHGPx	GO:0098869		7227	PHGPx,DmGPx,DmPHGPx,Dmel\CG12013,GPx,GTPx,GTPx-1,Gpx,Gtpx-1,PGTPx,Tpx1,anon-WO0257455.17,phGpx,CG12013,Dmel_CG12013	P
UniProtKB	Q8IRD4	PHGPx	GO:0098869		7227	PHGPx,DmGPx,DmPHGPx,Dmel\CG12013,GPx,GTPx,GTPx-1,Gpx,Gtpx-1,PGTPx,Tpx1,anon-WO0257455.17,phGpx,CG12013,Dmel_CG12013	P
UniProtKB	Q8IRD4	PHGPx	GO:0098869		7227	PHGPx,DmGPx,DmPHGPx,Dmel\CG12013,GPx,GTPx,GTPx-1,Gpx,Gtpx-1,PGTPx,Tpx1,anon-WO0257455.17,phGpx,CG12013,Dmel_CG12013	P
UniProtKB	Q8MRM0	GstT4	GO:0004601		7227	GstT4,DmGSTT4,Dmel\CG1681,GST-theta,GSTT4,gstt4,CG1681,Dmel_CG1681	F
UniProtKB	Q8MRM0	GstT4	GO:0004602		7227	GstT4,DmGSTT4,Dmel\CG1681,GST-theta,GSTT4,gstt4,CG1681,Dmel_CG1681	F
UniProtKB	Q8MRM0	GstT4	GO:0004602		7227	GstT4,DmGSTT4,Dmel\CG1681,GST-theta,GSTT4,gstt4,CG1681,Dmel_CG1681	F
UniProtKB	Q8MRM0	GstT4	GO:0098869		7227	GstT4,DmGSTT4,Dmel\CG1681,GST-theta,GSTT4,gstt4,CG1681,Dmel_CG1681	P
UniProtKB	Q8MRM0	GstT4	GO:0098869		7227	GstT4,DmGSTT4,Dmel\CG1681,GST-theta,GSTT4,gstt4,CG1681,Dmel_CG1681	P
UniProtKB	Q8MRM0	GstT4	GO:0098869		7227	GstT4,DmGSTT4,Dmel\CG1681,GST-theta,GSTT4,gstt4,CG1681,Dmel_CG1681	P
UniProtKB	Q8MT50	cysu	GO:0004601		7227	cysu,CG5873	F
UniProtKB	Q8MT50	cysu	GO:0004601		7227	cysu,CG5873	F
UniProtKB	Q8MT50	cysu	GO:0098869		7227	cysu,CG5873	P
UniProtKB	Q8MT50	cysu	GO:0098869		7227	cysu,CG5873	P
UniProtKB	Q8SY19	Mgstl	GO:0004601		7227	Mgstl,BcDNA:RE10696,BcDNA:RH59553,Dmel\CG1742,Mgst1,CG1742,Dmel_CG1742	F
UniProtKB	Q8SY19	Mgstl	GO:0004602		7227	Mgstl,BcDNA:RE10696,BcDNA:RH59553,Dmel\CG1742,Mgst1,CG1742,Dmel_CG1742	F
UniProtKB	Q8SY19	Mgstl	GO:0098869		7227	Mgstl,BcDNA:RE10696,BcDNA:RH59553,Dmel\CG1742,Mgst1,CG1742,Dmel_CG1742	P
UniProtKB	Q8SY19	Mgstl	GO:0098869		7227	Mgstl,BcDNA:RE10696,BcDNA:RH59553,Dmel\CG1742,Mgst1,CG1742,Dmel_CG1742	P
UniProtKB	Q8SY26	CG12896	GO:0016209		7227	CG12896	F
UniProtKB	Q8SY26	CG12896	GO:0004601		7227	CG12896	F
UniProtKB	Q8SY26	CG12896	GO:0098869		7227	CG12896	P
UniProtKB	Q8SY26	CG12896	GO:0098869		7227	CG12896	P
UniProtKB	Q8SY70	Mgstl	GO:0004601		7227	Mgstl,BcDNA:RE10696,BcDNA:RH59553,Dmel\CG1742,Mgst1,CG1742,Dmel_CG1742	F
UniProtKB	Q8SY70	Mgstl	GO:0098869		7227	Mgstl,BcDNA:RE10696,BcDNA:RH59553,Dmel\CG1742,Mgst1,CG1742,Dmel_CG1742	P
UniProtKB	Q8SY97	Dmel\CG33178	GO:0004601		7227	Dmel\CG33178,BcDNA:RH14671,CG5579,CG33178,Dmel_CG33178	F
UniProtKB	Q8SY97	Dmel\CG33178	GO:0098869		7227	Dmel\CG33178,BcDNA:RH14671,CG5579,CG33178,Dmel_CG33178	P
UniProtKB	Q8SYV5	ZnT77C	GO:0010312		7227	ZnT77C,CG5130	P
UniProtKB	Q8SYV5	ZnT77C	GO:0010312		7227	ZnT77C,CG5130	P
UniProtKB	Q8SZF0	Zip89B	GO:0010312		7227	Zip89B,ZIP3,Zip3,CG6898	P
UniProtKB	Q8T0G1	ZnT41F	GO:0010312		7227	ZnT41F,BEST:CK02137,CK02137,Dmel\CG11163,ZNT41F,cg11163,dZNT41F,dZnT41F,CG11163,Dmel_CG11163	P
UniProtKB	Q8T0T2	glob1	GO:0004601		7227	glob1,DmHb,DmHb1,DmeGb1,DmeGlob1,Dmel\CG9734,DroHb,Glob1,Hb,dmeglob1,globin1,CG9734,Dmel_CG9734	F
UniProtKB	Q8T0T2	glob1	GO:0098869		7227	glob1,DmHb,DmHb1,DmeGb1,DmeGlob1,Dmel\CG9734,DroHb,Glob1,Hb,dmeglob1,globin1,CG9734,Dmel_CG9734	P
UniProtKB	Q95SB0	Prx6005	GO:0098869		7227	Prx6005,CG3083	P
UniProtKB	Q95SB0	Prx6005	GO:0008379		7227	Prx6005,CG3083	F
UniProtKB	Q95SB0	Prx6005	GO:0016209		7227	Prx6005,CG3083	F
UniProtKB	Q95SB0	Prx6005	GO:0051920		7227	Prx6005,CG3083	F
UniProtKB	Q95SB0	Prx6005	GO:0016209		7227	Prx6005,CG3083	F
UniProtKB	Q95SB0	Prx6005	GO:0004601		7227	Prx6005,CG3083	F
UniProtKB	Q95SB0	Prx6005	GO:0004601		7227	Prx6005,CG3083	F
UniProtKB	Q95SB0	Prx6005	GO:0004601		7227	Prx6005,CG3083	F
UniProtKB	Q960M4	Prx5	GO:0008379		7227	Prx5,CG 32920,CG 7217,CG3292,CG32920,CG7215-RA,Dmel\CG7217,dPrx5,dPrxV,dprx5,prx5,CG7217,Dmel_CG7217	F
UniProtKB	Q960M4	Prx5	GO:0016209		7227	Prx5,CG 32920,CG 7217,CG3292,CG32920,CG7215-RA,Dmel\CG7217,dPrx5,dPrxV,dprx5,prx5,CG7217,Dmel_CG7217	F
UniProtKB	Q960M4	Prx5	GO:0004601		7227	Prx5,CG 32920,CG 7217,CG3292,CG32920,CG7215-RA,Dmel\CG7217,dPrx5,dPrxV,dprx5,prx5,CG7217,Dmel_CG7217	F
UniProtKB	Q960M4	Prx5	GO:0051920		7227	Prx5,CG 32920,CG 7217,CG3292,CG32920,CG7215-RA,Dmel\CG7217,dPrx5,dPrxV,dprx5,prx5,CG7217,Dmel_CG7217	F
UniProtKB	Q960M4	Prx5	GO:0008379		7227	Prx5,CG 32920,CG 7217,CG3292,CG32920,CG7215-RA,Dmel\CG7217,dPrx5,dPrxV,dprx5,prx5,CG7217,Dmel_CG7217	F
UniProtKB	Q960M4	Prx5	GO:0098869		7227	Prx5,CG 32920,CG 7217,CG3292,CG32920,CG7215-RA,Dmel\CG7217,dPrx5,dPrxV,dprx5,prx5,CG7217,Dmel_CG7217	P
UniProtKB	Q960M4	Prx5	GO:0098869		7227	Prx5,CG 32920,CG 7217,CG3292,CG32920,CG7215-RA,Dmel\CG7217,dPrx5,dPrxV,dprx5,prx5,CG7217,Dmel_CG7217	P
UniProtKB	Q960M4	Prx5	GO:0098869		7227	Prx5,CG 32920,CG 7217,CG3292,CG32920,CG7215-RA,Dmel\CG7217,dPrx5,dPrxV,dprx5,prx5,CG7217,Dmel_CG7217	P
UniProtKB	Q960M4	Prx5	GO:0098869		7227	Prx5,CG 32920,CG 7217,CG3292,CG32920,CG7215-RA,Dmel\CG7217,dPrx5,dPrxV,dprx5,prx5,CG7217,Dmel_CG7217	P
UniProtKB	Q960M4	Prx5	GO:0098869		7227	Prx5,CG 32920,CG 7217,CG3292,CG32920,CG7215-RA,Dmel\CG7217,dPrx5,dPrxV,dprx5,prx5,CG7217,Dmel_CG7217	P
UniProtKB	Q9BLY4	Ccs	GO:0016209		7227	Ccs,CCS,CG17753	F
UniProtKB	Q9BLY4	Ccs	GO:0004784		7227	Ccs,CCS,CG17753	F
UniProtKB	Q9BLY4	Ccs	GO:0004784		7227	Ccs,CCS,CG17753	F
UniProtKB	Q9BLY4	Ccs	GO:0098869		7227	Ccs,CCS,CG17753	P
UniProtKB	Q9BLY4	Ccs	GO:0019430		7227	Ccs,CCS,CG17753	P
UniProtKB	Q9BLY4	Ccs	GO:0019430		7227	Ccs,CCS,CG17753	P
UniProtKB	Q9GPQ0	Prx2540-2	GO:0098869		7227	Prx2540-2,CG11765	P
UniProtKB	Q9GPQ0	Prx2540-2	GO:0008379		7227	Prx2540-2,CG11765	F
UniProtKB	Q9GPQ0	Prx2540-2	GO:0016209		7227	Prx2540-2,CG11765	F
UniProtKB	Q9GPQ0	Prx2540-2	GO:0051920		7227	Prx2540-2,CG11765	F
UniProtKB	Q9GPQ0	Prx2540-2	GO:0016209		7227	Prx2540-2,CG11765	F
UniProtKB	Q9GPQ0	Prx2540-2	GO:0004601		7227	Prx2540-2,CG11765	F
UniProtKB	Q9GPQ0	Prx2540-2	GO:0004601		7227	Prx2540-2,CG11765	F
UniProtKB	Q9GPQ0	Prx2540-2	GO:0004601		7227	Prx2540-2,CG11765	F
UniProtKB	Q9GPQ1	Prx2540-1	GO:0098869		7227	Prx2540-1,Prx2540-2,CG12405	P
UniProtKB	Q9GPQ1	Prx2540-1	GO:0008379		7227	Prx2540-1,Prx2540-2,CG12405	F
UniProtKB	Q9GPQ1	Prx2540-1	GO:0016209		7227	Prx2540-1,Prx2540-2,CG12405	F
UniProtKB	Q9GPQ1	Prx2540-1	GO:0051920		7227	Prx2540-1,Prx2540-2,CG12405	F
UniProtKB	Q9GPQ1	Prx2540-1	GO:0016209		7227	Prx2540-1,Prx2540-2,CG12405	F
UniProtKB	Q9GPQ1	Prx2540-1	GO:0004601		7227	Prx2540-1,Prx2540-2,CG12405	F
UniProtKB	Q9GPQ1	Prx2540-1	GO:0004601		7227	Prx2540-1,Prx2540-2,CG12405	F
UniProtKB	Q9GPQ1	Prx2540-1	GO:0004601		7227	Prx2540-1,Prx2540-2,CG12405	F
UniProtKB	Q9GPQ2	Prx6005	GO:0098869		7227	Prx6005,CG3083	P
UniProtKB	Q9GPQ2	Prx6005	GO:0008379		7227	Prx6005,CG3083	F
UniProtKB	Q9GPQ2	Prx6005	GO:0016209		7227	Prx6005,CG3083	F
UniProtKB	Q9GPQ2	Prx6005	GO:0051920		7227	Prx6005,CG3083	F
UniProtKB	Q9GPQ2	Prx6005	GO:0016209		7227	Prx6005,CG3083	F
UniProtKB	Q9GPQ2	Prx6005	GO:0004601		7227	Prx6005,CG3083	F
UniProtKB	Q9GPQ2	Prx6005	GO:0004601		7227	Prx6005,CG3083	F
UniProtKB	Q9GPQ2	Prx6005	GO:0004601		7227	Prx6005,CG3083	F
UniProtKB	Q9GRW9	Zip89B	GO:0010312		7227	Zip89B,DZIP3,Zip3,CG6898	P
UniProtKB	Q9U1K7	EG:140G11.5	GO:0004601		7227	EG:140G11.5,BEST:SD07039,Dmel\CG3939,CG3939,Dmel_CG3939	F
UniProtKB	Q9U1K7	EG:140G11.5	GO:0098869		7227	EG:140G11.5,BEST:SD07039,Dmel\CG3939,CG3939,Dmel_CG3939	P
UniProtKB	Q9U4U2	Fer2LCH	GO:1990461		7227	Fer2LCH,CG1469	P
UniProtKB	Q9U5V9	Su(P)	GO:0004362		7227	Su(P),CG4086	F
UniProtKB	Q9U5V9	Su(P)	GO:0098869		7227	Su(P),CG4086	P
UniProtKB	Q9U7A3	Fer2LCH	GO:1990461		7227	Fer2LCH,CG1469	P
UniProtKB	Q9V3A4	Catsup	GO:0010312		7227	Catsup,CG10449	P
UniProtKB	Q9V3P0	Jafrac1	GO:0019430		7227	Jafrac1,TPX-1,CG1633	P
UniProtKB	Q9V3P0	Jafrac1	GO:0016209		7227	Jafrac1,TPX-1,CG1633	F
UniProtKB	Q9V3P0	Jafrac1	GO:0051920		7227	Jafrac1,TPX-1,CG1633	F
UniProtKB	Q9V3P0	Jafrac1	GO:0016209		7227	Jafrac1,TPX-1,CG1633	F
UniProtKB	Q9V3P0	Jafrac1	GO:0004601		7227	Jafrac1,TPX-1,CG1633	F
UniProtKB	Q9V3P0	Jafrac1	GO:0051920		7227	Jafrac1,TPX-1,CG1633	F
UniProtKB	Q9V3P0	Jafrac1	GO:0008379		7227	Jafrac1,TPX-1,CG1633	F
UniProtKB	Q9V3P0	Jafrac1	GO:0008379		7227	Jafrac1,TPX-1,CG1633	F
UniProtKB	Q9V3P0	Jafrac1	GO:0008379		7227	Jafrac1,TPX-1,CG1633	F
UniProtKB	Q9V3Q4	Jafrac2	GO:0016209		7227	Jafrac2,1274,DPx-4156,DPx4156,Dmel\CG1274,JafRac2,Jafrac,Jafrac-2,Prx4,Prx4156,dPrx4,jafrac2,CG1274,Dmel_CG1274	F
UniProtKB	Q9V3Q4	Jafrac2	GO:0051920		7227	Jafrac2,1274,DPx-4156,DPx4156,Dmel\CG1274,JafRac2,Jafrac,Jafrac-2,Prx4,Prx4156,dPrx4,jafrac2,CG1274,Dmel_CG1274	F
UniProtKB	Q9V3Q4	Jafrac2	GO:0016209		7227	Jafrac2,1274,DPx-4156,DPx4156,Dmel\CG1274,JafRac2,Jafrac,Jafrac-2,Prx4,Prx4156,dPrx4,jafrac2,CG1274,Dmel_CG1274	F
UniProtKB	Q9V3Q4	Jafrac2	GO:0004601		7227	Jafrac2,1274,DPx-4156,DPx4156,Dmel\CG1274,JafRac2,Jafrac,Jafrac-2,Prx4,Prx4156,dPrx4,jafrac2,CG1274,Dmel_CG1274	F
UniProtKB	Q9V3Q4	Jafrac2	GO:0008379		7227	Jafrac2,1274,DPx-4156,DPx4156,Dmel\CG1274,JafRac2,Jafrac,Jafrac-2,Prx4,Prx4156,dPrx4,jafrac2,CG1274,Dmel_CG1274	F
UniProtKB	Q9V3Q4	Jafrac2	GO:0098869		7227	Jafrac2,1274,DPx-4156,DPx4156,Dmel\CG1274,JafRac2,Jafrac,Jafrac-2,Prx4,Prx4156,dPrx4,jafrac2,CG1274,Dmel_CG1274	P
UniProtKB	Q9V3Q4	Jafrac2	GO:0098869		7227	Jafrac2,1274,DPx-4156,DPx4156,Dmel\CG1274,JafRac2,Jafrac,Jafrac-2,Prx4,Prx4156,dPrx4,jafrac2,CG1274,Dmel_CG1274	P
UniProtKB	Q9V3Q4	Jafrac2	GO:0098869		7227	Jafrac2,1274,DPx-4156,DPx4156,Dmel\CG1274,JafRac2,Jafrac,Jafrac-2,Prx4,Prx4156,dPrx4,jafrac2,CG1274,Dmel_CG1274	P
UniProtKB	Q9V3Q4	Jafrac2	GO:0098869		7227	Jafrac2,1274,DPx-4156,DPx4156,Dmel\CG1274,JafRac2,Jafrac,Jafrac-2,Prx4,Prx4156,dPrx4,jafrac2,CG1274,Dmel_CG1274	P
UniProtKB	Q9V3Q4	Jafrac2	GO:0098869		7227	Jafrac2,1274,DPx-4156,DPx4156,Dmel\CG1274,JafRac2,Jafrac,Jafrac-2,Prx4,Prx4156,dPrx4,jafrac2,CG1274,Dmel_CG1274	P
UniProtKB	Q9V420	Su(P)	GO:0004362		7227	Su(P),Dmel\CG4086,CG4086,Dmel_CG4086	F
UniProtKB	Q9V420	Su(P)	GO:0098869		7227	Su(P),Dmel\CG4086,CG4086,Dmel_CG4086	P
UniProtKB	Q9V471	ZnT35C	GO:0010312		7227	ZnT35C,BG:DS07295.1,Dmel\CG3994,ZNT35C,cg3994,dZnT35C,CG3994,Dmel_CG3994	P
UniProtKB	Q9V471	ZnT35C	GO:0010312		7227	ZnT35C,BG:DS07295.1,Dmel\CG3994,ZNT35C,cg3994,dZnT35C,CG3994,Dmel_CG3994	P
UniProtKB	Q9V674	Cyp6g1	GO:0046701		7227	Cyp6g1,CYP6-like,DDT-R,Rst(2)DDT,CG8453	P
UniProtKB	Q9V674	Cyp6g1	GO:0046701		7227	Cyp6g1,CYP6-like,DDT-R,Rst(2)DDT,CG8453	P
UniProtKB	Q9V674	Cyp6g1	GO:0046701		7227	Cyp6g1,CYP6-like,DDT-R,Rst(2)DDT,CG8453	P
UniProtKB	Q9V675	Cyp6g2	GO:0046701		7227	Cyp6g2,CG8859	P
UniProtKB	Q9V676	Cyp6t3	GO:0046701		7227	Cyp6t3,CG8457	P
UniProtKB	Q9V9L1	Cyp6w1	GO:0046701		7227	Cyp6w1,CG8345	P
UniProtKB	Q9VA37	dj-1beta	GO:0051920		7227	dj-1beta,dj-1-beta,CG1349	F
UniProtKB	Q9VA37	dj-1beta	GO:0098869		7227	dj-1beta,dj-1-beta,CG1349	P
UniProtKB	Q9VA83	Fer2LCH	GO:1990461		7227	Fer2LCH,2LCH,Dmel\CG1469,Fe2LCH,Fer-H,Fer2,Fer2LC,FerLCH,LCH,anon-EST:ParkEST264,fer2,fer2lch,l(3)00035,l(3)07016,l(3)j2A3,l(3)neo60,l(3)neo63,l(3)s2083,CG1469	P
UniProtKB	Q9VAF0	Zip99C	GO:0010312		7227	Zip99C,CG7816	P
UniProtKB	Q9VBK8	Dmel\CG5948	GO:0019430		7227	Dmel\CG5948,CG5948,Dmel_CG5948	P
UniProtKB	Q9VBK8	Dmel\CG5948	GO:0004784		7227	Dmel\CG5948,CG5948,Dmel_CG5948	F
UniProtKB	Q9VBK8	Dmel\CG5948	GO:0016209		7227	Dmel\CG5948,CG5948,Dmel_CG5948	F
UniProtKB	Q9VBK8	Dmel\CG5948	GO:0004784		7227	Dmel\CG5948,CG5948,Dmel_CG5948	F
UniProtKB	Q9VBK8	Dmel\CG5948	GO:0004784		7227	Dmel\CG5948,CG5948,Dmel_CG5948	F
UniProtKB	Q9VC41	CG13632	GO:0004601		7227	CG13632,CG42331-RC,CG6879,Dmel\CG42331,CG42331,Dmel_CG42331	F
UniProtKB	Q9VC41	CG13632	GO:0004601		7227	CG13632,CG42331-RC,CG6879,Dmel\CG42331,CG42331,Dmel_CG42331	F
UniProtKB	Q9VC41	CG13632	GO:0004601		7227	CG13632,CG42331-RC,CG6879,Dmel\CG42331,CG42331,Dmel_CG42331	F
UniProtKB	Q9VC41	CG13632	GO:0098869		7227	CG13632,CG42331-RC,CG6879,Dmel\CG42331,CG42331,Dmel_CG42331	P
UniProtKB	Q9VC41	CG13632	GO:0098869		7227	CG13632,CG42331-RC,CG6879,Dmel\CG42331,CG42331,Dmel_CG42331	P
UniProtKB	Q9VC41	CG13632	GO:0098869		7227	CG13632,CG42331-RC,CG6879,Dmel\CG42331,CG42331,Dmel_CG42331	P
UniProtKB	Q9VC42	CG13632	GO:0004601		7227	CG13632,CG6879,Dmel\CG42331,CG42331,Dmel_CG42331	F
UniProtKB	Q9VC42	CG13632	GO:0004601		7227	CG13632,CG6879,Dmel\CG42331,CG42331,Dmel_CG42331	F
UniProtKB	Q9VC42	CG13632	GO:0004601		7227	CG13632,CG6879,Dmel\CG42331,CG42331,Dmel_CG42331	F
UniProtKB	Q9VC42	CG13632	GO:0098869		7227	CG13632,CG6879,Dmel\CG42331,CG42331,Dmel_CG42331	P
UniProtKB	Q9VC42	CG13632	GO:0098869		7227	CG13632,CG6879,Dmel\CG42331,CG42331,Dmel_CG42331	P
UniProtKB	Q9VC42	CG13632	GO:0098869		7227	CG13632,CG6879,Dmel\CG42331,CG42331,Dmel_CG42331	P
UniProtKB	Q9VCW2	cd	GO:0004601		7227	cd,Dmel\CG6969,PHS,CG6969,Dmel_CG6969	F
UniProtKB	Q9VCW2	cd	GO:0004601		7227	cd,Dmel\CG6969,PHS,CG6969,Dmel_CG6969	F
UniProtKB	Q9VCW2	cd	GO:0004601		7227	cd,Dmel\CG6969,PHS,CG6969,Dmel_CG6969	F
UniProtKB	Q9VCW2	cd	GO:0098869		7227	cd,Dmel\CG6969,PHS,CG6969,Dmel_CG6969	P
UniProtKB	Q9VCW2	cd	GO:0098869		7227	cd,Dmel\CG6969,PHS,CG6969,Dmel_CG6969	P
UniProtKB	Q9VCW2	cd	GO:0098869		7227	cd,Dmel\CG6969,PHS,CG6969,Dmel_CG6969	P
UniProtKB	Q9VCW6	Gclm	GO:0071722		7227	Gclm,4919,DmGCLM,DmGCSl,Dmel\CG4919,GCLM,GCLm,GCSl,Gcsl,box,gclm,CG4919,Dmel_CG4919	P
UniProtKB	Q9VDP9	Dmel\CG4390	GO:0046294		7227	Dmel\CG4390,CG4390,Dmel_CG4390	P
UniProtKB	Q9VEG6	Pxt	GO:0004601		7227	Pxt,CG7660	F
UniProtKB	Q9VEG6	Pxt	GO:0004601		7227	Pxt,CG7660	F
UniProtKB	Q9VEG6	Pxt	GO:0004601		7227	Pxt,CG7660	F
UniProtKB	Q9VEG6	Pxt	GO:0098869		7227	Pxt,CG7660	P
UniProtKB	Q9VEG6	Pxt	GO:0098869		7227	Pxt,CG7660	P
UniProtKB	Q9VEG6	Pxt	GO:0098869		7227	Pxt,CG7660	P
UniProtKB	Q9VEG6	Pxt	GO:0098869		7227	Pxt,CG7660	P
UniProtKB	Q9VEG6	Pxt	GO:0004601		7227	Pxt,CG7660	F
UniProtKB	Q9VEJ0	Prx3	GO:0008379		7227	Prx3,DPx-5037,DPx5037,Dmel\CG5826,Prx5037,dPrx3,dprx3,mTPx,mtTPx,peroxiredoxin 5037,CG5826,Dmel_CG5826	F
UniProtKB	Q9VEJ0	Prx3	GO:0016209		7227	Prx3,DPx-5037,DPx5037,Dmel\CG5826,Prx5037,dPrx3,dprx3,mTPx,mtTPx,peroxiredoxin 5037,CG5826,Dmel_CG5826	F
UniProtKB	Q9VEJ0	Prx3	GO:0051920		7227	Prx3,DPx-5037,DPx5037,Dmel\CG5826,Prx5037,dPrx3,dprx3,mTPx,mtTPx,peroxiredoxin 5037,CG5826,Dmel_CG5826	F
UniProtKB	Q9VEJ0	Prx3	GO:0016209		7227	Prx3,DPx-5037,DPx5037,Dmel\CG5826,Prx5037,dPrx3,dprx3,mTPx,mtTPx,peroxiredoxin 5037,CG5826,Dmel_CG5826	F
UniProtKB	Q9VEJ0	Prx3	GO:0004601		7227	Prx3,DPx-5037,DPx5037,Dmel\CG5826,Prx5037,dPrx3,dprx3,mTPx,mtTPx,peroxiredoxin 5037,CG5826,Dmel_CG5826	F
UniProtKB	Q9VEJ0	Prx3	GO:0008379		7227	Prx3,DPx-5037,DPx5037,Dmel\CG5826,Prx5037,dPrx3,dprx3,mTPx,mtTPx,peroxiredoxin 5037,CG5826,Dmel_CG5826	F
UniProtKB	Q9VEJ0	Prx3	GO:0098869		7227	Prx3,DPx-5037,DPx5037,Dmel\CG5826,Prx5037,dPrx3,dprx3,mTPx,mtTPx,peroxiredoxin 5037,CG5826,Dmel_CG5826	P
UniProtKB	Q9VEJ0	Prx3	GO:0098869		7227	Prx3,DPx-5037,DPx5037,Dmel\CG5826,Prx5037,dPrx3,dprx3,mTPx,mtTPx,peroxiredoxin 5037,CG5826,Dmel_CG5826	P
UniProtKB	Q9VEJ0	Prx3	GO:0098869		7227	Prx3,DPx-5037,DPx5037,Dmel\CG5826,Prx5037,dPrx3,dprx3,mTPx,mtTPx,peroxiredoxin 5037,CG5826,Dmel_CG5826	P
UniProtKB	Q9VEJ0	Prx3	GO:0098869		7227	Prx3,DPx-5037,DPx5037,Dmel\CG5826,Prx5037,dPrx3,dprx3,mTPx,mtTPx,peroxiredoxin 5037,CG5826,Dmel_CG5826	P
UniProtKB	Q9VEJ0	Prx3	GO:0098869		7227	Prx3,DPx-5037,DPx5037,Dmel\CG5826,Prx5037,dPrx3,dprx3,mTPx,mtTPx,peroxiredoxin 5037,CG5826,Dmel_CG5826	P
UniProtKB	Q9VEJ0	Prx3	GO:0098869		7227	Prx3,DPx-5037,DPx5037,Dmel\CG5826,Prx5037,dPrx3,dprx3,mTPx,mtTPx,peroxiredoxin 5037,CG5826,Dmel_CG5826	P
UniProtKB	Q9VEJ9	cysu	GO:0004601		7227	cysu,Cysu,Dmel\CG5873,Q9VEJ9,CG5873,Dmel_CG5873	F
UniProtKB	Q9VEJ9	cysu	GO:0004601		7227	cysu,Cysu,Dmel\CG5873,Q9VEJ9,CG5873,Dmel_CG5873	F
UniProtKB	Q9VEJ9	cysu	GO:0004601		7227	cysu,Cysu,Dmel\CG5873,Q9VEJ9,CG5873,Dmel_CG5873	F
UniProtKB	Q9VEJ9	cysu	GO:0098869		7227	cysu,Cysu,Dmel\CG5873,Q9VEJ9,CG5873,Dmel_CG5873	P
UniProtKB	Q9VEJ9	cysu	GO:0098869		7227	cysu,Cysu,Dmel\CG5873,Q9VEJ9,CG5873,Dmel_CG5873	P
UniProtKB	Q9VEJ9	cysu	GO:0098869		7227	cysu,Cysu,Dmel\CG5873,Q9VEJ9,CG5873,Dmel_CG5873	P
UniProtKB	Q9VEP3	Dmel\CG4009	GO:0004601		7227	Dmel\CG4009,CG4009,Dmel_CG4009	F
UniProtKB	Q9VEP3	Dmel\CG4009	GO:0004601		7227	Dmel\CG4009,CG4009,Dmel_CG4009	F
UniProtKB	Q9VEP3	Dmel\CG4009	GO:0004601		7227	Dmel\CG4009,CG4009,Dmel_CG4009	F
UniProtKB	Q9VEP3	Dmel\CG4009	GO:0098869		7227	Dmel\CG4009,CG4009,Dmel_CG4009	P
UniProtKB	Q9VEP3	Dmel\CG4009	GO:0098869		7227	Dmel\CG4009,CG4009,Dmel_CG4009	P
UniProtKB	Q9VEP3	Dmel\CG4009	GO:0098869		7227	Dmel\CG4009,CG4009,Dmel_CG4009	P
UniProtKB	Q9VEP8	Irc	GO:0004601		7227	Irc,Dmel\CG8913,IRC,irc,CG8913,Dmel_CG8913	F
UniProtKB	Q9VEP8	Irc	GO:0004601		7227	Irc,Dmel\CG8913,IRC,irc,CG8913,Dmel_CG8913	F
UniProtKB	Q9VEP8	Irc	GO:0004601		7227	Irc,Dmel\CG8913,IRC,irc,CG8913,Dmel_CG8913	F
UniProtKB	Q9VEP8	Irc	GO:0004096		7227	Irc,Dmel\CG8913,IRC,irc,CG8913,Dmel_CG8913	F
UniProtKB	Q9VEP8	Irc	GO:0098869		7227	Irc,Dmel\CG8913,IRC,irc,CG8913,Dmel_CG8913	P
UniProtKB	Q9VEP8	Irc	GO:0004096		7227	Irc,Dmel\CG8913,IRC,irc,CG8913,Dmel_CG8913	F
UniProtKB	Q9VEX1	Zip89B	GO:0010312		7227	Zip89B,Dmel\CG6898,ZIP3,ZIP89B,Zip3,Zip3-RA,cg6898,dZIP89B,dZip3,dZip89B,CG6898,Dmel_CG6898	P
UniProtKB	Q9VF15	glob1	GO:0004601		7227	glob1,DmHb,DmHb1,DmeGb1,DmeGlob1,Dmel\CG9734,DroHb,Glob1,Hb,dmeglob1,globin1,CG9734,Dmel_CG9734	F
UniProtKB	Q9VF15	glob1	GO:0004601		7227	glob1,DmHb,DmHb1,DmeGb1,DmeGlob1,Dmel\CG9734,DroHb,Glob1,Hb,dmeglob1,globin1,CG9734,Dmel_CG9734	F
UniProtKB	Q9VF15	glob1	GO:0098869		7227	glob1,DmHb,DmHb1,DmeGb1,DmeGlob1,Dmel\CG9734,DroHb,Glob1,Hb,dmeglob1,globin1,CG9734,Dmel_CG9734	P
UniProtKB	Q9VF15	glob1	GO:0098869		7227	glob1,DmHb,DmHb1,DmeGb1,DmeGlob1,Dmel\CG9734,DroHb,Glob1,Hb,dmeglob1,globin1,CG9734,Dmel_CG9734	P
UniProtKB	Q9VF20	Hmt-1	GO:0098849		7227	Hmt-1,ABCB6,Dmel\CG4225,EP(3)3387,hmt-1,CG4225,Dmel_CG4225	P
UniProtKB	Q9VG92	GstD8	GO:0004601		7227	GstD8,DmGST27,DmGSTD8,Dmel\CG4421,GST,GST D27,GSTD8,Gst,GstD27,gstD27,gstD8,gstd8,CG4421,Dmel_CG4421	F
UniProtKB	Q9VG92	GstD8	GO:0004602		7227	GstD8,DmGST27,DmGSTD8,Dmel\CG4421,GST,GST D27,GSTD8,Gst,GstD27,gstD27,gstD8,gstd8,CG4421,Dmel_CG4421	F
UniProtKB	Q9VG92	GstD8	GO:0004602		7227	GstD8,DmGST27,DmGSTD8,Dmel\CG4421,GST,GST D27,GSTD8,Gst,GstD27,gstD27,gstD8,gstd8,CG4421,Dmel_CG4421	F
UniProtKB	Q9VG92	GstD8	GO:0098869		7227	GstD8,DmGST27,DmGSTD8,Dmel\CG4421,GST,GST D27,GSTD8,Gst,GstD27,gstD27,gstD8,gstd8,CG4421,Dmel_CG4421	P
UniProtKB	Q9VG92	GstD8	GO:0098869		7227	GstD8,DmGST27,DmGSTD8,Dmel\CG4421,GST,GST D27,GSTD8,Gst,GstD27,gstD27,gstD8,gstd8,CG4421,Dmel_CG4421	P
UniProtKB	Q9VG92	GstD8	GO:0098869		7227	GstD8,DmGST27,DmGSTD8,Dmel\CG4421,GST,GST D27,GSTD8,Gst,GstD27,gstD27,gstD8,gstd8,CG4421,Dmel_CG4421	P
UniProtKB	Q9VG98	GstD2	GO:0004602		7227	GstD2,GSTD2-2,gstD21,CG4181	F
UniProtKB	Q9VG98	GstD2	GO:0098869		7227	GstD2,GSTD2-2,gstD21,CG4181	P
UniProtKB	Q9VGS1	ZnT86D	GO:0010312		7227	ZnT86D,CG6672-RA,Dmel\CG6672,ZNT86D,cg6672,dZNT7,dZNT86D,dZnT7,dZnT86D,CG6672,Dmel_CG6672	P
UniProtKB	Q9VJ80	Dmel\CG10211	GO:0004601		7227	Dmel\CG10211,CG10211,Dmel_CG10211	F
UniProtKB	Q9VJ80	Dmel\CG10211	GO:0004601		7227	Dmel\CG10211,CG10211,Dmel_CG10211	F
UniProtKB	Q9VJ80	Dmel\CG10211	GO:0004601		7227	Dmel\CG10211,CG10211,Dmel_CG10211	F
UniProtKB	Q9VJ80	Dmel\CG10211	GO:0098869		7227	Dmel\CG10211,CG10211,Dmel_CG10211	P
UniProtKB	Q9VJ80	Dmel\CG10211	GO:0098869		7227	Dmel\CG10211,CG10211,Dmel_CG10211	P
UniProtKB	Q9VJ80	Dmel\CG10211	GO:0098869		7227	Dmel\CG10211,CG10211,Dmel_CG10211	P
UniProtKB	Q9VKA3	ZnT33D	GO:0010312		7227	ZnT33D,CG17215,Dmel\CG31860,ZNT33D,cg31860,dZnT33D,CG31860,Dmel_CG31860	P
UniProtKB	Q9VLI6	Dmel\CG9314	GO:0004096		7227	Dmel\CG9314,CT26521,CatB,anon-WO0140519.249,CG9314,Dmel_CG9314	F
UniProtKB	Q9VLI6	Dmel\CG9314	GO:0004096		7227	Dmel\CG9314,CT26521,CatB,anon-WO0140519.249,CG9314,Dmel_CG9314	F
UniProtKB	Q9VLI6	Dmel\CG9314	GO:0004601		7227	Dmel\CG9314,CT26521,CatB,anon-WO0140519.249,CG9314,Dmel_CG9314	F
UniProtKB	Q9VLI6	Dmel\CG9314	GO:0004096		7227	Dmel\CG9314,CT26521,CatB,anon-WO0140519.249,CG9314,Dmel_CG9314	F
UniProtKB	Q9VLI6	Dmel\CG9314	GO:0004096		7227	Dmel\CG9314,CT26521,CatB,anon-WO0140519.249,CG9314,Dmel_CG9314	F
UniProtKB	Q9VLI6	Dmel\CG9314	GO:0098869		7227	Dmel\CG9314,CT26521,CatB,anon-WO0140519.249,CG9314,Dmel_CG9314	P
UniProtKB	Q9VLI6	Dmel\CG9314	GO:0098869		7227	Dmel\CG9314,CT26521,CatB,anon-WO0140519.249,CG9314,Dmel_CG9314	P
UniProtKB	Q9VLI6	Dmel\CG9314	GO:0098869		7227	Dmel\CG9314,CT26521,CatB,anon-WO0140519.249,CG9314,Dmel_CG9314	P
UniProtKB	Q9VLI6	Dmel\CG9314	GO:0098869		7227	Dmel\CG9314,CT26521,CatB,anon-WO0140519.249,CG9314,Dmel_CG9314	P
UniProtKB	Q9VLI6	Dmel\CG9314	GO:0098869		7227	Dmel\CG9314,CT26521,CatB,anon-WO0140519.249,CG9314,Dmel_CG9314	P
UniProtKB	Q9VMQ9	cl	GO:0004601		7227	cl,BcDNA:RE06767,Dmel\CG11024,clot,CG11024,Dmel_CG11024	F
UniProtKB	Q9VMQ9	cl	GO:0098869		7227	cl,BcDNA:RE06767,Dmel\CG11024,clot,CG11024,Dmel_CG11024	P
UniProtKB	Q9VMV6	SelT	GO:0004791		7227	SelT,CG3887	F
UniProtKB	Q9VMV6	SelT	GO:0004791		7227	SelT,CG3887	F
UniProtKB	Q9VMV6	SelT	GO:0004791		7227	SelT,CG3887	F
UniProtKB	Q9VMV6	SelT	GO:0004791		7227	SelT,CG3887	F
UniProtKB	Q9VMV6	SelT	GO:0098869		7227	SelT,CG3887	P
UniProtKB	Q9VMV6	SelT	GO:0098869		7227	SelT,CG3887	P
UniProtKB	Q9VMV6	SelT	GO:0098869		7227	SelT,CG3887	P
UniProtKB	Q9VMV6	SelT	GO:0098869		7227	SelT,CG3887	P
UniProtKB	Q9VNT5	Trxr-2	GO:0004791		7227	Trxr-2,CG11401	F
UniProtKB	Q9VNT5	Trxr-2	GO:0004791		7227	Trxr-2,CG11401	F
UniProtKB	Q9VNT5	Trxr-2	GO:0004791		7227	Trxr-2,CG11401	F
UniProtKB	Q9VNT5	Trxr-2	GO:0004791		7227	Trxr-2,CG11401	F
UniProtKB	Q9VNT5	Trxr-2	GO:0004791		7227	Trxr-2,CG11401	F
UniProtKB	Q9VNT5	Trxr-2	GO:0004791		7227	Trxr-2,CG11401	F
UniProtKB	Q9VNT5	Trxr-2	GO:0098869		7227	Trxr-2,CG11401	P
UniProtKB	Q9VNT5	Trxr-2	GO:0098869		7227	Trxr-2,CG11401	P
UniProtKB	Q9VNT5	Trxr-2	GO:0098869		7227	Trxr-2,CG11401	P
UniProtKB	Q9VNT5	Trxr-2	GO:0098869		7227	Trxr-2,CG11401	P
UniProtKB	Q9VNT5	Trxr-2	GO:0098869		7227	Trxr-2,CG11401	P
UniProtKB	Q9VNT5	Trxr-2	GO:0098869		7227	Trxr-2,CG11401	P
UniProtKB	Q9VPE3	ZnT77C	GO:0010312		7227	ZnT77C,CG5130-RA,Dmel\CG5130,ZNT77C,anon-WO0118547.435,cg5130,dZnT77C,CG5130,Dmel_CG5130	P
UniProtKB	Q9VPE3	ZnT77C	GO:0010312		7227	ZnT77C,CG5130-RA,Dmel\CG5130,ZNT77C,anon-WO0118547.435,cg5130,dZnT77C,CG5130,Dmel_CG5130	P
UniProtKB	Q9VQH2	Duox	GO:0004601		7227	Duox,CG3131	F
UniProtKB	Q9VQH2	Duox	GO:0004601		7227	Duox,CG3131	F
UniProtKB	Q9VQH2	Duox	GO:0004601		7227	Duox,CG3131	F
UniProtKB	Q9VQH2	Duox	GO:0098869		7227	Duox,CG3131	P
UniProtKB	Q9VQH2	Duox	GO:0098869		7227	Duox,CG3131	P
UniProtKB	Q9VQH2	Duox	GO:0098869		7227	Duox,CG3131	P
UniProtKB	Q9VQI7	Prx6005	GO:0098869		7227	Prx6005,153181_at,DPx-6005,DPx6005,Dmel\CG3083,GM04269p,dPrx6b,CG3083,Dmel_CG3083	P
UniProtKB	Q9VQI7	Prx6005	GO:0008379		7227	Prx6005,153181_at,DPx-6005,DPx6005,Dmel\CG3083,GM04269p,dPrx6b,CG3083,Dmel_CG3083	F
UniProtKB	Q9VQI7	Prx6005	GO:0016209		7227	Prx6005,153181_at,DPx-6005,DPx6005,Dmel\CG3083,GM04269p,dPrx6b,CG3083,Dmel_CG3083	F
UniProtKB	Q9VQI7	Prx6005	GO:0051920		7227	Prx6005,153181_at,DPx-6005,DPx6005,Dmel\CG3083,GM04269p,dPrx6b,CG3083,Dmel_CG3083	F
UniProtKB	Q9VQI7	Prx6005	GO:0016209		7227	Prx6005,153181_at,DPx-6005,DPx6005,Dmel\CG3083,GM04269p,dPrx6b,CG3083,Dmel_CG3083	F
UniProtKB	Q9VQI7	Prx6005	GO:0004601		7227	Prx6005,153181_at,DPx-6005,DPx6005,Dmel\CG3083,GM04269p,dPrx6b,CG3083,Dmel_CG3083	F
UniProtKB	Q9VQI7	Prx6005	GO:0004601		7227	Prx6005,153181_at,DPx-6005,DPx6005,Dmel\CG3083,GM04269p,dPrx6b,CG3083,Dmel_CG3083	F
UniProtKB	Q9VQI7	Prx6005	GO:0004601		7227	Prx6005,153181_at,DPx-6005,DPx6005,Dmel\CG3083,GM04269p,dPrx6b,CG3083,Dmel_CG3083	F
UniProtKB	Q9VRA4	GstT3	GO:0004601		7227	GstT3,DmGSTT3a,DmGSTT3b,Dmel\CG1702,GSTT3,GSTT3a,GSTT3b,cg1702,gstt3,CG1702,Dmel_CG1702	F
UniProtKB	Q9VRA4	GstT3	GO:0004602		7227	GstT3,DmGSTT3a,DmGSTT3b,Dmel\CG1702,GSTT3,GSTT3a,GSTT3b,cg1702,gstt3,CG1702,Dmel_CG1702	F
UniProtKB	Q9VRA4	GstT3	GO:0098869		7227	GstT3,DmGSTT3a,DmGSTT3b,Dmel\CG1702,GSTT3,GSTT3a,GSTT3b,cg1702,gstt3,CG1702,Dmel_CG1702	P
UniProtKB	Q9VRA4	GstT3	GO:0098869		7227	GstT3,DmGSTT3a,DmGSTT3b,Dmel\CG1702,GSTT3,GSTT3a,GSTT3b,cg1702,gstt3,CG1702,Dmel_CG1702	P
UniProtKB	Q9VRB3	Cyp6v1	GO:0046701		7227	Cyp6v1,CG1829	P
UniProtKB	Q9VRI9	Cyp6t1	GO:0046701		7227	Cyp6t1,CG1644	P
UniProtKB	Q9VRP3	Txl	GO:0004791		7227	Txl,5495,Dmel\CG5495,Txl-RA,anon-WO0118547.248,txl,CG5495,Dmel_CG5495	F
UniProtKB	Q9VSL2	GstO3	GO:0045174		7227	GstO3,DmGSTO3,Dmel\CG6776,GSTO3,T14,CG6776,Dmel_CG6776	F
UniProtKB	Q9VSL2	GstO3	GO:0045174		7227	GstO3,DmGSTO3,Dmel\CG6776,GSTO3,T14,CG6776,Dmel_CG6776	F
UniProtKB	Q9VSL2	GstO3	GO:0045174		7227	GstO3,DmGSTO3,Dmel\CG6776,GSTO3,T14,CG6776,Dmel_CG6776	F
UniProtKB	Q9VSL2	GstO3	GO:0098869		7227	GstO3,DmGSTO3,Dmel\CG6776,GSTO3,T14,CG6776,Dmel_CG6776	P
UniProtKB	Q9VSL2	GstO3	GO:0098869		7227	GstO3,DmGSTO3,Dmel\CG6776,GSTO3,T14,CG6776,Dmel_CG6776	P
UniProtKB	Q9VSL2	GstO3	GO:0098869		7227	GstO3,DmGSTO3,Dmel\CG6776,GSTO3,T14,CG6776,Dmel_CG6776	P
UniProtKB	Q9VSL2	GstO3	GO:0098869		7227	GstO3,DmGSTO3,Dmel\CG6776,GSTO3,T14,CG6776,Dmel_CG6776	P
UniProtKB	Q9VSL2	GstO3	GO:0045174		7227	GstO3,DmGSTO3,Dmel\CG6776,GSTO3,T14,CG6776,Dmel_CG6776	F
UniProtKB	Q9VSL3	se	GO:0045174		7227	se,CG6781	F
UniProtKB	Q9VSL3	se	GO:0045174		7227	se,CG6781	F
UniProtKB	Q9VSL3	se	GO:0098869		7227	se,CG6781	P
UniProtKB	Q9VSL3	se	GO:0098869		7227	se,CG6781	P
UniProtKB	Q9VSL3	se	GO:0098869		7227	se,CG6781	P
UniProtKB	Q9VSL3	se	GO:0045174		7227	se,CG6781	F
UniProtKB	Q9VSL4	GstO2	GO:0045174		7227	GstO2,CG6673-A,CG6673-B,CG6673A,CG6673B,DmGSTO1,DmGSTO2a,DmGSTO2b,Dmel\CG6673,GSTO2,GSTO2a,GSTO2b,anon-EST:Posey29,gsto2,CG6673,CG6673-PB,CG6673-RB,Dmel_CG6673	F
UniProtKB	Q9VSL4	GstO2	GO:0045174		7227	GstO2,CG6673-A,CG6673-B,CG6673A,CG6673B,DmGSTO1,DmGSTO2a,DmGSTO2b,Dmel\CG6673,GSTO2,GSTO2a,GSTO2b,anon-EST:Posey29,gsto2,CG6673,CG6673-PB,CG6673-RB,Dmel_CG6673	F
UniProtKB	Q9VSL4	GstO2	GO:0045174		7227	GstO2,CG6673-A,CG6673-B,CG6673A,CG6673B,DmGSTO1,DmGSTO2a,DmGSTO2b,Dmel\CG6673,GSTO2,GSTO2a,GSTO2b,anon-EST:Posey29,gsto2,CG6673,CG6673-PB,CG6673-RB,Dmel_CG6673	F
UniProtKB	Q9VSL4	GstO2	GO:0045174		7227	GstO2,CG6673-A,CG6673-B,CG6673A,CG6673B,DmGSTO1,DmGSTO2a,DmGSTO2b,Dmel\CG6673,GSTO2,GSTO2a,GSTO2b,anon-EST:Posey29,gsto2,CG6673,CG6673-PB,CG6673-RB,Dmel_CG6673	F
UniProtKB	Q9VSL4	GstO2	GO:0098869		7227	GstO2,CG6673-A,CG6673-B,CG6673A,CG6673B,DmGSTO1,DmGSTO2a,DmGSTO2b,Dmel\CG6673,GSTO2,GSTO2a,GSTO2b,anon-EST:Posey29,gsto2,CG6673,CG6673-PB,CG6673-RB,Dmel_CG6673	P
UniProtKB	Q9VSL4	GstO2	GO:0098869		7227	GstO2,CG6673-A,CG6673-B,CG6673A,CG6673B,DmGSTO1,DmGSTO2a,DmGSTO2b,Dmel\CG6673,GSTO2,GSTO2a,GSTO2b,anon-EST:Posey29,gsto2,CG6673,CG6673-PB,CG6673-RB,Dmel_CG6673	P
UniProtKB	Q9VSL4	GstO2	GO:0098869		7227	GstO2,CG6673-A,CG6673-B,CG6673A,CG6673B,DmGSTO1,DmGSTO2a,DmGSTO2b,Dmel\CG6673,GSTO2,GSTO2a,GSTO2b,anon-EST:Posey29,gsto2,CG6673,CG6673-PB,CG6673-RB,Dmel_CG6673	P
UniProtKB	Q9VSL4	GstO2	GO:0098869		7227	GstO2,CG6673-A,CG6673-B,CG6673A,CG6673B,DmGSTO1,DmGSTO2a,DmGSTO2b,Dmel\CG6673,GSTO2,GSTO2a,GSTO2b,anon-EST:Posey29,gsto2,CG6673,CG6673-PB,CG6673-RB,Dmel_CG6673	P
UniProtKB	Q9VSL4	GstO2	GO:0098869		7227	GstO2,CG6673-A,CG6673-B,CG6673A,CG6673B,DmGSTO1,DmGSTO2a,DmGSTO2b,Dmel\CG6673,GSTO2,GSTO2a,GSTO2b,anon-EST:Posey29,gsto2,CG6673,CG6673-PB,CG6673-RB,Dmel_CG6673	P
UniProtKB	Q9VSL4	GstO2	GO:0045174		7227	GstO2,CG6673-A,CG6673-B,CG6673A,CG6673B,DmGSTO1,DmGSTO2a,DmGSTO2b,Dmel\CG6673,GSTO2,GSTO2a,GSTO2b,anon-EST:Posey29,gsto2,CG6673,CG6673-PB,CG6673-RB,Dmel_CG6673	F
UniProtKB	Q9VSL5	GstO2	GO:0045174		7227	GstO2,CG6673-A,CG6673-B,CG6673A,CG6673B,DmGSTO1,DmGSTO2a,DmGSTO2b,Dmel\CG6673,GSTO2,GSTO2a,GSTO2b,anon-EST:Posey29,gsto2,CG6673,CG6673-RA,Dmel_CG6673	F
UniProtKB	Q9VSL5	GstO2	GO:0045174		7227	GstO2,CG6673-A,CG6673-B,CG6673A,CG6673B,DmGSTO1,DmGSTO2a,DmGSTO2b,Dmel\CG6673,GSTO2,GSTO2a,GSTO2b,anon-EST:Posey29,gsto2,CG6673,CG6673-RA,Dmel_CG6673	F
UniProtKB	Q9VSL5	GstO2	GO:0045174		7227	GstO2,CG6673-A,CG6673-B,CG6673A,CG6673B,DmGSTO1,DmGSTO2a,DmGSTO2b,Dmel\CG6673,GSTO2,GSTO2a,GSTO2b,anon-EST:Posey29,gsto2,CG6673,CG6673-RA,Dmel_CG6673	F
UniProtKB	Q9VSL5	GstO2	GO:0045174		7227	GstO2,CG6673-A,CG6673-B,CG6673A,CG6673B,DmGSTO1,DmGSTO2a,DmGSTO2b,Dmel\CG6673,GSTO2,GSTO2a,GSTO2b,anon-EST:Posey29,gsto2,CG6673,CG6673-RA,Dmel_CG6673	F
UniProtKB	Q9VSL5	GstO2	GO:0098869		7227	GstO2,CG6673-A,CG6673-B,CG6673A,CG6673B,DmGSTO1,DmGSTO2a,DmGSTO2b,Dmel\CG6673,GSTO2,GSTO2a,GSTO2b,anon-EST:Posey29,gsto2,CG6673,CG6673-RA,Dmel_CG6673	P
UniProtKB	Q9VSL5	GstO2	GO:0098869		7227	GstO2,CG6673-A,CG6673-B,CG6673A,CG6673B,DmGSTO1,DmGSTO2a,DmGSTO2b,Dmel\CG6673,GSTO2,GSTO2a,GSTO2b,anon-EST:Posey29,gsto2,CG6673,CG6673-RA,Dmel_CG6673	P
UniProtKB	Q9VSL5	GstO2	GO:0098869		7227	GstO2,CG6673-A,CG6673-B,CG6673A,CG6673B,DmGSTO1,DmGSTO2a,DmGSTO2b,Dmel\CG6673,GSTO2,GSTO2a,GSTO2b,anon-EST:Posey29,gsto2,CG6673,CG6673-RA,Dmel_CG6673	P
UniProtKB	Q9VSL5	GstO2	GO:0098869		7227	GstO2,CG6673-A,CG6673-B,CG6673A,CG6673B,DmGSTO1,DmGSTO2a,DmGSTO2b,Dmel\CG6673,GSTO2,GSTO2a,GSTO2b,anon-EST:Posey29,gsto2,CG6673,CG6673-RA,Dmel_CG6673	P
UniProtKB	Q9VSL5	GstO2	GO:0098869		7227	GstO2,CG6673-A,CG6673-B,CG6673A,CG6673B,DmGSTO1,DmGSTO2a,DmGSTO2b,Dmel\CG6673,GSTO2,GSTO2a,GSTO2b,anon-EST:Posey29,gsto2,CG6673,CG6673-RA,Dmel_CG6673	P
UniProtKB	Q9VSL5	GstO2	GO:0045174		7227	GstO2,CG6673-A,CG6673-B,CG6673A,CG6673B,DmGSTO1,DmGSTO2a,DmGSTO2b,Dmel\CG6673,GSTO2,GSTO2a,GSTO2b,anon-EST:Posey29,gsto2,CG6673,CG6673-RA,Dmel_CG6673	F
UniProtKB	Q9VSL6	GstO1	GO:0045174		7227	GstO1,DmGSTO1,Dmel\CG6662,GSTO1,dGstO1,CG6662,Dmel_CG6662	F
UniProtKB	Q9VSL6	GstO1	GO:0045174		7227	GstO1,DmGSTO1,Dmel\CG6662,GSTO1,dGstO1,CG6662,Dmel_CG6662	F
UniProtKB	Q9VSL6	GstO1	GO:0045174		7227	GstO1,DmGSTO1,Dmel\CG6662,GSTO1,dGstO1,CG6662,Dmel_CG6662	F
UniProtKB	Q9VSL6	GstO1	GO:0098869		7227	GstO1,DmGSTO1,Dmel\CG6662,GSTO1,dGstO1,CG6662,Dmel_CG6662	P
UniProtKB	Q9VSL6	GstO1	GO:0098869		7227	GstO1,DmGSTO1,Dmel\CG6662,GSTO1,dGstO1,CG6662,Dmel_CG6662	P
UniProtKB	Q9VSL6	GstO1	GO:0098869		7227	GstO1,DmGSTO1,Dmel\CG6662,GSTO1,dGstO1,CG6662,Dmel_CG6662	P
UniProtKB	Q9VSL6	GstO1	GO:0098869		7227	GstO1,DmGSTO1,Dmel\CG6662,GSTO1,dGstO1,CG6662,Dmel_CG6662	P
UniProtKB	Q9VSL6	GstO1	GO:0045174		7227	GstO1,DmGSTO1,Dmel\CG6662,GSTO1,dGstO1,CG6662,Dmel_CG6662	F
UniProtKB	Q9VUM4	Dmel\CG6888	GO:0019430		7227	Dmel\CG6888,6888,BcDNA:AT16346,CG6888,Dmel_CG6888	P
UniProtKB	Q9VUM4	Dmel\CG6888	GO:0016209		7227	Dmel\CG6888,6888,BcDNA:AT16346,CG6888,Dmel_CG6888	F
UniProtKB	Q9VUM4	Dmel\CG6888	GO:0051920		7227	Dmel\CG6888,6888,BcDNA:AT16346,CG6888,Dmel_CG6888	F
UniProtKB	Q9VUM4	Dmel\CG6888	GO:0016209		7227	Dmel\CG6888,6888,BcDNA:AT16346,CG6888,Dmel_CG6888	F
UniProtKB	Q9VUM4	Dmel\CG6888	GO:0004601		7227	Dmel\CG6888,6888,BcDNA:AT16346,CG6888,Dmel_CG6888	F
UniProtKB	Q9VUM4	Dmel\CG6888	GO:0051920		7227	Dmel\CG6888,6888,BcDNA:AT16346,CG6888,Dmel_CG6888	F
UniProtKB	Q9VUM4	Dmel\CG6888	GO:0004601		7227	Dmel\CG6888,6888,BcDNA:AT16346,CG6888,Dmel_CG6888	F
UniProtKB	Q9VVT6	Grx1	GO:0004362		7227	Grx1,BcDNA:GH24739,Dmel\CG6852,CG6852,Dmel_CG6852	F
UniProtKB	Q9VVT6	Grx1	GO:0098869		7227	Grx1,BcDNA:GH24739,Dmel\CG6852,CG6852,Dmel_CG6852	P
UniProtKB	Q9VX10	CG6762	GO:0032542		7227	CG6762	F
UniProtKB	Q9VX10	CG6762	GO:0032542		7227	CG6762	F
UniProtKB	Q9VX10	CG6762	GO:0016209		7227	CG6762	F
UniProtKB	Q9VX10	CG6762	GO:0032542		7227	CG6762	F
UniProtKB	Q9VX10	CG6762	GO:0032542		7227	CG6762	F
UniProtKB	Q9VX10	CG6762	GO:0098869		7227	CG6762	P
UniProtKB	Q9VX10	CG6762	GO:0098869		7227	CG6762	P
UniProtKB	Q9VX10	CG6762	GO:0098869		7227	CG6762	P
UniProtKB	Q9VX10	CG6762	GO:0098869		7227	CG6762	P
UniProtKB	Q9VX10	CG6762	GO:0098869		7227	CG6762	P
UniProtKB	Q9VY78	Clic	GO:0004601		7227	Clic,CLIC,DCLIC,DmCLIC,Dmel\CG10997,clic,l(1)G0053,l(1)G0472,CG10997,Dmel_CG10997	F
UniProtKB	Q9VY78	Clic	GO:0004602		7227	Clic,CLIC,DCLIC,DmCLIC,Dmel\CG10997,clic,l(1)G0053,l(1)G0472,CG10997,Dmel_CG10997	F
UniProtKB	Q9VY78	Clic	GO:0004602		7227	Clic,CLIC,DCLIC,DmCLIC,Dmel\CG10997,clic,l(1)G0053,l(1)G0472,CG10997,Dmel_CG10997	F
UniProtKB	Q9VY78	Clic	GO:0098869		7227	Clic,CLIC,DCLIC,DmCLIC,Dmel\CG10997,clic,l(1)G0053,l(1)G0472,CG10997,Dmel_CG10997	P
UniProtKB	Q9VY78	Clic	GO:0098869		7227	Clic,CLIC,DCLIC,DmCLIC,Dmel\CG10997,clic,l(1)G0053,l(1)G0472,CG10997,Dmel_CG10997	P
UniProtKB	Q9VY78	Clic	GO:0098869		7227	Clic,CLIC,DCLIC,DmCLIC,Dmel\CG10997,clic,l(1)G0053,l(1)G0472,CG10997,Dmel_CG10997	P
UniProtKB	Q9VZQ8	PHGPx	GO:0004601		7227	PHGPx,DmGPx,DmPHGPx,Dmel\CG12013,GPx,GTPx,GTPx-1,Gpx,Gtpx-1,PGTPx,PHGPx-RA,Tpx1,anon-WO0257455.17,phGpx,CG12013,Dmel_CG12013	F
UniProtKB	Q9VZQ8	PHGPx	GO:0004602		7227	PHGPx,DmGPx,DmPHGPx,Dmel\CG12013,GPx,GTPx,GTPx-1,Gpx,Gtpx-1,PGTPx,PHGPx-RA,Tpx1,anon-WO0257455.17,phGpx,CG12013,Dmel_CG12013	F
UniProtKB	Q9VZQ8	PHGPx	GO:0004601		7227	PHGPx,DmGPx,DmPHGPx,Dmel\CG12013,GPx,GTPx,GTPx-1,Gpx,Gtpx-1,PGTPx,PHGPx-RA,Tpx1,anon-WO0257455.17,phGpx,CG12013,Dmel_CG12013	F
UniProtKB	Q9VZQ8	PHGPx	GO:0004601		7227	PHGPx,DmGPx,DmPHGPx,Dmel\CG12013,GPx,GTPx,GTPx-1,Gpx,Gtpx-1,PGTPx,PHGPx-RA,Tpx1,anon-WO0257455.17,phGpx,CG12013,Dmel_CG12013	F
UniProtKB	Q9VZQ8	PHGPx	GO:0098869		7227	PHGPx,DmGPx,DmPHGPx,Dmel\CG12013,GPx,GTPx,GTPx-1,Gpx,Gtpx-1,PGTPx,PHGPx-RA,Tpx1,anon-WO0257455.17,phGpx,CG12013,Dmel_CG12013	P
UniProtKB	Q9VZQ8	PHGPx	GO:0098869		7227	PHGPx,DmGPx,DmPHGPx,Dmel\CG12013,GPx,GTPx,GTPx-1,Gpx,Gtpx-1,PGTPx,PHGPx-RA,Tpx1,anon-WO0257455.17,phGpx,CG12013,Dmel_CG12013	P
UniProtKB	Q9VZQ8	PHGPx	GO:0098869		7227	PHGPx,DmGPx,DmPHGPx,Dmel\CG12013,GPx,GTPx,GTPx-1,Gpx,Gtpx-1,PGTPx,PHGPx-RA,Tpx1,anon-WO0257455.17,phGpx,CG12013,Dmel_CG12013	P
UniProtKB	Q9VZQ8	PHGPx	GO:0098869		7227	PHGPx,DmGPx,DmPHGPx,Dmel\CG12013,GPx,GTPx,GTPx-1,Gpx,Gtpx-1,PGTPx,PHGPx-RA,Tpx1,anon-WO0257455.17,phGpx,CG12013,Dmel_CG12013	P
UniProtKB	Q9VZZ4	Pxn	GO:0004601		7227	Pxn,CG12002	F
UniProtKB	Q9VZZ4	Pxn	GO:0004601		7227	Pxn,CG12002	F
UniProtKB	Q9VZZ4	Pxn	GO:0004601		7227	Pxn,CG12002	F
UniProtKB	Q9VZZ4	Pxn	GO:0098869		7227	Pxn,CG12002	P
UniProtKB	Q9VZZ4	Pxn	GO:0098869		7227	Pxn,CG12002	P
UniProtKB	Q9VZZ4	Pxn	GO:0098869		7227	Pxn,CG12002	P
UniProtKB	Q9W2D1	Grx1t	GO:0004362		7227	Grx1t,Dmel\CG7975,Grx-1,Grx-1-RA,CG7975,Dmel_CG7975	F
UniProtKB	Q9W2D1	Grx1t	GO:0098869		7227	Grx1t,Dmel\CG7975,Grx-1,Grx-1-RA,CG7975,Dmel_CG7975	P
UniProtKB	X2JF29	CG5579	GO:0004601		7227	CG5579,BcDNA:RH14671,Dmel\CG33178,CG33178,Dmel_CG33178	F
UniProtKB	X2JF29	CG5579	GO:0004602		7227	CG5579,BcDNA:RH14671,Dmel\CG33178,CG33178,Dmel_CG33178	F
UniProtKB	X2JF29	CG5579	GO:0098869		7227	CG5579,BcDNA:RH14671,Dmel\CG33178,CG33178,Dmel_CG33178	P
UniProtKB	X2JF29	CG5579	GO:0098869		7227	CG5579,BcDNA:RH14671,Dmel\CG33178,CG33178,Dmel_CG33178	P
UniProtKB	X2JF59	Jafrac1	GO:0016209		7227	Jafrac1,1633,DPx-4783,DPx4783,DmTPx-1,Dmel\CG1633,Dpx-4783,JAFRAC 1,Jafrac,PRDX1_DROME,Prx,Prx4783,SSP5111,T20,TPX-1,cTPx,dPrx I,dPrx1,jafrac1	F
UniProtKB	X2JF59	Jafrac1	GO:0051920		7227	Jafrac1,1633,DPx-4783,DPx4783,DmTPx-1,Dmel\CG1633,Dpx-4783,JAFRAC 1,Jafrac,PRDX1_DROME,Prx,Prx4783,SSP5111,T20,TPX-1,cTPx,dPrx I,dPrx1,jafrac1	F
UniProtKB	X2JF59	Jafrac1	GO:0016209		7227	Jafrac1,1633,DPx-4783,DPx4783,DmTPx-1,Dmel\CG1633,Dpx-4783,JAFRAC 1,Jafrac,PRDX1_DROME,Prx,Prx4783,SSP5111,T20,TPX-1,cTPx,dPrx I,dPrx1,jafrac1	F
UniProtKB	X2JF59	Jafrac1	GO:0004601		7227	Jafrac1,1633,DPx-4783,DPx4783,DmTPx-1,Dmel\CG1633,Dpx-4783,JAFRAC 1,Jafrac,PRDX1_DROME,Prx,Prx4783,SSP5111,T20,TPX-1,cTPx,dPrx I,dPrx1,jafrac1	F
UniProtKB	X2JF59	Jafrac1	GO:0004601		7227	Jafrac1,1633,DPx-4783,DPx4783,DmTPx-1,Dmel\CG1633,Dpx-4783,JAFRAC 1,Jafrac,PRDX1_DROME,Prx,Prx4783,SSP5111,T20,TPX-1,cTPx,dPrx I,dPrx1,jafrac1	F
UniProtKB	X2JF59	Jafrac1	GO:0098869		7227	Jafrac1,1633,DPx-4783,DPx4783,DmTPx-1,Dmel\CG1633,Dpx-4783,JAFRAC 1,Jafrac,PRDX1_DROME,Prx,Prx4783,SSP5111,T20,TPX-1,cTPx,dPrx I,dPrx1,jafrac1	P
UniProtKB	X2JF59	Jafrac1	GO:0098869		7227	Jafrac1,1633,DPx-4783,DPx4783,DmTPx-1,Dmel\CG1633,Dpx-4783,JAFRAC 1,Jafrac,PRDX1_DROME,Prx,Prx4783,SSP5111,T20,TPX-1,cTPx,dPrx I,dPrx1,jafrac1	P
UniProtKB	X2JF59	Jafrac1	GO:0098869		7227	Jafrac1,1633,DPx-4783,DPx4783,DmTPx-1,Dmel\CG1633,Dpx-4783,JAFRAC 1,Jafrac,PRDX1_DROME,Prx,Prx4783,SSP5111,T20,TPX-1,cTPx,dPrx I,dPrx1,jafrac1	P
UniProtKB	X2JF59	Jafrac1	GO:0098869		7227	Jafrac1,1633,DPx-4783,DPx4783,DmTPx-1,Dmel\CG1633,Dpx-4783,JAFRAC 1,Jafrac,PRDX1_DROME,Prx,Prx4783,SSP5111,T20,TPX-1,cTPx,dPrx I,dPrx1,jafrac1	P
UniProtKB	X2JF59	Jafrac1	GO:0098869		7227	Jafrac1,1633,DPx-4783,DPx4783,DmTPx-1,Dmel\CG1633,Dpx-4783,JAFRAC 1,Jafrac,PRDX1_DROME,Prx,Prx4783,SSP5111,T20,TPX-1,cTPx,dPrx I,dPrx1,jafrac1	P
UniProtKB	D7UTC9	SOD2	GO:0004784		4896	SOD2	F
UniProtKB	D7UTC9	SOD2	GO:0004784		4896	SOD2	F
UniProtKB	D7UTC9	SOD2	GO:0004784		4896	SOD2	F
UniProtKB	D7UTC9	SOD2	GO:0019430		4896	SOD2	P
UniProtKB	D7UTC9	SOD2	GO:0019430		4896	SOD2	P
UniProtKB	D7UTC9	SOD2	GO:0019430		4896	SOD2	P
UniProtKB	O13693	SPAC11E3.14	GO:1990748		284812	SPAC11E3.14	P
UniProtKB	O13890	SPAC20G4.05c	GO:0098869		284812	SPAC20G4.05c	P
UniProtKB	O13918	zhf1	GO:0098849		284812	zhf1,zhf,SPAC23C11.14	P
UniProtKB	O14034	SPAC29B12.13	GO:0046294		284812	SPAC29B12.13	P
UniProtKB	O14115	ptl2	GO:1990748		284812	ptl2,SPAC1786.01c,SPAC31G5.20c	P
UniProtKB	O14141	SPAC3G6.03c	GO:1990748		284812	SPAC3G6.03c	P
UniProtKB	O14194	ggt2	GO:1990748		284812	ggt2,SPAC56E4.06c	P
UniProtKB	O14313	pmp20	GO:0016209		284812	pmp20,SPCC330.06c	F
UniProtKB	O14313	pmp20	GO:0004601		284812	pmp20,SPCC330.06c	F
UniProtKB	O14313	pmp20	GO:0008379		284812	pmp20,SPCC330.06c	F
UniProtKB	O14313	pmp20	GO:0004602		284812	pmp20,SPCC330.06c	F
UniProtKB	O14313	pmp20	GO:0098869		284812	pmp20,SPCC330.06c	P
UniProtKB	O14313	pmp20	GO:0098869		284812	pmp20,SPCC330.06c	P
UniProtKB	O14463	trx1	GO:0016209		284812	trx1,trx2,SPAC7D4.07c	F
UniProtKB	O14463	trx1	GO:0061692		284812	trx1,trx2,SPAC7D4.07c	P
UniProtKB	O36032	grx1	GO:0004362		284812	grx1,SPAC4F10.20	F
UniProtKB	O36032	grx1	GO:0004602		284812	grx1,SPAC4F10.20	F
UniProtKB	O36032	grx1	GO:0019430		284812	grx1,SPAC4F10.20	P
UniProtKB	O42666	but1	GO:0016209		284812	but1,mug107,SPAC27D7.12c	F
UniProtKB	O42666	but1	GO:0008379		284812	but1,mug107,SPAC27D7.12c	F
UniProtKB	O42666	but1	GO:0061692		284812	but1,mug107,SPAC27D7.12c	P
UniProtKB	O42888	SPBC8E4.04	GO:0110095		284812	SPBC8E4.04	P
UniProtKB	O42890	cao2	GO:1990748		284812	cao2,spao2,SPBC1289.16c,SPBC8E4.06	P
UniProtKB	O42919	SPBC16A3.14	GO:0004784		284812	SPBC16A3.14	F
UniProtKB	O42919	SPBC16A3.14	GO:0004784		284812	SPBC16A3.14	F
UniProtKB	O42919	SPBC16A3.14	GO:0019430		284812	SPBC16A3.14	P
UniProtKB	O42919	SPBC16A3.14	GO:0019430		284812	SPBC16A3.14	P
UniProtKB	O59808	meu8	GO:0070458		284812	meu8,SPCC550.10	P
UniProtKB	O59827	gst2	GO:1990748		284812	gst2,SPCC965.07c	P
UniProtKB	O59829	SPCC965.09	GO:1990748		284812	SPCC965.09	P
UniProtKB	O59858	gpx1	GO:0004601		284812	gpx1,SPBC32F12.03c	F
UniProtKB	O59858	gpx1	GO:0016209		284812	gpx1,SPBC32F12.03c	F
UniProtKB	O59858	gpx1	GO:0004601		284812	gpx1,SPBC32F12.03c	F
UniProtKB	O59858	gpx1	GO:0051920		284812	gpx1,SPBC32F12.03c	F
UniProtKB	O59858	gpx1	GO:0008379		284812	gpx1,SPBC32F12.03c	F
UniProtKB	O59858	gpx1	GO:0008379		284812	gpx1,SPBC32F12.03c	F
UniProtKB	O59858	gpx1	GO:0061692		284812	gpx1,SPBC32F12.03c	P
UniProtKB	O59858	gpx1	GO:0004602		284812	gpx1,SPBC32F12.03c	F
UniProtKB	O59858	gpx1	GO:0004602		284812	gpx1,SPBC32F12.03c	F
UniProtKB	O74379	SPBC3H7.04	GO:0004784		284812	SPBC3H7.04	F
UniProtKB	O74379	SPBC3H7.04	GO:0004784		284812	SPBC3H7.04	F
UniProtKB	O74379	SPBC3H7.04	GO:0019430		284812	SPBC3H7.04	P
UniProtKB	O74379	SPBC3H7.04	GO:0019430		284812	SPBC3H7.04	P
UniProtKB	O74489	zta1	GO:1990748		284812	zta1,SPCC1442.16c,SPCC285.01c	P
UniProtKB	O74540	SPCC13B11.04c	GO:0046294		284812	SPCC13B11.04c,SPCC777.01c	P
UniProtKB	O74540	SPCC13B11.04c	GO:0046294		284812	SPCC13B11.04c,SPCC777.01c	P
UniProtKB	O74758	SPBC17D11.03c	GO:0051920		284812	SPBC17D11.03c	F
UniProtKB	O74758	SPBC17D11.03c	GO:0098869		284812	SPBC17D11.03c	P
UniProtKB	O74887	tpx1	GO:0016209		284812	tpx1,tsa1,SPCC576.03c	F
UniProtKB	O74887	tpx1	GO:0051920		284812	tpx1,tsa1,SPCC576.03c	F
UniProtKB	O74887	tpx1	GO:0016209		284812	tpx1,tsa1,SPCC576.03c	F
UniProtKB	O74887	tpx1	GO:0004601		284812	tpx1,tsa1,SPCC576.03c	F
UniProtKB	O74887	tpx1	GO:0051920		284812	tpx1,tsa1,SPCC576.03c	F
UniProtKB	O74887	tpx1	GO:0008379		284812	tpx1,tsa1,SPCC576.03c	F
UniProtKB	O74887	tpx1	GO:0004601		284812	tpx1,tsa1,SPCC576.03c	F
UniProtKB	O74887	tpx1	GO:0051920		284812	tpx1,tsa1,SPCC576.03c	F
UniProtKB	O74887	tpx1	GO:0008379		284812	tpx1,tsa1,SPCC576.03c	F
UniProtKB	O74887	tpx1	GO:0061692		284812	tpx1,tsa1,SPCC576.03c	P
UniProtKB	O74914	hsp3101	GO:1990748		284812	hsp3101,SPCC757.03c	P
UniProtKB	O74916	SPCC757.05c	GO:1990748		284812	SPCC757.05c	P
UniProtKB	O94246	SPCC737.06c	GO:1990748		284812	SPCC737.06c	P
UniProtKB	O94250	SPCC13B11.03c	GO:1990748		284812	SPCC13B11.03c	P
UniProtKB	O94255	SPBP8B7.05c	GO:1990748		284812	SPBP8B7.05c	P
UniProtKB	O94284	hmt2	GO:0098849		284812	hmt2,cad1,SPBC2G5.06c	P
UniProtKB	O94284	hmt2	GO:0098849		284812	hmt2,cad1,SPBC2G5.06c	P
UniProtKB	O94504	trx2	GO:1990748		284812	trx2,SPBC12D12.07c	P
UniProtKB	O94524	gto2	GO:0045174		284812	gto2,SPCC1281.07c	F
UniProtKB	O94524	gto2	GO:0098869		284812	gto2,SPCC1281.07c	P
UniProtKB	O94524	gto2	GO:0045174		284812	gto2,SPCC1281.07c	F
UniProtKB	O94528	caf5	GO:1990961		284812	caf5,SPBC609.04	P
UniProtKB	O94561	bcp1	GO:0008379		284812	bcp1,SPBC1773.02c	F
UniProtKB	O94561	bcp1	GO:0016209		284812	bcp1,SPBC1773.02c	F
UniProtKB	O94561	bcp1	GO:0016209		284812	bcp1,SPBC1773.02c	F
UniProtKB	O94561	bcp1	GO:0004601		284812	bcp1,SPBC1773.02c	F
UniProtKB	O94561	bcp1	GO:0051920		284812	bcp1,SPBC1773.02c	F
UniProtKB	O94561	bcp1	GO:0008379		284812	bcp1,SPBC1773.02c	F
UniProtKB	O94561	bcp1	GO:0061692		284812	bcp1,SPBC1773.02c	P
UniProtKB	O94561	bcp1	GO:0019430		284812	bcp1,SPBC1773.02c	P
UniProtKB	O94563	SPBC1773.04	GO:0140041		284812	SPBC1773.04	P
UniProtKB	O94699	SPBC83.16c	GO:1990748		284812	SPBC83.16c	P
UniProtKB	O94725	SPCC1393.13	GO:1990748		284812	SPCC1393.13	P
UniProtKB	P0CU19	fex1	GO:0140114		284812	fex1,SPAC977.11	P
UniProtKB	P0CU20	fex2	GO:0140114		284812	fex2,SPBPB8B6.06c	P
UniProtKB	P28758	sod1	GO:0019430		284812	sod1,SPAC821.10c	P
UniProtKB	P28758	sod1	GO:0004784		284812	sod1,SPAC821.10c	F
UniProtKB	P28758	sod1	GO:0016209		284812	sod1,SPAC821.10c	F
UniProtKB	P28758	sod1	GO:0004784		284812	sod1,SPAC821.10c	F
UniProtKB	P28758	sod1	GO:0019430		284812	sod1,SPAC821.10c	P
UniProtKB	P28758	sod1	GO:0004784		284812	sod1,SPAC821.10c	F
UniProtKB	P28758	sod1	GO:0004784		284812	sod1,SPAC821.10c	F
UniProtKB	P35669	gsa1	GO:0098849		284812	gsa1,gsh2,SPAC3F10.04	P
UniProtKB	P35669	gsa1	GO:0098849		284812	gsa1,gsh2,SPAC3F10.04	P
UniProtKB	P36619	pmd1	GO:1990961		284812	pmd1,SPCC663.03	P
UniProtKB	P41820	bfr1	GO:1990961		284812	bfr1,hba2,SPCC18B5.01c,SPCPJ732.04c	P
UniProtKB	P55306	cta1	GO:0004096		284812	cta1,SPCC757.07c	F
UniProtKB	P55306	cta1	GO:0004096		284812	cta1,SPCC757.07c	F
UniProtKB	P55306	cta1	GO:0004601		284812	cta1,SPCC757.07c	F
UniProtKB	P55306	cta1	GO:0004096		284812	cta1,SPCC757.07c	F
UniProtKB	P55306	cta1	GO:0004096		284812	cta1,SPCC757.07c	F
UniProtKB	P55306	cta1	GO:0061692		284812	cta1,SPCC757.07c	P
UniProtKB	P55306	cta1	GO:0004096		284812	cta1,SPCC757.07c	F
UniProtKB	P78870	SPBC1539.07c	GO:0046294		284812	SPBC1539.07c	P
UniProtKB	P78870	SPBC1539.07c	GO:0046294		284812	SPBC1539.07c	P
UniProtKB	P78965	pgr1	GO:0004362		284812	pgr1,SPBC17A3.07,pi039	F
UniProtKB	P78965	pgr1	GO:0004362		284812	pgr1,SPBC17A3.07,pi039	F
UniProtKB	P78965	pgr1	GO:0004362		284812	pgr1,SPBC17A3.07,pi039	F
UniProtKB	P78965	pgr1	GO:0098869		284812	pgr1,SPBC17A3.07,pi039	P
UniProtKB	P78965	pgr1	GO:0004362		284812	pgr1,SPBC17A3.07,pi039	F
UniProtKB	P78965	pgr1	GO:0004362		284812	pgr1,SPBC17A3.07,pi039	F
UniProtKB	P87305	SPBC31F10.03	GO:1990748		284812	SPBC31F10.03	P
UniProtKB	Q00472	pho2	GO:1990748		284812	pho2,SPBC15D4.15	P
UniProtKB	Q02592	hmt1	GO:0098849		284812	hmt1,SPCC737.09c,SPCC74.08c	P
UniProtKB	Q02592	hmt1	GO:0098849		284812	hmt1,SPCC737.09c,SPCC74.08c	P
UniProtKB	Q02592	hmt1	GO:0098849		284812	hmt1,SPCC737.09c,SPCC74.08c	P
UniProtKB	Q02592	hmt1	GO:0098849		284812	hmt1,SPCC737.09c,SPCC74.08c	P
UniProtKB	Q02592	hmt1	GO:0044604		284812	hmt1,SPCC737.09c,SPCC74.08c	F
UniProtKB	Q02592	hmt1	GO:0044604		284812	hmt1,SPCC737.09c,SPCC74.08c	F
UniProtKB	Q09670	SPAC5H10.04	GO:0110095		284812	SPAC5H10.04	P
UniProtKB	Q09671	SPAC5H10.10	GO:1990748		284812	SPAC5H10.10	P
UniProtKB	Q09675	hsp3102	GO:1990748		284812	hsp3102,SPAC5H10.02c	P
UniProtKB	Q09751	glo1	GO:1990748		284812	glo1,SPBC12C2.12c,SPBC21D10.03c	P
UniProtKB	Q09768	gcs1	GO:0098849		284812	gcs1,SPAC22F3.10c	P
UniProtKB	Q10075	SPAC3H1.10	GO:0098849		284812	SPAC3H1.10	P
UniProtKB	Q10075	SPAC3H1.10	GO:0010273		284812	SPAC3H1.10	P
UniProtKB	Q10075	SPAC3H1.10	GO:0098849		284812	SPAC3H1.10	P
UniProtKB	Q10075	SPAC3H1.10	GO:0098849		284812	SPAC3H1.10	P
UniProtKB	Q10075	SPAC3H1.10	GO:0098849		284812	SPAC3H1.10	P
UniProtKB	Q10075	SPAC3H1.10	GO:0010273		284812	SPAC3H1.10	P
UniProtKB	Q10085	SPAC11D3.06	GO:1990961		284812	SPAC11D3.06	P
UniProtKB	Q10093	SPAC11D3.14c	GO:1990748		284812	SPAC11D3.14c	P
UniProtKB	Q10094	SPAC11D3.15	GO:1990748		284812	SPAC11D3.15	P
UniProtKB	Q10166	SPAC26A3.11	GO:1990748		284812	SPAC26A3.11	P
UniProtKB	Q10185	abc2	GO:0098849		284812	abc2,SPAC3F10.11c	P
UniProtKB	Q10185	abc2	GO:0044604		284812	abc2,SPAC3F10.11c	F
UniProtKB	Q10356	hsp3106	GO:1990748		284812	hsp3106,spDJ-1,SPAC22E12.03c	P
UniProtKB	Q10357	ccs1	GO:0019430		284812	ccs1,pccs,SPAC22E12.04	P
UniProtKB	Q10357	ccs1	GO:0004784		284812	ccs1,pccs,SPAC22E12.04	F
UniProtKB	Q10357	ccs1	GO:0019430		284812	ccs1,pccs,SPAC22E12.04	P
UniProtKB	Q10487	mfs1	GO:1990961		284812	mfs1,SPAC17C9.16c,SPAC9E9.16	P
UniProtKB	Q10494	SPAC26F1.07	GO:1990748		284812	SPAC26F1.07	P
UniProtKB	Q12728	Q12728	GO:0019430		4896		P
UniProtKB	Q12728	Q12728	GO:0004784		4896		F
UniProtKB	Q7Z9I2	SPCC663.09c	GO:0110095		284812	SPCC663.09c	P
UniProtKB	Q7Z9I3	SPCC663.08c	GO:0110095		284812	SPCC663.08c	P
UniProtKB	Q7Z9I4	SPCC663.06c	GO:0110095		284812	SPCC663.06c	P
UniProtKB	Q92350	SPAC6G9.05	GO:1990748		284812	SPAC6G9.05	P
UniProtKB	Q92375	trr1	GO:0004791		284812	trr1,caf4,SPBC3F6.03	F
UniProtKB	Q92375	trr1	GO:0019430		284812	trr1,caf4,SPBC3F6.03	P
UniProtKB	Q92375	trr1	GO:0004791		284812	trr1,caf4,SPBC3F6.03	F
UniProtKB	Q92375	trr1	GO:0004791		284812	trr1,caf4,SPBC3F6.03	F
UniProtKB	Q92375	trr1	GO:0004791		284812	trr1,caf4,SPBC3F6.03	F
UniProtKB	Q92375	trr1	GO:0019430		284812	trr1,caf4,SPBC3F6.03	P
UniProtKB	Q92375	trr1	GO:0004791		284812	trr1,caf4,SPBC3F6.03	F
UniProtKB	Q92375	trr1	GO:0004791		284812	trr1,caf4,SPBC3F6.03	F
UniProtKB	Q92375	trr1	GO:0004791		284812	trr1,caf4,SPBC3F6.03	F
UniProtKB	Q9HDX2	SPAPB1A11.03	GO:1990748		284812	SPAPB1A11.03	P
UniProtKB	Q9P6I8	SPBC1198.01	GO:0070458		284812	SPBC1198.01	P
UniProtKB	Q9P6M1	gst3	GO:0019430		284812	gst3,SPAC688.04c	P
UniProtKB	Q9P6M1	gst3	GO:0004602		284812	gst3,SPAC688.04c	F
UniProtKB	Q9P6Q2	utr4	GO:1990748		284812	utr4,SPAC644.08	P
UniProtKB	Q9P7D2	ppe1	GO:1990748		284812	ppe1,SPBP4H10.17c	P
UniProtKB	Q9P7F2	cao1	GO:1990748		284812	cao1,spao1,SPAC2E1P3.04	P
UniProtKB	Q9P7I6	SPCC24B10.20	GO:0110095		284812	SPCC24B10.20	P
UniProtKB	Q9P7L1	SPBC21C3.12c	GO:0004601		284812	SPBC21C3.12c	F
UniProtKB	Q9P7L1	SPBC21C3.12c	GO:0098869		284812	SPBC21C3.12c	P
UniProtKB	Q9P7L1	SPBC21C3.12c	GO:0004601		284812	SPBC21C3.12c	F
UniProtKB	Q9P7P7	SPAC186.08c	GO:1990748		284812	SPAC186.08c	P
UniProtKB	Q9UQX0	sod2	GO:0004784		284812	sod2,SPAC1486.01	F
UniProtKB	Q9UQX0	sod2	GO:0004784		284812	sod2,SPAC1486.01	F
UniProtKB	Q9UQX0	sod2	GO:0016209		284812	sod2,SPAC1486.01	F
UniProtKB	Q9UQX0	sod2	GO:0004784		284812	sod2,SPAC1486.01	F
UniProtKB	Q9UQX0	sod2	GO:0004784		284812	sod2,SPAC1486.01	F
UniProtKB	Q9UQX0	sod2	GO:0004784		284812	sod2,SPAC1486.01	F
UniProtKB	Q9UQX0	sod2	GO:0019430		284812	sod2,SPAC1486.01	P
UniProtKB	Q9UQX0	sod2	GO:0019430		284812	sod2,SPAC1486.01	P
UniProtKB	Q9UQX0	sod2	GO:0004784		284812	sod2,SPAC1486.01	F
UniProtKB	Q9URV9	srx1	GO:0032542		284812	srx1,SPBC106.02c	F
UniProtKB	Q9URV9	srx1	GO:0032542		284812	srx1,SPBC106.02c	F
UniProtKB	Q9URV9	srx1	GO:0016209		284812	srx1,SPBC106.02c	F
UniProtKB	Q9URV9	srx1	GO:0032542		284812	srx1,SPBC106.02c	F
UniProtKB	Q9URV9	srx1	GO:1990748		284812	srx1,SPBC106.02c	P
UniProtKB	Q9URV9	srx1	GO:0032542		284812	srx1,SPBC106.02c	F
UniProtKB	Q9URV9	srx1	GO:0032542		284812	srx1,SPBC106.02c	F
UniProtKB	Q9URV9	srx1	GO:0098869		284812	srx1,SPBC106.02c	P
UniProtKB	Q9URV9	srx1	GO:0098869		284812	srx1,SPBC106.02c	P
UniProtKB	Q9URV9	srx1	GO:0098869		284812	srx1,SPBC106.02c	P
UniProtKB	Q9URV9	srx1	GO:0098869		284812	srx1,SPBC106.02c	P
UniProtKB	Q9URV9	srx1	GO:0098869		284812	srx1,SPBC106.02c	P
UniProtKB	Q9URV9	srx1	GO:0098869		284812	srx1,SPBC106.02c	P
UniProtKB	Q9URX3	SPAC922.03	GO:1990748		284812	SPAC922.03	P
UniProtKB	Q9URY5	SPAC869.02c	GO:0070458		284812	SPAC869.02c	P
UniProtKB	Q9URZ1	pcm2	GO:1990748		284812	pcm2,SPAC869.08	P
UniProtKB	Q9US04	ggt1	GO:1990748		284812	ggt1,SPAC664.09	P
UniProtKB	Q9USK3	SPCC4B3.13	GO:1990961		284812	SPCC4B3.13	P
UniProtKB	Q9USR1	txl1	GO:0004791		284812	txl1,trx3,SPBC577.08c	F
UniProtKB	Q9USR1	txl1	GO:0004791		284812	txl1,trx3,SPBC577.08c	F
UniProtKB	Q9USR1	txl1	GO:0098869		284812	txl1,trx3,SPBC577.08c	P
UniProtKB	Q9UT36	SPAC824.07	GO:1990748		284812	SPAC824.07	P
UniProtKB	Q9UT55	SPAC806.04c	GO:1990748		284812	SPAC806.04c	P
UniProtKB	Q9UT59	SPAC513.07	GO:0140041		284812	SPAC513.07	P
UniProtKB	Q9UT92	SPAC323.07c	GO:1990961		284812	SPAC323.07c	P
UniProtKB	Q9UTA8	SPAC25B8.10	GO:1990748		284812	SPAC25B8.10	P
UniProtKB	Q9UTA9	SPAC25B8.09	GO:1990748		284812	SPAC25B8.09	P
UniProtKB	Q9UTC0	zym1	GO:1990748		284812	zym1,SPAC22H10.13	P
UniProtKB	Q9UTI2	grx2	GO:0004362		284812	grx2,SPAC15E1.09	F
UniProtKB	Q9UTI2	grx2	GO:0019430		284812	grx2,SPAC15E1.09	P
UniProtKB	Q9UTI2	grx2	GO:0004602		284812	grx2,SPAC15E1.09	F
UniProtKB	Q9UU89	SPCC830.10	GO:1990748		284812	SPCC830.10	P
UniProtKB	Q9Y7K1	SPBC216.04c	GO:1990748		284812	SPBC216.04c	P
UniProtKB	Q9Y7K4	SPBC2A9.02	GO:1990748		284812	SPBC2A9.02	P
UniProtKB	Q9Y7Q2	gst1	GO:1990748		284812	gst1,SPCC191.09c	P
UniProtKB	Q9Y7Q2	gst1	GO:0004602		284812	gst1,SPCC191.09c	F
UniProtKB	A0A0A1HAP2	CUP1B	GO:0010273		4932	CUP1B	P
UniProtKB	A0A0A1HAP2	CUP1B	GO:0071585		4932	CUP1B	P
UniProtKB	A0A1L4AA50	PDR10	GO:1990961		4932	PDR10	P
UniProtKB	A0A650F0N4	CUP1	GO:0010273		4932	CUP1	P
UniProtKB	A0A650F0N4	CUP1	GO:0071585		4932	CUP1	P
UniProtKB	A0A6A5PQ45	TSA1	GO:0016209		4932	TSA1,GI527_G0004394	F
UniProtKB	A0A6A5PQ45	TSA1	GO:0051920		4932	TSA1,GI527_G0004394	F
UniProtKB	A0A6A5PQ45	TSA1	GO:0016209		4932	TSA1,GI527_G0004394	F
UniProtKB	A0A6A5PQ45	TSA1	GO:0004601		4932	TSA1,GI527_G0004394	F
UniProtKB	A0A6A5PQ45	TSA1	GO:0004601		4932	TSA1,GI527_G0004394	F
UniProtKB	A0A6A5PQ45	TSA1	GO:0098869		4932	TSA1,GI527_G0004394	P
UniProtKB	A0A6A5PQ45	TSA1	GO:0098869		4932	TSA1,GI527_G0004394	P
UniProtKB	A0A6A5PQ45	TSA1	GO:0098869		4932	TSA1,GI527_G0004394	P
UniProtKB	A0A6A5PQ45	TSA1	GO:0098869		4932	TSA1,GI527_G0004394	P
UniProtKB	A0A6A5PQ45	TSA1	GO:0098869		4932	TSA1,GI527_G0004394	P
UniProtKB	A0A6A5PS17	GPX1	GO:0004602		4932	GPX1,GI527_G0003615	F
UniProtKB	A0A6A5PS17	GPX1	GO:0016209		4932	GPX1,GI527_G0003615	F
UniProtKB	A0A6A5PS17	GPX1	GO:0004601		4932	GPX1,GI527_G0003615	F
UniProtKB	A0A6A5PS17	GPX1	GO:0051920		4932	GPX1,GI527_G0003615	F
UniProtKB	A0A6A5PS17	GPX1	GO:0098869		4932	GPX1,GI527_G0003615	P
UniProtKB	A0A6A5PS17	GPX1	GO:0098869		4932	GPX1,GI527_G0003615	P
UniProtKB	A0A6A5PS17	GPX1	GO:0098869		4932	GPX1,GI527_G0003615	P
UniProtKB	A0A6A5PS17	GPX1	GO:0098869		4932	GPX1,GI527_G0003615	P
UniProtKB	A0A6A5PU79	SRX1	GO:0032542		4932	SRX1,GI527_G0003552	F
UniProtKB	A0A6A5PU79	SRX1	GO:0016209		4932	SRX1,GI527_G0003552	F
UniProtKB	A0A6A5PU79	SRX1	GO:0032542		4932	SRX1,GI527_G0003552	F
UniProtKB	A0A6A5PU79	SRX1	GO:0098869		4932	SRX1,GI527_G0003552	P
UniProtKB	A0A6A5PU79	SRX1	GO:0098869		4932	SRX1,GI527_G0003552	P
UniProtKB	A0A6A5PU79	SRX1	GO:0098869		4932	SRX1,GI527_G0003552	P
UniProtKB	A0A6A5PVB4	RSM26	GO:0004784		4932	RSM26,GI527_G0003357	F
UniProtKB	A0A6A5PVB4	RSM26	GO:0019430		4932	RSM26,GI527_G0003357	P
UniProtKB	A0A6A5PVC4	PXP2	GO:0051920		4932	PXP2,GI527_G0003367	F
UniProtKB	A0A6A5PVC4	PXP2	GO:0098869		4932	PXP2,GI527_G0003367	P
UniProtKB	A0A6A5PVW8	CUP1-1	GO:0010273		4932	CUP1-1,CUP1-2,GI527_G0002846,GI527_G0002849	P
UniProtKB	A0A6A5PVW8	CUP1-1	GO:0071585		4932	CUP1-1,CUP1-2,GI527_G0002846,GI527_G0002849	P
UniProtKB	A0A6A5PW61	AHP1	GO:0016209		4932	AHP1,GI527_G0003927	F
UniProtKB	A0A6A5PW61	AHP1	GO:0004601		4932	AHP1,GI527_G0003927	F
UniProtKB	A0A6A5PW61	AHP1	GO:0098869		4932	AHP1,GI527_G0003927	P
UniProtKB	A0A6A5PW61	AHP1	GO:0098869		4932	AHP1,GI527_G0003927	P
UniProtKB	A0A6A5PWL4	SOD1	GO:0004784		4932	SOD1,GI527_G0003360	F
UniProtKB	A0A6A5PWL4	SOD1	GO:0019430		4932	SOD1,GI527_G0003360	P
UniProtKB	A0A6A5PYC5	TRR1	GO:0019430		4932	TRR1,GI527_G0001288	P
UniProtKB	A0A6A5PYC5	TRR1	GO:0004791		4932	TRR1,GI527_G0001288	F
UniProtKB	A0A6A5PYC5	TRR1	GO:0004791		4932	TRR1,GI527_G0001288	F
UniProtKB	A0A6A5PYC5	TRR1	GO:0019430		4932	TRR1,GI527_G0001288	P
UniProtKB	A0A6A5PYC5	TRR1	GO:0004791		4932	TRR1,GI527_G0001288	F
UniProtKB	A0A6A5PYC5	TRR1	GO:0004791		4932	TRR1,GI527_G0001288	F
UniProtKB	A0A6A5PYL2	GRX2	GO:0004362		4932	GRX2,GI527_G0001443	F
UniProtKB	A0A6A5PYL2	GRX2	GO:0098869		4932	GRX2,GI527_G0001443	P
UniProtKB	A0A6A5PZS8	CTA1	GO:0004096		4932	CTA1,GI527_G0001185	F
UniProtKB	A0A6A5PZS8	CTA1	GO:0004601		4932	CTA1,GI527_G0001185	F
UniProtKB	A0A6A5PZS8	CTA1	GO:0004096		4932	CTA1,GI527_G0001185	F
UniProtKB	A0A6A5PZS8	CTA1	GO:0098869		4932	CTA1,GI527_G0001185	P
UniProtKB	A0A6A5PZS8	CTA1	GO:0098869		4932	CTA1,GI527_G0001185	P
UniProtKB	A0A6A5PZS8	CTA1	GO:0098869		4932	CTA1,GI527_G0001185	P
UniProtKB	A0A6A5Q0R4	PRX1	GO:0098869		4932	PRX1,GI527_G0000136	P
UniProtKB	A0A6A5Q0R4	PRX1	GO:0008379		4932	PRX1,GI527_G0000136	F
UniProtKB	A0A6A5Q0R4	PRX1	GO:0016209		4932	PRX1,GI527_G0000136	F
UniProtKB	A0A6A5Q0R4	PRX1	GO:0051920		4932	PRX1,GI527_G0000136	F
UniProtKB	A0A6A5Q0R4	PRX1	GO:0016209		4932	PRX1,GI527_G0000136	F
UniProtKB	A0A6A5Q0R4	PRX1	GO:0004601		4932	PRX1,GI527_G0000136	F
UniProtKB	A0A6A5Q0R4	PRX1	GO:0004601		4932	PRX1,GI527_G0000136	F
UniProtKB	A0A6A5Q153	GRX1	GO:0004362		4932	GRX1,GI527_G0000546	F
UniProtKB	A0A6A5Q153	GRX1	GO:0098869		4932	GRX1,GI527_G0000546	P
UniProtKB	A0A6A5Q352	HYR1	GO:0004602		4932	HYR1,GI527_G0001695	F
UniProtKB	A0A6A5Q352	HYR1	GO:0016209		4932	HYR1,GI527_G0001695	F
UniProtKB	A0A6A5Q352	HYR1	GO:0004601		4932	HYR1,GI527_G0001695	F
UniProtKB	A0A6A5Q352	HYR1	GO:0051920		4932	HYR1,GI527_G0001695	F
UniProtKB	A0A6A5Q352	HYR1	GO:0098869		4932	HYR1,GI527_G0001695	P
UniProtKB	A0A6A5Q352	HYR1	GO:0098869		4932	HYR1,GI527_G0001695	P
UniProtKB	A0A6A5Q352	HYR1	GO:0098869		4932	HYR1,GI527_G0001695	P
UniProtKB	A0A6A5Q352	HYR1	GO:0098869		4932	HYR1,GI527_G0001695	P
UniProtKB	A0A815W222	PRX1	GO:0098869		1220494		P
UniProtKB	A0A815W222	PRX1	GO:0008379		1220494		F
UniProtKB	A0A815W222	PRX1	GO:0016209		1220494		F
UniProtKB	A0A815W222	PRX1	GO:0051920		1220494		F
UniProtKB	A0A815W222	PRX1	GO:0016209		1220494		F
UniProtKB	A0A815W222	PRX1	GO:0004601		1220494		F
UniProtKB	A0A815W222	PRX1	GO:0004601		1220494		F
UniProtKB	A0A815WS15	GPX2	GO:0004602		1220494		F
UniProtKB	A0A815WS15	GPX2	GO:0016209		1220494		F
UniProtKB	A0A815WS15	GPX2	GO:0004601		1220494		F
UniProtKB	A0A815WS15	GPX2	GO:0098869		1220494		P
UniProtKB	A0A815WS15	GPX2	GO:0098869		1220494		P
UniProtKB	A0A815WS15	GPX2	GO:0098869		1220494		P
UniProtKB	A0A815WZD8	GRX1	GO:0004362		1220494		F
UniProtKB	A0A815WZD8	GRX1	GO:0098869		1220494		P
UniProtKB	A0A815XDJ5	SNQ2	GO:1990961		1220494		P
UniProtKB	A0A815XL15	CTA1	GO:0004096		1220494		F
UniProtKB	A0A815XL15	CTA1	GO:0004601		1220494		F
UniProtKB	A0A815XL15	CTA1	GO:0098869		1220494		P
UniProtKB	A0A815XL15	CTA1	GO:0098869		1220494		P
UniProtKB	A0A815XMU7	C2U11_1243	GO:1990961		1220494		P
UniProtKB	A0A815XN71	TRR1	GO:0019430		1220494		P
UniProtKB	A0A815XN71	TRR1	GO:0004791		1220494		F
UniProtKB	A0A815XN71	TRR1	GO:0019430		1220494		P
UniProtKB	A0A815XN71	TRR1	GO:0004791		1220494		F
UniProtKB	A0A815XN71	TRR1	GO:0004791		1220494		F
UniProtKB	A0A815XNE3	MRP1	GO:0004784		1220494		F
UniProtKB	A0A815XNE3	MRP1	GO:0019430		1220494		P
UniProtKB	A0A815XPX2	PDR15	GO:1990961		1220494		P
UniProtKB	A0A815XQC3	TSA2	GO:0016209		1220494		F
UniProtKB	A0A815XQC3	TSA2	GO:0051920		1220494		F
UniProtKB	A0A815XQC3	TSA2	GO:0016209		1220494		F
UniProtKB	A0A815XQC3	TSA2	GO:0004601		1220494		F
UniProtKB	A0A815XQC3	TSA2	GO:0004601		1220494		F
UniProtKB	A0A815XQC3	TSA2	GO:0098869		1220494		P
UniProtKB	A0A815XQC3	TSA2	GO:0098869		1220494		P
UniProtKB	A0A815XQC3	TSA2	GO:0098869		1220494		P
UniProtKB	A0A815XQC3	TSA2	GO:0098869		1220494		P
UniProtKB	A0A815XQC3	TSA2	GO:0098869		1220494		P
UniProtKB	A0A815XS79	GRX2	GO:0004362		1220494		F
UniProtKB	A0A815XS79	GRX2	GO:0098869		1220494		P
UniProtKB	A0A815YTH7	CTT1	GO:0004096		1220494		F
UniProtKB	A0A815YTH7	CTT1	GO:0004601		1220494		F
UniProtKB	A0A815YTH7	CTT1	GO:0098869		1220494		P
UniProtKB	A0A815YTH7	CTT1	GO:0098869		1220494		P
UniProtKB	A0A815Z2V4	CUP1-1	GO:0010273		1220494		P
UniProtKB	A0A815Z2V4	CUP1-1	GO:0071585		1220494		P
UniProtKB	A0A815Z4R3	ERC1	GO:1990961		1220494		P
UniProtKB	A0A815Z5W4	SOD2	GO:0004784		1220494		F
UniProtKB	A0A815Z5W4	SOD2	GO:0019430		1220494		P
UniProtKB	A0A815Z8V0	TRR2	GO:0019430		1220494		P
UniProtKB	A0A815Z8V0	TRR2	GO:0004791		1220494		F
UniProtKB	A0A815Z8V0	TRR2	GO:0019430		1220494		P
UniProtKB	A0A815Z8V0	TRR2	GO:0004791		1220494		F
UniProtKB	A0A815Z8V0	TRR2	GO:0004791		1220494		F
UniProtKB	A0A815ZBH6	HYR1	GO:0004602		1220494		F
UniProtKB	A0A815ZBH6	HYR1	GO:0016209		1220494		F
UniProtKB	A0A815ZBH6	HYR1	GO:0004601		1220494		F
UniProtKB	A0A815ZBH6	HYR1	GO:0098869		1220494		P
UniProtKB	A0A815ZBH6	HYR1	GO:0098869		1220494		P
UniProtKB	A0A815ZBH6	HYR1	GO:0098869		1220494		P
UniProtKB	A0A815ZG13	DOT5	GO:0016209		1220494		F
UniProtKB	A0A815ZG13	DOT5	GO:0004601		1220494		F
UniProtKB	A0A815ZG13	DOT5	GO:0098869		1220494		P
UniProtKB	A0A815ZG13	DOT5	GO:0098869		1220494		P
UniProtKB	A0A815ZHX5	GTT1	GO:0004601		1220494		F
UniProtKB	A0A815ZHX5	GTT1	GO:0098869		1220494		P
UniProtKB	A0A815ZKR1	RSM26	GO:0004784		1220494		F
UniProtKB	A0A815ZKR1	RSM26	GO:0019430		1220494		P
UniProtKB	A0A815ZP86	C2U11_3101	GO:0046294		1220494		P
UniProtKB	A0A815ZPW5	C2U11_3280	GO:0051920		1220494		F
UniProtKB	A0A815ZPW5	C2U11_3280	GO:0098869		1220494		P
UniProtKB	A0A815ZUE0	GPX1	GO:0004602		1220494		F
UniProtKB	A0A815ZUE0	GPX1	GO:0016209		1220494		F
UniProtKB	A0A815ZUE0	GPX1	GO:0004601		1220494		F
UniProtKB	A0A815ZUE0	GPX1	GO:0098869		1220494		P
UniProtKB	A0A815ZUE0	GPX1	GO:0098869		1220494		P
UniProtKB	A0A815ZUE0	GPX1	GO:0098869		1220494		P
UniProtKB	A0A815ZZ15	SRX1	GO:0032542		1220494		F
UniProtKB	A0A815ZZ15	SRX1	GO:0016209		1220494		F
UniProtKB	A0A815ZZ15	SRX1	GO:0098869		1220494		P
UniProtKB	A0A815ZZ15	SRX1	GO:0098869		1220494		P
UniProtKB	A0A816A1H9	CCP1	GO:0004601		1220494		F
UniProtKB	A0A816A1H9	CCP1	GO:0004601		1220494		F
UniProtKB	A0A816A1H9	CCP1	GO:0098869		1220494		P
UniProtKB	A0A816A1H9	CCP1	GO:0098869		1220494		P
UniProtKB	A0A816A2I0	AHP1	GO:0016209		1220494		F
UniProtKB	A0A816A2I0	AHP1	GO:0004601		1220494		F
UniProtKB	A0A816A2I0	AHP1	GO:0098869		1220494		P
UniProtKB	A0A816A2I0	AHP1	GO:0098869		1220494		P
UniProtKB	A0A816ALC7	TSA1	GO:0016209		1220494		F
UniProtKB	A0A816ALC7	TSA1	GO:0051920		1220494		F
UniProtKB	A0A816ALC7	TSA1	GO:0016209		1220494		F
UniProtKB	A0A816ALC7	TSA1	GO:0004601		1220494		F
UniProtKB	A0A816ALC7	TSA1	GO:0004601		1220494		F
UniProtKB	A0A816ALC7	TSA1	GO:0098869		1220494		P
UniProtKB	A0A816ALC7	TSA1	GO:0098869		1220494		P
UniProtKB	A0A816ALC7	TSA1	GO:0098869		1220494		P
UniProtKB	A0A816ALC7	TSA1	GO:0098869		1220494		P
UniProtKB	A0A816ALC7	TSA1	GO:0098869		1220494		P
UniProtKB	A0A816AQY5	URE2	GO:0004601		1220494		F
UniProtKB	A0A816AQY5	URE2	GO:0098869		1220494		P
UniProtKB	A0A816B4T2	PDR5	GO:1990961		1220494		P
UniProtKB	A0A816B8E6	PDR10	GO:1990961		1220494		P
UniProtKB	A0A816BGF2	GLR1	GO:0004362		1220494		F
UniProtKB	A0A816BGF2	GLR1	GO:0098869		1220494		P
UniProtKB	A0A8H4BVM1	GPX2	GO:0004602		4932	GPX2,GI527_G0000455	F
UniProtKB	A0A8H4BVM1	GPX2	GO:0016209		4932	GPX2,GI527_G0000455	F
UniProtKB	A0A8H4BVM1	GPX2	GO:0004601		4932	GPX2,GI527_G0000455	F
UniProtKB	A0A8H4BVM1	GPX2	GO:0098869		4932	GPX2,GI527_G0000455	P
UniProtKB	A0A8H4BVM1	GPX2	GO:0098869		4932	GPX2,GI527_G0000455	P
UniProtKB	A0A8H4BVM1	GPX2	GO:0098869		4932	GPX2,GI527_G0000455	P
UniProtKB	A0A8H4BVR8	PDR5	GO:1990961		4932	PDR5,GI527_G0005524	P
UniProtKB	A0A8H4BZH5	ERC1	GO:1990961		4932	ERC1,GI527_G0002823	P
UniProtKB	A0A8H4C0S5	YJL068C	GO:0046294		4932	YJL068C,GI527_G0003183	P
UniProtKB	A0A8H4C1M4	DOT5	GO:0016209		4932	DOT5,GI527_G0001641	F
UniProtKB	A0A8H4C1M4	DOT5	GO:0098869		4932	DOT5,GI527_G0001641	P
UniProtKB	A0A8H4C261	TRR2	GO:0019430		4932	TRR2,GI527_G0002904	P
UniProtKB	A0A8H4C261	TRR2	GO:0004791		4932	TRR2,GI527_G0002904	F
UniProtKB	A0A8H4C261	TRR2	GO:0019430		4932	TRR2,GI527_G0002904	P
UniProtKB	A0A8H4C261	TRR2	GO:0004791		4932	TRR2,GI527_G0002904	F
UniProtKB	A0A8H4C261	TRR2	GO:0004791		4932	TRR2,GI527_G0002904	F
UniProtKB	A0A8H4C2Y4	CTT1	GO:0004096		4932	CTT1,GI527_G0002512	F
UniProtKB	A0A8H4C2Y4	CTT1	GO:0004601		4932	CTT1,GI527_G0002512	F
UniProtKB	A0A8H4C2Y4	CTT1	GO:0098869		4932	CTT1,GI527_G0002512	P
UniProtKB	A0A8H4C2Y4	CTT1	GO:0098869		4932	CTT1,GI527_G0002512	P
UniProtKB	A0A8H4F8W1	PDR10	GO:1990961		4932	PDR10,GI527_G0005699	P
UniProtKB	A0A8H4F962	CCP1	GO:0004601		4932	CCP1,GI527_G0003711	F
UniProtKB	A0A8H4F962	CCP1	GO:0004601		4932	CCP1,GI527_G0003711	F
UniProtKB	A0A8H4F962	CCP1	GO:0098869		4932	CCP1,GI527_G0003711	P
UniProtKB	A0A8H4F962	CCP1	GO:0098869		4932	CCP1,GI527_G0003711	P
UniProtKB	A0A8H4F9R5	GLR1	GO:0004362		4932	GLR1,GI527_G0005959	F
UniProtKB	A0A8H4F9R5	GLR1	GO:0098869		4932	GLR1,GI527_G0005959	P
UniProtKB	A0A8H8UMT1	SNQ2	GO:1990961		4932	SNQ2,GI527_G0000934	P
UniProtKB	A0A8H8UNN7	YDR338C	GO:1990961		4932	YDR338C,GI527_G0001272	P
UniProtKB	A0A8H8UNP5	MRP1	GO:0004784		4932	MRP1,GI527_G0001281	F
UniProtKB	A0A8H8UNP5	MRP1	GO:0019430		4932	MRP1,GI527_G0001281	P
UniProtKB	A0A8H8UNV0	PDR15	GO:1990961		4932	PDR15,GI527_G0001343	P
UniProtKB	A0A8H8UNY7	TSA2	GO:0016209		4932	TSA2,GI527_G0001385	F
UniProtKB	A0A8H8UNY7	TSA2	GO:0051920		4932	TSA2,GI527_G0001385	F
UniProtKB	A0A8H8UNY7	TSA2	GO:0016209		4932	TSA2,GI527_G0001385	F
UniProtKB	A0A8H8UNY7	TSA2	GO:0004601		4932	TSA2,GI527_G0001385	F
UniProtKB	A0A8H8UNY7	TSA2	GO:0004601		4932	TSA2,GI527_G0001385	F
UniProtKB	A0A8H8UNY7	TSA2	GO:0098869		4932	TSA2,GI527_G0001385	P
UniProtKB	A0A8H8UNY7	TSA2	GO:0098869		4932	TSA2,GI527_G0001385	P
UniProtKB	A0A8H8UNY7	TSA2	GO:0098869		4932	TSA2,GI527_G0001385	P
UniProtKB	A0A8H8UNY7	TSA2	GO:0098869		4932	TSA2,GI527_G0001385	P
UniProtKB	A0A8H8UNY7	TSA2	GO:0098869		4932	TSA2,GI527_G0001385	P
UniProtKB	A6ZKN5	PRX1	GO:0098869		307796	PRX1,SCY_0155	P
UniProtKB	A6ZKN5	PRX1	GO:0008379		307796	PRX1,SCY_0155	F
UniProtKB	A6ZKN5	PRX1	GO:0016209		307796	PRX1,SCY_0155	F
UniProtKB	A6ZKN5	PRX1	GO:0051920		307796	PRX1,SCY_0155	F
UniProtKB	A6ZKN5	PRX1	GO:0016209		307796	PRX1,SCY_0155	F
UniProtKB	A6ZKN5	PRX1	GO:0004601		307796	PRX1,SCY_0155	F
UniProtKB	A6ZKN5	PRX1	GO:0004601		307796	PRX1,SCY_0155	F
UniProtKB	A6ZLI3	GPX2	GO:0004602		307796	GPX2,SCY_0453	F
UniProtKB	A6ZLI3	GPX2	GO:0016209		307796	GPX2,SCY_0453	F
UniProtKB	A6ZLI3	GPX2	GO:0004601		307796	GPX2,SCY_0453	F
UniProtKB	A6ZLI3	GPX2	GO:0051920		307796	GPX2,SCY_0453	F
UniProtKB	A6ZLI3	GPX2	GO:0098869		307796	GPX2,SCY_0453	P
UniProtKB	A6ZLI3	GPX2	GO:0098869		307796	GPX2,SCY_0453	P
UniProtKB	A6ZLI3	GPX2	GO:0098869		307796	GPX2,SCY_0453	P
UniProtKB	A6ZLI3	GPX2	GO:0098869		307796	GPX2,SCY_0453	P
UniProtKB	A6ZM34	TSA1	GO:0016209		307796	TSA1,SCY_4146	F
UniProtKB	A6ZM34	TSA1	GO:0051920		307796	TSA1,SCY_4146	F
UniProtKB	A6ZM34	TSA1	GO:0016209		307796	TSA1,SCY_4146	F
UniProtKB	A6ZM34	TSA1	GO:0004601		307796	TSA1,SCY_4146	F
UniProtKB	A6ZM34	TSA1	GO:0004601		307796	TSA1,SCY_4146	F
UniProtKB	A6ZM34	TSA1	GO:0098869		307796	TSA1,SCY_4146	P
UniProtKB	A6ZM34	TSA1	GO:0098869		307796	TSA1,SCY_4146	P
UniProtKB	A6ZM34	TSA1	GO:0098869		307796	TSA1,SCY_4146	P
UniProtKB	A6ZM34	TSA1	GO:0098869		307796	TSA1,SCY_4146	P
UniProtKB	A6ZM34	TSA1	GO:0098869		307796	TSA1,SCY_4146	P
UniProtKB	A6ZNZ7	PDR5	GO:1990961		307796	PDR5,SCY_5215	P
UniProtKB	A6ZPG0	PDR10	GO:1990961		307796	PDR10,SCY_5375	P
UniProtKB	A6ZPQ5	SCY_2865	GO:0046294		307796	SCY_2865	P
UniProtKB	A6ZQ57	RSM26	GO:0004784		307796	RSM26,SCY_3018	F
UniProtKB	A6ZQ57	RSM26	GO:0019430		307796	RSM26,SCY_3018	P
UniProtKB	A6ZQ60	SOD1	GO:0004784		307796	SOD1,SCY_3021	F
UniProtKB	A6ZQ60	SOD1	GO:0004784		307796	SOD1,SCY_3021	F
UniProtKB	A6ZQ60	SOD1	GO:0019430		307796	SOD1,SCY_3021	P
UniProtKB	A6ZQ60	SOD1	GO:0019430		307796	SOD1,SCY_3021	P
UniProtKB	A6ZQ67	SCY_3028	GO:0051920		307796	SCY_3028	F
UniProtKB	A6ZQ67	SCY_3028	GO:0098869		307796	SCY_3028	P
UniProtKB	A6ZSR2	SOD2	GO:0004784		307796	SOD2,SCY_2396	F
UniProtKB	A6ZSR2	SOD2	GO:0004784		307796	SOD2,SCY_2396	F
UniProtKB	A6ZSR2	SOD2	GO:0004784		307796	SOD2,SCY_2396	F
UniProtKB	A6ZSR2	SOD2	GO:0019430		307796	SOD2,SCY_2396	P
UniProtKB	A6ZSR2	SOD2	GO:0019430		307796	SOD2,SCY_2396	P
UniProtKB	A6ZSR2	SOD2	GO:0019430		307796	SOD2,SCY_2396	P
UniProtKB	A6ZST8	SCY_2422	GO:1990961		307796	SCY_2422	P
UniProtKB	A6ZSW1	CUP1-2	GO:0010273		307796	CUP1-2,SCY_2445	P
UniProtKB	A6ZSW1	CUP1-2	GO:0071585		307796	CUP1-2,SCY_2445	P
UniProtKB	A6ZT14	TRR2	GO:0019430		307796	TRR2,SCY_2498	P
UniProtKB	A6ZT14	TRR2	GO:0004791		307796	TRR2,SCY_2498	F
UniProtKB	A6ZT14	TRR2	GO:0004791		307796	TRR2,SCY_2498	F
UniProtKB	A6ZT14	TRR2	GO:0004791		307796	TRR2,SCY_2498	F
UniProtKB	A6ZT14	TRR2	GO:0019430		307796	TRR2,SCY_2498	P
UniProtKB	A6ZT14	TRR2	GO:0004791		307796	TRR2,SCY_2498	F
UniProtKB	A6ZT14	TRR2	GO:0004791		307796	TRR2,SCY_2498	F
UniProtKB	A6ZTF5	GRX1	GO:0004362		307796	GRX1,SCY_0548	F
UniProtKB	A6ZTF5	GRX1	GO:0098869		307796	GRX1,SCY_0548	P
UniProtKB	A6ZV70	CTT1	GO:0004096		307796	CTT1,SCY_2303	F
UniProtKB	A6ZV70	CTT1	GO:0004601		307796	CTT1,SCY_2303	F
UniProtKB	A6ZV70	CTT1	GO:0004096		307796	CTT1,SCY_2303	F
UniProtKB	A6ZV70	CTT1	GO:0004096		307796	CTT1,SCY_2303	F
UniProtKB	A6ZV70	CTT1	GO:0098869		307796	CTT1,SCY_2303	P
UniProtKB	A6ZV70	CTT1	GO:0098869		307796	CTT1,SCY_2303	P
UniProtKB	A6ZV70	CTT1	GO:0098869		307796	CTT1,SCY_2303	P
UniProtKB	A6ZV70	CTT1	GO:0098869		307796	CTT1,SCY_2303	P
UniProtKB	A6ZVQ7	DOT5	GO:0016209		307796	DOT5,SCY_2773	F
UniProtKB	A6ZVQ7	DOT5	GO:0004601		307796	DOT5,SCY_2773	F
UniProtKB	A6ZVQ7	DOT5	GO:0098869		307796	DOT5,SCY_2773	P
UniProtKB	A6ZVQ7	DOT5	GO:0098869		307796	DOT5,SCY_2773	P
UniProtKB	A6ZVV7	HYR1	GO:0004602		307796	HYR1,SCY_2823	F
UniProtKB	A6ZVV7	HYR1	GO:0016209		307796	HYR1,SCY_2823	F
UniProtKB	A6ZVV7	HYR1	GO:0004601		307796	HYR1,SCY_2823	F
UniProtKB	A6ZVV7	HYR1	GO:0051920		307796	HYR1,SCY_2823	F
UniProtKB	A6ZVV7	HYR1	GO:0098869		307796	HYR1,SCY_2823	P
UniProtKB	A6ZVV7	HYR1	GO:0098869		307796	HYR1,SCY_2823	P
UniProtKB	A6ZVV7	HYR1	GO:0098869		307796	HYR1,SCY_2823	P
UniProtKB	A6ZVV7	HYR1	GO:0098869		307796	HYR1,SCY_2823	P
UniProtKB	A6ZWG0	GLR1	GO:0004362		307796	GLR1,SCY_5637	F
UniProtKB	A6ZWG0	GLR1	GO:0004362		307796	GLR1,SCY_5637	F
UniProtKB	A6ZWG0	GLR1	GO:0004362		307796	GLR1,SCY_5637	F
UniProtKB	A6ZWG0	GLR1	GO:0098869		307796	GLR1,SCY_5637	P
UniProtKB	A6ZWG0	GLR1	GO:0098869		307796	GLR1,SCY_5637	P
UniProtKB	A6ZWG0	GLR1	GO:0098869		307796	GLR1,SCY_5637	P
UniProtKB	A6ZYK8	CTA1	GO:0004096		307796	CTA1,SCY_1146	F
UniProtKB	A6ZYK8	CTA1	GO:0004601		307796	CTA1,SCY_1146	F
UniProtKB	A6ZYK8	CTA1	GO:0004096		307796	CTA1,SCY_1146	F
UniProtKB	A6ZYK8	CTA1	GO:0004096		307796	CTA1,SCY_1146	F
UniProtKB	A6ZYK8	CTA1	GO:0098869		307796	CTA1,SCY_1146	P
UniProtKB	A6ZYK8	CTA1	GO:0098869		307796	CTA1,SCY_1146	P
UniProtKB	A6ZYK8	CTA1	GO:0098869		307796	CTA1,SCY_1146	P
UniProtKB	A6ZYK8	CTA1	GO:0098869		307796	CTA1,SCY_1146	P
UniProtKB	A6ZYU7	MRP1	GO:0004784		307796	MRP1,SCY_1235	F
UniProtKB	A6ZYU7	MRP1	GO:0019430		307796	MRP1,SCY_1235	P
UniProtKB	A6ZYV3	TRR1	GO:0019430		307796	TRR1,SCY_1241	P
UniProtKB	A6ZYV3	TRR1	GO:0004791		307796	TRR1,SCY_1241	F
UniProtKB	A6ZYV3	TRR1	GO:0004791		307796	TRR1,SCY_1241	F
UniProtKB	A6ZYV3	TRR1	GO:0004791		307796	TRR1,SCY_1241	F
UniProtKB	A6ZYV3	TRR1	GO:0019430		307796	TRR1,SCY_1241	P
UniProtKB	A6ZYV3	TRR1	GO:0004791		307796	TRR1,SCY_1241	F
UniProtKB	A6ZYV3	TRR1	GO:0004791		307796	TRR1,SCY_1241	F
UniProtKB	A6ZZ05	PDR15	GO:1990961		307796	PDR15,SCY_1293	P
UniProtKB	A6ZZ44	TSA2	GO:0016209		307796	TSA2,SCY_1333	F
UniProtKB	A6ZZ44	TSA2	GO:0051920		307796	TSA2,SCY_1333	F
UniProtKB	A6ZZ44	TSA2	GO:0016209		307796	TSA2,SCY_1333	F
UniProtKB	A6ZZ44	TSA2	GO:0004601		307796	TSA2,SCY_1333	F
UniProtKB	A6ZZ44	TSA2	GO:0004601		307796	TSA2,SCY_1333	F
UniProtKB	A6ZZ44	TSA2	GO:0098869		307796	TSA2,SCY_1333	P
UniProtKB	A6ZZ44	TSA2	GO:0098869		307796	TSA2,SCY_1333	P
UniProtKB	A6ZZ44	TSA2	GO:0098869		307796	TSA2,SCY_1333	P
UniProtKB	A6ZZ44	TSA2	GO:0098869		307796	TSA2,SCY_1333	P
UniProtKB	A6ZZ44	TSA2	GO:0098869		307796	TSA2,SCY_1333	P
UniProtKB	A6ZZA0	GRX2	GO:0004362		307796	GRX2,SCY_1389	F
UniProtKB	A6ZZA0	GRX2	GO:0098869		307796	GRX2,SCY_1389	P
UniProtKB	A6ZZN2	SRX1	GO:0032542		307796	SRX1,SCY_3292	F
UniProtKB	A6ZZN2	SRX1	GO:0016209		307796	SRX1,SCY_3292	F
UniProtKB	A6ZZN2	SRX1	GO:0032542		307796	SRX1,SCY_3292	F
UniProtKB	A6ZZN2	SRX1	GO:0032542		307796	SRX1,SCY_3292	F
UniProtKB	A6ZZN2	SRX1	GO:0098869		307796	SRX1,SCY_3292	P
UniProtKB	A6ZZN2	SRX1	GO:0098869		307796	SRX1,SCY_3292	P
UniProtKB	A6ZZN2	SRX1	GO:0098869		307796	SRX1,SCY_3292	P
UniProtKB	A6ZZN2	SRX1	GO:0098869		307796	SRX1,SCY_3292	P
UniProtKB	A6ZZT7	GPX1	GO:0004602		307796	GPX1,SCY_3347	F
UniProtKB	A6ZZT7	GPX1	GO:0016209		307796	GPX1,SCY_3347	F
UniProtKB	A6ZZT7	GPX1	GO:0004601		307796	GPX1,SCY_3347	F
UniProtKB	A6ZZT7	GPX1	GO:0051920		307796	GPX1,SCY_3347	F
UniProtKB	A6ZZT7	GPX1	GO:0098869		307796	GPX1,SCY_3347	P
UniProtKB	A6ZZT7	GPX1	GO:0098869		307796	GPX1,SCY_3347	P
UniProtKB	A6ZZT7	GPX1	GO:0098869		307796	GPX1,SCY_3347	P
UniProtKB	A6ZZT7	GPX1	GO:0098869		307796	GPX1,SCY_3347	P
UniProtKB	A7A026	CCP1	GO:0004601		307796	CCP1,SCY_3436	F
UniProtKB	A7A026	CCP1	GO:0004601		307796	CCP1,SCY_3436	F
UniProtKB	A7A026	CCP1	GO:0098869		307796	CCP1,SCY_3436	P
UniProtKB	A7A026	CCP1	GO:0098869		307796	CCP1,SCY_3436	P
UniProtKB	A7A113	AHP1	GO:0016209		307796	AHP1,SCY_3687	F
UniProtKB	A7A113	AHP1	GO:0004601		307796	AHP1,SCY_3687	F
UniProtKB	A7A113	AHP1	GO:0098869		307796	AHP1,SCY_3687	P
UniProtKB	A7A113	AHP1	GO:0098869		307796	AHP1,SCY_3687	P
UniProtKB	B3LFF7	SCRG_00030	GO:0004362		285006	SCRG_00030	F
UniProtKB	B3LFF7	SCRG_00030	GO:0098869		285006	SCRG_00030	P
UniProtKB	B3LFL0	SCRG_00086	GO:0016209		285006	SCRG_00086	F
UniProtKB	B3LFL0	SCRG_00086	GO:0051920		285006	SCRG_00086	F
UniProtKB	B3LFL0	SCRG_00086	GO:0016209		285006	SCRG_00086	F
UniProtKB	B3LFL0	SCRG_00086	GO:0004601		285006	SCRG_00086	F
UniProtKB	B3LFL0	SCRG_00086	GO:0004601		285006	SCRG_00086	F
UniProtKB	B3LFL0	SCRG_00086	GO:0098869		285006	SCRG_00086	P
UniProtKB	B3LFL0	SCRG_00086	GO:0098869		285006	SCRG_00086	P
UniProtKB	B3LFL0	SCRG_00086	GO:0098869		285006	SCRG_00086	P
UniProtKB	B3LFL0	SCRG_00086	GO:0098869		285006	SCRG_00086	P
UniProtKB	B3LFL0	SCRG_00086	GO:0098869		285006	SCRG_00086	P
UniProtKB	B3LFU8	SCRG_00178	GO:0019430		285006	SCRG_00178	P
UniProtKB	B3LFU8	SCRG_00178	GO:0004791		285006	SCRG_00178	F
UniProtKB	B3LFU8	SCRG_00178	GO:0004791		285006	SCRG_00178	F
UniProtKB	B3LFU8	SCRG_00178	GO:0004791		285006	SCRG_00178	F
UniProtKB	B3LFU8	SCRG_00178	GO:0019430		285006	SCRG_00178	P
UniProtKB	B3LFU8	SCRG_00178	GO:0004791		285006	SCRG_00178	F
UniProtKB	B3LFU8	SCRG_00178	GO:0004791		285006	SCRG_00178	F
UniProtKB	B3LFV3	SCRG_00184	GO:0004784		285006	SCRG_00184	F
UniProtKB	B3LFV3	SCRG_00184	GO:0019430		285006	SCRG_00184	P
UniProtKB	B3LFV9	SCRG_00191	GO:1990961		285006	SCRG_00191	P
UniProtKB	B3LG34	SCRG_00270	GO:0004096		285006	SCRG_00270	F
UniProtKB	B3LG34	SCRG_00270	GO:0004601		285006	SCRG_00270	F
UniProtKB	B3LG34	SCRG_00270	GO:0004096		285006	SCRG_00270	F
UniProtKB	B3LG34	SCRG_00270	GO:0004096		285006	SCRG_00270	F
UniProtKB	B3LG34	SCRG_00270	GO:0098869		285006	SCRG_00270	P
UniProtKB	B3LG34	SCRG_00270	GO:0098869		285006	SCRG_00270	P
UniProtKB	B3LG34	SCRG_00270	GO:0098869		285006	SCRG_00270	P
UniProtKB	B3LG34	SCRG_00270	GO:0098869		285006	SCRG_00270	P
UniProtKB	B3LID8	SCRG_00929	GO:0004096		285006	SCRG_00929	F
UniProtKB	B3LID8	SCRG_00929	GO:0004601		285006	SCRG_00929	F
UniProtKB	B3LID8	SCRG_00929	GO:0004096		285006	SCRG_00929	F
UniProtKB	B3LID8	SCRG_00929	GO:0004096		285006	SCRG_00929	F
UniProtKB	B3LID8	SCRG_00929	GO:0098869		285006	SCRG_00929	P
UniProtKB	B3LID8	SCRG_00929	GO:0098869		285006	SCRG_00929	P
UniProtKB	B3LID8	SCRG_00929	GO:0098869		285006	SCRG_00929	P
UniProtKB	B3LID8	SCRG_00929	GO:0098869		285006	SCRG_00929	P
UniProtKB	B3LJY9	SCRG_01707	GO:1990961		285006	SCRG_01707	P
UniProtKB	B3LKY2	SCRG_02404	GO:0004362		285006	SCRG_02404	F
UniProtKB	B3LKY2	SCRG_02404	GO:0004362		285006	SCRG_02404	F
UniProtKB	B3LKY2	SCRG_02404	GO:0004362		285006	SCRG_02404	F
UniProtKB	B3LKY2	SCRG_02404	GO:0098869		285006	SCRG_02404	P
UniProtKB	B3LKY2	SCRG_02404	GO:0098869		285006	SCRG_02404	P
UniProtKB	B3LKY2	SCRG_02404	GO:0098869		285006	SCRG_02404	P
UniProtKB	B3LLM4	SCRG_01867	GO:0016209		285006	SCRG_01867	F
UniProtKB	B3LLM4	SCRG_01867	GO:0051920		285006	SCRG_01867	F
UniProtKB	B3LLM4	SCRG_01867	GO:0016209		285006	SCRG_01867	F
UniProtKB	B3LLM4	SCRG_01867	GO:0004601		285006	SCRG_01867	F
UniProtKB	B3LLM4	SCRG_01867	GO:0004601		285006	SCRG_01867	F
UniProtKB	B3LLM4	SCRG_01867	GO:0098869		285006	SCRG_01867	P
UniProtKB	B3LLM4	SCRG_01867	GO:0098869		285006	SCRG_01867	P
UniProtKB	B3LLM4	SCRG_01867	GO:0098869		285006	SCRG_01867	P
UniProtKB	B3LLM4	SCRG_01867	GO:0098869		285006	SCRG_01867	P
UniProtKB	B3LLM4	SCRG_01867	GO:0098869		285006	SCRG_01867	P
UniProtKB	B3LMR8	SCRG_02726	GO:0004602		285006	SCRG_02726	F
UniProtKB	B3LMR8	SCRG_02726	GO:0016209		285006	SCRG_02726	F
UniProtKB	B3LMR8	SCRG_02726	GO:0004601		285006	SCRG_02726	F
UniProtKB	B3LMR8	SCRG_02726	GO:0051920		285006	SCRG_02726	F
UniProtKB	B3LMR8	SCRG_02726	GO:0098869		285006	SCRG_02726	P
UniProtKB	B3LMR8	SCRG_02726	GO:0098869		285006	SCRG_02726	P
UniProtKB	B3LMR8	SCRG_02726	GO:0098869		285006	SCRG_02726	P
UniProtKB	B3LMR8	SCRG_02726	GO:0098869		285006	SCRG_02726	P
UniProtKB	B3LNJ9	SCRG_03026	GO:0098869		285006	SCRG_03026	P
UniProtKB	B3LNJ9	SCRG_03026	GO:0008379		285006	SCRG_03026	F
UniProtKB	B3LNJ9	SCRG_03026	GO:0016209		285006	SCRG_03026	F
UniProtKB	B3LNJ9	SCRG_03026	GO:0051920		285006	SCRG_03026	F
UniProtKB	B3LNJ9	SCRG_03026	GO:0016209		285006	SCRG_03026	F
UniProtKB	B3LNJ9	SCRG_03026	GO:0004601		285006	SCRG_03026	F
UniProtKB	B3LNJ9	SCRG_03026	GO:0004601		285006	SCRG_03026	F
UniProtKB	B3LQ43	SCRG_03602	GO:0046294		285006	SCRG_03602	P
UniProtKB	B3LQI6	SCRG_03751	GO:0004784		285006	SCRG_03751	F
UniProtKB	B3LQI6	SCRG_03751	GO:0019430		285006	SCRG_03751	P
UniProtKB	B3LQJ5	SCRG_03761	GO:0051920		285006	SCRG_03761	F
UniProtKB	B3LQJ5	SCRG_03761	GO:0098869		285006	SCRG_03761	P
UniProtKB	B3LR06	SCRG_03935	GO:0032542		285006	SCRG_03935	F
UniProtKB	B3LR06	SCRG_03935	GO:0016209		285006	SCRG_03935	F
UniProtKB	B3LR06	SCRG_03935	GO:0032542		285006	SCRG_03935	F
UniProtKB	B3LR06	SCRG_03935	GO:0032542		285006	SCRG_03935	F
UniProtKB	B3LR06	SCRG_03935	GO:0098869		285006	SCRG_03935	P
UniProtKB	B3LR06	SCRG_03935	GO:0098869		285006	SCRG_03935	P
UniProtKB	B3LR06	SCRG_03935	GO:0098869		285006	SCRG_03935	P
UniProtKB	B3LR06	SCRG_03935	GO:0098869		285006	SCRG_03935	P
UniProtKB	B3LR57	SCRG_03991	GO:0004602		285006	SCRG_03991	F
UniProtKB	B3LR57	SCRG_03991	GO:0016209		285006	SCRG_03991	F
UniProtKB	B3LR57	SCRG_03991	GO:0004601		285006	SCRG_03991	F
UniProtKB	B3LR57	SCRG_03991	GO:0051920		285006	SCRG_03991	F
UniProtKB	B3LR57	SCRG_03991	GO:0098869		285006	SCRG_03991	P
UniProtKB	B3LR57	SCRG_03991	GO:0098869		285006	SCRG_03991	P
UniProtKB	B3LR57	SCRG_03991	GO:0098869		285006	SCRG_03991	P
UniProtKB	B3LR57	SCRG_03991	GO:0098869		285006	SCRG_03991	P
UniProtKB	B3LRE1	SCRG_04081	GO:0004601		285006	SCRG_04081	F
UniProtKB	B3LRE1	SCRG_04081	GO:0004601		285006	SCRG_04081	F
UniProtKB	B3LRE1	SCRG_04081	GO:0098869		285006	SCRG_04081	P
UniProtKB	B3LRE1	SCRG_04081	GO:0098869		285006	SCRG_04081	P
UniProtKB	B3LSC9	SCRG_04714	GO:0004784		285006	SCRG_04714	F
UniProtKB	B3LSC9	SCRG_04714	GO:0004784		285006	SCRG_04714	F
UniProtKB	B3LSC9	SCRG_04714	GO:0004784		285006	SCRG_04714	F
UniProtKB	B3LSC9	SCRG_04714	GO:0019430		285006	SCRG_04714	P
UniProtKB	B3LSC9	SCRG_04714	GO:0019430		285006	SCRG_04714	P
UniProtKB	B3LSC9	SCRG_04714	GO:0019430		285006	SCRG_04714	P
UniProtKB	B3LSH4	SCRG_04766	GO:0010273		285006	SCRG_04766	P
UniProtKB	B3LSH4	SCRG_04766	GO:0071585		285006	SCRG_04766	P
UniProtKB	B3LSM1	SCRG_04819	GO:0019430		285006	SCRG_04819	P
UniProtKB	B3LSM1	SCRG_04819	GO:0004791		285006	SCRG_04819	F
UniProtKB	B3LSM1	SCRG_04819	GO:0004791		285006	SCRG_04819	F
UniProtKB	B3LSM1	SCRG_04819	GO:0004791		285006	SCRG_04819	F
UniProtKB	B3LSM1	SCRG_04819	GO:0019430		285006	SCRG_04819	P
UniProtKB	B3LSM1	SCRG_04819	GO:0004791		285006	SCRG_04819	F
UniProtKB	B3LSM1	SCRG_04819	GO:0004791		285006	SCRG_04819	F
UniProtKB	B3LT76	SCRG_05093	GO:0016209		285006	SCRG_05093	F
UniProtKB	B3LT76	SCRG_05093	GO:0004601		285006	SCRG_05093	F
UniProtKB	B3LT76	SCRG_05093	GO:0098869		285006	SCRG_05093	P
UniProtKB	B3LT76	SCRG_05093	GO:0098869		285006	SCRG_05093	P
UniProtKB	B3LTH3	SCRG_05141	GO:0004602		285006	SCRG_05141	F
UniProtKB	B3LTH3	SCRG_05141	GO:0016209		285006	SCRG_05141	F
UniProtKB	B3LTH3	SCRG_05141	GO:0004601		285006	SCRG_05141	F
UniProtKB	B3LTH3	SCRG_05141	GO:0051920		285006	SCRG_05141	F
UniProtKB	B3LTH3	SCRG_05141	GO:0098869		285006	SCRG_05141	P
UniProtKB	B3LTH3	SCRG_05141	GO:0098869		285006	SCRG_05141	P
UniProtKB	B3LTH3	SCRG_05141	GO:0098869		285006	SCRG_05141	P
UniProtKB	B3LTH3	SCRG_05141	GO:0098869		285006	SCRG_05141	P
UniProtKB	B3LTL9	SCRG_05190	GO:0016209		285006	SCRG_05190	F
UniProtKB	B3LTL9	SCRG_05190	GO:0098869		285006	SCRG_05190	P
UniProtKB	B3LU47	SCRG_05373	GO:0004362		285006	SCRG_05373	F
UniProtKB	B3LU47	SCRG_05373	GO:0098869		285006	SCRG_05373	P
UniProtKB	B5VDS3	AWRI1631_20390	GO:0098869		545124	AWRI1631_20390	P
UniProtKB	B5VDS3	AWRI1631_20390	GO:0008379		545124	AWRI1631_20390	F
UniProtKB	B5VDS3	AWRI1631_20390	GO:0016209		545124	AWRI1631_20390	F
UniProtKB	B5VDS3	AWRI1631_20390	GO:0051920		545124	AWRI1631_20390	F
UniProtKB	B5VDS3	AWRI1631_20390	GO:0016209		545124	AWRI1631_20390	F
UniProtKB	B5VDS3	AWRI1631_20390	GO:0004601		545124	AWRI1631_20390	F
UniProtKB	B5VDS3	AWRI1631_20390	GO:0004601		545124	AWRI1631_20390	F
UniProtKB	B5VGE0	AWRI1631_44730	GO:0004096		545124	AWRI1631_44730	F
UniProtKB	B5VGE0	AWRI1631_44730	GO:0004601		545124	AWRI1631_44730	F
UniProtKB	B5VGE0	AWRI1631_44730	GO:0004096		545124	AWRI1631_44730	F
UniProtKB	B5VGE0	AWRI1631_44730	GO:0004096		545124	AWRI1631_44730	F
UniProtKB	B5VGE0	AWRI1631_44730	GO:0098869		545124	AWRI1631_44730	P
UniProtKB	B5VGE0	AWRI1631_44730	GO:0098869		545124	AWRI1631_44730	P
UniProtKB	B5VGE0	AWRI1631_44730	GO:0098869		545124	AWRI1631_44730	P
UniProtKB	B5VGE0	AWRI1631_44730	GO:0098869		545124	AWRI1631_44730	P
UniProtKB	B5VGM8	AWRI1631_45630	GO:0004784		545124	AWRI1631_45630	F
UniProtKB	B5VGM8	AWRI1631_45630	GO:0019430		545124	AWRI1631_45630	P
UniProtKB	B5VGN5	AWRI1631_45700	GO:0019430		545124	AWRI1631_45700	P
UniProtKB	B5VGN5	AWRI1631_45700	GO:0004791		545124	AWRI1631_45700	F
UniProtKB	B5VGN5	AWRI1631_45700	GO:0004791		545124	AWRI1631_45700	F
UniProtKB	B5VGN5	AWRI1631_45700	GO:0004791		545124	AWRI1631_45700	F
UniProtKB	B5VGN5	AWRI1631_45700	GO:0019430		545124	AWRI1631_45700	P
UniProtKB	B5VGN5	AWRI1631_45700	GO:0004791		545124	AWRI1631_45700	F
UniProtKB	B5VGN5	AWRI1631_45700	GO:0004791		545124	AWRI1631_45700	F
UniProtKB	B5VGT7	AWRI1631_46230	GO:1990961		545124	AWRI1631_46230	P
UniProtKB	B5VGY3	AWRI1631_46700	GO:0016209		545124	AWRI1631_46700	F
UniProtKB	B5VGY3	AWRI1631_46700	GO:0051920		545124	AWRI1631_46700	F
UniProtKB	B5VGY3	AWRI1631_46700	GO:0016209		545124	AWRI1631_46700	F
UniProtKB	B5VGY3	AWRI1631_46700	GO:0004601		545124	AWRI1631_46700	F
UniProtKB	B5VGY3	AWRI1631_46700	GO:0004601		545124	AWRI1631_46700	F
UniProtKB	B5VGY3	AWRI1631_46700	GO:0098869		545124	AWRI1631_46700	P
UniProtKB	B5VGY3	AWRI1631_46700	GO:0098869		545124	AWRI1631_46700	P
UniProtKB	B5VGY3	AWRI1631_46700	GO:0098869		545124	AWRI1631_46700	P
UniProtKB	B5VGY3	AWRI1631_46700	GO:0098869		545124	AWRI1631_46700	P
UniProtKB	B5VGY3	AWRI1631_46700	GO:0098869		545124	AWRI1631_46700	P
UniProtKB	B5VJ32	AWRI1631_73110	GO:0004096		545124	AWRI1631_73110	F
UniProtKB	B5VJ32	AWRI1631_73110	GO:0004601		545124	AWRI1631_73110	F
UniProtKB	B5VJ32	AWRI1631_73110	GO:0098869		545124	AWRI1631_73110	P
UniProtKB	B5VJ32	AWRI1631_73110	GO:0098869		545124	AWRI1631_73110	P
UniProtKB	B5VJT4	AWRI1631_80530	GO:0004784		545124	AWRI1631_80530	F
UniProtKB	B5VJT4	AWRI1631_80530	GO:0004784		545124	AWRI1631_80530	F
UniProtKB	B5VJT4	AWRI1631_80530	GO:0004784		545124	AWRI1631_80530	F
UniProtKB	B5VJT4	AWRI1631_80530	GO:0019430		545124	AWRI1631_80530	P
UniProtKB	B5VJT4	AWRI1631_80530	GO:0019430		545124	AWRI1631_80530	P
UniProtKB	B5VJT4	AWRI1631_80530	GO:0019430		545124	AWRI1631_80530	P
UniProtKB	B5VJW3	AWRI1631_80840	GO:1990961		545124	AWRI1631_80840	P
UniProtKB	B5VK41	AWRI1631_81630	GO:0019430		545124	AWRI1631_81630	P
UniProtKB	B5VK41	AWRI1631_81630	GO:0004791		545124	AWRI1631_81630	F
UniProtKB	B5VK41	AWRI1631_81630	GO:0004791		545124	AWRI1631_81630	F
UniProtKB	B5VK41	AWRI1631_81630	GO:0004791		545124	AWRI1631_81630	F
UniProtKB	B5VK41	AWRI1631_81630	GO:0019430		545124	AWRI1631_81630	P
UniProtKB	B5VK41	AWRI1631_81630	GO:0004791		545124	AWRI1631_81630	F
UniProtKB	B5VK41	AWRI1631_81630	GO:0004791		545124	AWRI1631_81630	F
UniProtKB	B5VKX4	AWRI1631_91890	GO:0004602		545124	AWRI1631_91890	F
UniProtKB	B5VKX4	AWRI1631_91890	GO:0016209		545124	AWRI1631_91890	F
UniProtKB	B5VKX4	AWRI1631_91890	GO:0004601		545124	AWRI1631_91890	F
UniProtKB	B5VKX4	AWRI1631_91890	GO:0051920		545124	AWRI1631_91890	F
UniProtKB	B5VKX4	AWRI1631_91890	GO:0098869		545124	AWRI1631_91890	P
UniProtKB	B5VKX4	AWRI1631_91890	GO:0098869		545124	AWRI1631_91890	P
UniProtKB	B5VKX4	AWRI1631_91890	GO:0098869		545124	AWRI1631_91890	P
UniProtKB	B5VKX4	AWRI1631_91890	GO:0098869		545124	AWRI1631_91890	P
UniProtKB	B5VLB1	AWRI1631_101370	GO:0046294		545124	AWRI1631_101370	P
UniProtKB	B5VLP8	AWRI1631_102860	GO:0004784		545124	AWRI1631_102860	F
UniProtKB	B5VLP8	AWRI1631_102860	GO:0019430		545124	AWRI1631_102860	P
UniProtKB	B5VLQ5	AWRI1631_102930	GO:0051920		545124	AWRI1631_102930	F
UniProtKB	B5VLQ5	AWRI1631_102930	GO:0098869		545124	AWRI1631_102930	P
UniProtKB	B5VML3	AWRI1631_112880	GO:0004601		545124	AWRI1631_112880	F
UniProtKB	B5VML3	AWRI1631_112880	GO:0004601		545124	AWRI1631_112880	F
UniProtKB	B5VML3	AWRI1631_112880	GO:0098869		545124	AWRI1631_112880	P
UniProtKB	B5VML3	AWRI1631_112880	GO:0098869		545124	AWRI1631_112880	P
UniProtKB	B5VN47	AWRI1631_121600	GO:0016209		545124	AWRI1631_121600	F
UniProtKB	B5VN47	AWRI1631_121600	GO:0004601		545124	AWRI1631_121600	F
UniProtKB	B5VN47	AWRI1631_121600	GO:0098869		545124	AWRI1631_121600	P
UniProtKB	B5VN47	AWRI1631_121600	GO:0098869		545124	AWRI1631_121600	P
UniProtKB	B5VP98	AWRI1631_131090	GO:0016209		545124	AWRI1631_131090	F
UniProtKB	B5VP98	AWRI1631_131090	GO:0098869		545124	AWRI1631_131090	P
UniProtKB	B5VT72	AWRI1631_161710	GO:0004362		545124	AWRI1631_161710	F
UniProtKB	B5VT72	AWRI1631_161710	GO:0004362		545124	AWRI1631_161710	F
UniProtKB	B5VT72	AWRI1631_161710	GO:0004362		545124	AWRI1631_161710	F
UniProtKB	B5VT72	AWRI1631_161710	GO:0098869		545124	AWRI1631_161710	P
UniProtKB	B5VT72	AWRI1631_161710	GO:0098869		545124	AWRI1631_161710	P
UniProtKB	B5VT72	AWRI1631_161710	GO:0098869		545124	AWRI1631_161710	P
UniProtKB	C7GJ45	GLR1	GO:0004362		574961	GLR1,C1Q_00281	F
UniProtKB	C7GJ45	GLR1	GO:0004362		574961	GLR1,C1Q_00281	F
UniProtKB	C7GJ45	GLR1	GO:0004362		574961	GLR1,C1Q_00281	F
UniProtKB	C7GJ45	GLR1	GO:0098869		574961	GLR1,C1Q_00281	P
UniProtKB	C7GJ45	GLR1	GO:0098869		574961	GLR1,C1Q_00281	P
UniProtKB	C7GJ45	GLR1	GO:0098869		574961	GLR1,C1Q_00281	P
UniProtKB	C7GJI1	DOT5	GO:0016209		574961	DOT5,C1Q_00338	F
UniProtKB	C7GJI1	DOT5	GO:0098869		574961	DOT5,C1Q_00338	P
UniProtKB	C7GKP5	TSA2	GO:0016209		574961	TSA2,C1Q_00791	F
UniProtKB	C7GKP5	TSA2	GO:0051920		574961	TSA2,C1Q_00791	F
UniProtKB	C7GKP5	TSA2	GO:0016209		574961	TSA2,C1Q_00791	F
UniProtKB	C7GKP5	TSA2	GO:0004601		574961	TSA2,C1Q_00791	F
UniProtKB	C7GKP5	TSA2	GO:0004601		574961	TSA2,C1Q_00791	F
UniProtKB	C7GKP5	TSA2	GO:0098869		574961	TSA2,C1Q_00791	P
UniProtKB	C7GKP5	TSA2	GO:0098869		574961	TSA2,C1Q_00791	P
UniProtKB	C7GKP5	TSA2	GO:0098869		574961	TSA2,C1Q_00791	P
UniProtKB	C7GKP5	TSA2	GO:0098869		574961	TSA2,C1Q_00791	P
UniProtKB	C7GKP5	TSA2	GO:0098869		574961	TSA2,C1Q_00791	P
UniProtKB	C7GKU6	GRX2	GO:0004362		574961	GRX2,C1Q_00817	F
UniProtKB	C7GKU6	GRX2	GO:0098869		574961	GRX2,C1Q_00817	P
UniProtKB	C7GLR9	HYR1	GO:0004602		574961	HYR1,C1Q_01189	F
UniProtKB	C7GLR9	HYR1	GO:0016209		574961	HYR1,C1Q_01189	F
UniProtKB	C7GLR9	HYR1	GO:0004601		574961	HYR1,C1Q_01189	F
UniProtKB	C7GLR9	HYR1	GO:0051920		574961	HYR1,C1Q_01189	F
UniProtKB	C7GLR9	HYR1	GO:0098869		574961	HYR1,C1Q_01189	P
UniProtKB	C7GLR9	HYR1	GO:0098869		574961	HYR1,C1Q_01189	P
UniProtKB	C7GLR9	HYR1	GO:0098869		574961	HYR1,C1Q_01189	P
UniProtKB	C7GLR9	HYR1	GO:0098869		574961	HYR1,C1Q_01189	P
UniProtKB	C7GLZ2	TRR2	GO:0019430		574961	TRR2,C1Q_01262	P
UniProtKB	C7GLZ2	TRR2	GO:0004791		574961	TRR2,C1Q_01262	F
UniProtKB	C7GLZ2	TRR2	GO:0004791		574961	TRR2,C1Q_01262	F
UniProtKB	C7GLZ2	TRR2	GO:0004791		574961	TRR2,C1Q_01262	F
UniProtKB	C7GLZ2	TRR2	GO:0019430		574961	TRR2,C1Q_01262	P
UniProtKB	C7GLZ2	TRR2	GO:0004791		574961	TRR2,C1Q_01262	F
UniProtKB	C7GLZ2	TRR2	GO:0004791		574961	TRR2,C1Q_01262	F
UniProtKB	C7GM98	C1Q_01402	GO:0051920		574961	C1Q_01402	F
UniProtKB	C7GM98	C1Q_01402	GO:0098869		574961	C1Q_01402	P
UniProtKB	C7GMA4	SOD1	GO:0004784		574961	SOD1,C1Q_01422	F
UniProtKB	C7GMA4	SOD1	GO:0004784		574961	SOD1,C1Q_01422	F
UniProtKB	C7GMA4	SOD1	GO:0019430		574961	SOD1,C1Q_01422	P
UniProtKB	C7GMA4	SOD1	GO:0019430		574961	SOD1,C1Q_01422	P
UniProtKB	C7GMA6	RSM26	GO:0004784		574961	RSM26,C1Q_01398	F
UniProtKB	C7GMA6	RSM26	GO:0019430		574961	RSM26,C1Q_01398	P
UniProtKB	C7GMI1	TRR1	GO:0019430		574961	TRR1,C1Q_01436	P
UniProtKB	C7GMI1	TRR1	GO:0004791		574961	TRR1,C1Q_01436	F
UniProtKB	C7GMI1	TRR1	GO:0004791		574961	TRR1,C1Q_01436	F
UniProtKB	C7GMI1	TRR1	GO:0004791		574961	TRR1,C1Q_01436	F
UniProtKB	C7GMI1	TRR1	GO:0019430		574961	TRR1,C1Q_01436	P
UniProtKB	C7GMI1	TRR1	GO:0004791		574961	TRR1,C1Q_01436	F
UniProtKB	C7GMI1	TRR1	GO:0004791		574961	TRR1,C1Q_01436	F
UniProtKB	C7GMQ3	SOD2	GO:0004784		574961	SOD2,C1Q_01540	F
UniProtKB	C7GMQ3	SOD2	GO:0004784		574961	SOD2,C1Q_01540	F
UniProtKB	C7GMQ3	SOD2	GO:0004784		574961	SOD2,C1Q_01540	F
UniProtKB	C7GMQ3	SOD2	GO:0019430		574961	SOD2,C1Q_01540	P
UniProtKB	C7GMQ3	SOD2	GO:0019430		574961	SOD2,C1Q_01540	P
UniProtKB	C7GMQ3	SOD2	GO:0019430		574961	SOD2,C1Q_01540	P
UniProtKB	C7GMY7	GPX2	GO:0004602		574961	GPX2,C1Q_01613	F
UniProtKB	C7GMY7	GPX2	GO:0016209		574961	GPX2,C1Q_01613	F
UniProtKB	C7GMY7	GPX2	GO:0004601		574961	GPX2,C1Q_01613	F
UniProtKB	C7GMY7	GPX2	GO:0051920		574961	GPX2,C1Q_01613	F
UniProtKB	C7GMY7	GPX2	GO:0098869		574961	GPX2,C1Q_01613	P
UniProtKB	C7GMY7	GPX2	GO:0098869		574961	GPX2,C1Q_01613	P
UniProtKB	C7GMY7	GPX2	GO:0098869		574961	GPX2,C1Q_01613	P
UniProtKB	C7GMY7	GPX2	GO:0098869		574961	GPX2,C1Q_01613	P
UniProtKB	C7GN71	PDR5	GO:1990961		574961	PDR5,C1Q_01696	P
UniProtKB	C7GNA2	PRX1	GO:0098869		574961	PRX1,C1Q_01759	P
UniProtKB	C7GNA2	PRX1	GO:0008379		574961	PRX1,C1Q_01759	F
UniProtKB	C7GNA2	PRX1	GO:0016209		574961	PRX1,C1Q_01759	F
UniProtKB	C7GNA2	PRX1	GO:0051920		574961	PRX1,C1Q_01759	F
UniProtKB	C7GNA2	PRX1	GO:0016209		574961	PRX1,C1Q_01759	F
UniProtKB	C7GNA2	PRX1	GO:0004601		574961	PRX1,C1Q_01759	F
UniProtKB	C7GNA2	PRX1	GO:0004601		574961	PRX1,C1Q_01759	F
UniProtKB	C7GNT6	PDR10	GO:1990961		574961	PDR10,C1Q_01970	P
UniProtKB	C7GQT1	AHP1	GO:0016209		574961	AHP1,C1Q_02643	F
UniProtKB	C7GQT1	AHP1	GO:0004601		574961	AHP1,C1Q_02643	F
UniProtKB	C7GQT1	AHP1	GO:0098869		574961	AHP1,C1Q_02643	P
UniProtKB	C7GQT1	AHP1	GO:0098869		574961	AHP1,C1Q_02643	P
UniProtKB	C7GR45	C1Q_02815	GO:0046294		574961	C1Q_02815	P
UniProtKB	C7GRI6	GPX1	GO:0004602		574961	GPX1,C1Q_02965	F
UniProtKB	C7GRI6	GPX1	GO:0016209		574961	GPX1,C1Q_02965	F
UniProtKB	C7GRI6	GPX1	GO:0004601		574961	GPX1,C1Q_02965	F
UniProtKB	C7GRI6	GPX1	GO:0051920		574961	GPX1,C1Q_02965	F
UniProtKB	C7GRI6	GPX1	GO:0098869		574961	GPX1,C1Q_02965	P
UniProtKB	C7GRI6	GPX1	GO:0098869		574961	GPX1,C1Q_02965	P
UniProtKB	C7GRI6	GPX1	GO:0098869		574961	GPX1,C1Q_02965	P
UniProtKB	C7GRI6	GPX1	GO:0098869		574961	GPX1,C1Q_02965	P
UniProtKB	C7GSB8	PDR15	GO:1990961		574961	PDR15,C1Q_03265	P
UniProtKB	C7GSZ2	GRX1	GO:0004362		574961	GRX1,C1Q_03524	F
UniProtKB	C7GSZ2	GRX1	GO:0098869		574961	GRX1,C1Q_03524	P
UniProtKB	C7GT58	TSA1	GO:0016209		574961	TSA1,C1Q_03595	F
UniProtKB	C7GT58	TSA1	GO:0051920		574961	TSA1,C1Q_03595	F
UniProtKB	C7GT58	TSA1	GO:0016209		574961	TSA1,C1Q_03595	F
UniProtKB	C7GT58	TSA1	GO:0004601		574961	TSA1,C1Q_03595	F
UniProtKB	C7GT58	TSA1	GO:0004601		574961	TSA1,C1Q_03595	F
UniProtKB	C7GT58	TSA1	GO:0098869		574961	TSA1,C1Q_03595	P
UniProtKB	C7GT58	TSA1	GO:0098869		574961	TSA1,C1Q_03595	P
UniProtKB	C7GT58	TSA1	GO:0098869		574961	TSA1,C1Q_03595	P
UniProtKB	C7GT58	TSA1	GO:0098869		574961	TSA1,C1Q_03595	P
UniProtKB	C7GT58	TSA1	GO:0098869		574961	TSA1,C1Q_03595	P
UniProtKB	C7GTJ1	CTA1	GO:0004096		574961	CTA1,C1Q_03723	F
UniProtKB	C7GTJ1	CTA1	GO:0004601		574961	CTA1,C1Q_03723	F
UniProtKB	C7GTJ1	CTA1	GO:0004096		574961	CTA1,C1Q_03723	F
UniProtKB	C7GTJ1	CTA1	GO:0004096		574961	CTA1,C1Q_03723	F
UniProtKB	C7GTJ1	CTA1	GO:0098869		574961	CTA1,C1Q_03723	P
UniProtKB	C7GTJ1	CTA1	GO:0098869		574961	CTA1,C1Q_03723	P
UniProtKB	C7GTJ1	CTA1	GO:0098869		574961	CTA1,C1Q_03723	P
UniProtKB	C7GTJ1	CTA1	GO:0098869		574961	CTA1,C1Q_03723	P
UniProtKB	C7GTU8	C1Q_03839	GO:1990961		574961	C1Q_03839	P
UniProtKB	C7GV24	CUP1-1	GO:0010273		574961	CUP1-1,C1Q_04307	P
UniProtKB	C7GV24	CUP1-1	GO:0071585		574961	CUP1-1,C1Q_04307	P
UniProtKB	C7GVM4	SRX1	GO:0032542		574961	SRX1,C1Q_04500	F
UniProtKB	C7GVM4	SRX1	GO:0016209		574961	SRX1,C1Q_04500	F
UniProtKB	C7GVM4	SRX1	GO:0032542		574961	SRX1,C1Q_04500	F
UniProtKB	C7GVM4	SRX1	GO:0032542		574961	SRX1,C1Q_04500	F
UniProtKB	C7GVM4	SRX1	GO:0098869		574961	SRX1,C1Q_04500	P
UniProtKB	C7GVM4	SRX1	GO:0098869		574961	SRX1,C1Q_04500	P
UniProtKB	C7GVM4	SRX1	GO:0098869		574961	SRX1,C1Q_04500	P
UniProtKB	C7GVM4	SRX1	GO:0098869		574961	SRX1,C1Q_04500	P
UniProtKB	C7GWN5	C1Q_04909	GO:1990961		574961	C1Q_04909	P
UniProtKB	C7GWX5	CTT1	GO:0004096		574961	CTT1,C1Q_04998	F
UniProtKB	C7GWX5	CTT1	GO:0004601		574961	CTT1,C1Q_04998	F
UniProtKB	C7GWX5	CTT1	GO:0004096		574961	CTT1,C1Q_04998	F
UniProtKB	C7GWX5	CTT1	GO:0004096		574961	CTT1,C1Q_04998	F
UniProtKB	C7GWX5	CTT1	GO:0098869		574961	CTT1,C1Q_04998	P
UniProtKB	C7GWX5	CTT1	GO:0098869		574961	CTT1,C1Q_04998	P
UniProtKB	C7GWX5	CTT1	GO:0098869		574961	CTT1,C1Q_04998	P
UniProtKB	C7GWX5	CTT1	GO:0098869		574961	CTT1,C1Q_04998	P
UniProtKB	C7GX73	CCP1	GO:0004601		574961	CCP1,C1Q_05116	F
UniProtKB	C7GX73	CCP1	GO:0004601		574961	CCP1,C1Q_05116	F
UniProtKB	C7GX73	CCP1	GO:0098869		574961	CCP1,C1Q_05116	P
UniProtKB	C7GX73	CCP1	GO:0098869		574961	CCP1,C1Q_05116	P
UniProtKB	C7GXA3	MRP1	GO:0004784		574961	MRP1,C1Q_05157	F
UniProtKB	C7GXA3	MRP1	GO:0019430		574961	MRP1,C1Q_05157	P
UniProtKB	C7GXY1	SNQ2	GO:1990961		574961	SNQ2,C1Q_05413	P
UniProtKB	C8Z3T2	EC1118_1B15_0529g	GO:0098869		643680	EC1118_1B15_0529g	P
UniProtKB	C8Z3T2	EC1118_1B15_0529g	GO:0008379		643680	EC1118_1B15_0529g	F
UniProtKB	C8Z3T2	EC1118_1B15_0529g	GO:0016209		643680	EC1118_1B15_0529g	F
UniProtKB	C8Z3T2	EC1118_1B15_0529g	GO:0051920		643680	EC1118_1B15_0529g	F
UniProtKB	C8Z3T2	EC1118_1B15_0529g	GO:0016209		643680	EC1118_1B15_0529g	F
UniProtKB	C8Z3T2	EC1118_1B15_0529g	GO:0004601		643680	EC1118_1B15_0529g	F
UniProtKB	C8Z3T2	EC1118_1B15_0529g	GO:0004601		643680	EC1118_1B15_0529g	F
UniProtKB	C8Z454	EC1118_1C17_0353g	GO:0004362		643680	EC1118_1C17_0353g	F
UniProtKB	C8Z454	EC1118_1C17_0353g	GO:0098869		643680	EC1118_1C17_0353g	P
UniProtKB	C8Z4T0	EC1118_1D0_2509g	GO:1990961		643680	EC1118_1D0_2509g	P
UniProtKB	C8Z5G8	EC1118_1D0_5325g	GO:0004096		643680	EC1118_1D0_5325g	F
UniProtKB	C8Z5G8	EC1118_1D0_5325g	GO:0004601		643680	EC1118_1D0_5325g	F
UniProtKB	C8Z5G8	EC1118_1D0_5325g	GO:0004096		643680	EC1118_1D0_5325g	F
UniProtKB	C8Z5G8	EC1118_1D0_5325g	GO:0004096		643680	EC1118_1D0_5325g	F
UniProtKB	C8Z5G8	EC1118_1D0_5325g	GO:0098869		643680	EC1118_1D0_5325g	P
UniProtKB	C8Z5G8	EC1118_1D0_5325g	GO:0098869		643680	EC1118_1D0_5325g	P
UniProtKB	C8Z5G8	EC1118_1D0_5325g	GO:0098869		643680	EC1118_1D0_5325g	P
UniProtKB	C8Z5G8	EC1118_1D0_5325g	GO:0098869		643680	EC1118_1D0_5325g	P
UniProtKB	C8Z5Q0	EC1118_1D0_6282g	GO:1990961		643680	EC1118_1D0_6282g	P
UniProtKB	C8Z5Q8	EC1118_1D0_6381g	GO:0004784		643680	EC1118_1D0_6381g	F
UniProtKB	C8Z5Q8	EC1118_1D0_6381g	GO:0019430		643680	EC1118_1D0_6381g	P
UniProtKB	C8Z5R4	EC1118_1D0_6447g	GO:0019430		643680	EC1118_1D0_6447g	P
UniProtKB	C8Z5R4	EC1118_1D0_6447g	GO:0004791		643680	EC1118_1D0_6447g	F
UniProtKB	C8Z5R4	EC1118_1D0_6447g	GO:0004791		643680	EC1118_1D0_6447g	F
UniProtKB	C8Z5R4	EC1118_1D0_6447g	GO:0004791		643680	EC1118_1D0_6447g	F
UniProtKB	C8Z5R4	EC1118_1D0_6447g	GO:0019430		643680	EC1118_1D0_6447g	P
UniProtKB	C8Z5R4	EC1118_1D0_6447g	GO:0004791		643680	EC1118_1D0_6447g	F
UniProtKB	C8Z5R4	EC1118_1D0_6447g	GO:0004791		643680	EC1118_1D0_6447g	F
UniProtKB	C8Z5W9	EC1118_1D0_7096g	GO:1990961		643680	EC1118_1D0_7096g	P
UniProtKB	C8Z611	EC1118_1D0_7624g	GO:0016209		643680	EC1118_1D0_7624g	F
UniProtKB	C8Z611	EC1118_1D0_7624g	GO:0051920		643680	EC1118_1D0_7624g	F
UniProtKB	C8Z611	EC1118_1D0_7624g	GO:0016209		643680	EC1118_1D0_7624g	F
UniProtKB	C8Z611	EC1118_1D0_7624g	GO:0004601		643680	EC1118_1D0_7624g	F
UniProtKB	C8Z611	EC1118_1D0_7624g	GO:0004601		643680	EC1118_1D0_7624g	F
UniProtKB	C8Z611	EC1118_1D0_7624g	GO:0098869		643680	EC1118_1D0_7624g	P
UniProtKB	C8Z611	EC1118_1D0_7624g	GO:0098869		643680	EC1118_1D0_7624g	P
UniProtKB	C8Z611	EC1118_1D0_7624g	GO:0098869		643680	EC1118_1D0_7624g	P
UniProtKB	C8Z611	EC1118_1D0_7624g	GO:0098869		643680	EC1118_1D0_7624g	P
UniProtKB	C8Z611	EC1118_1D0_7624g	GO:0098869		643680	EC1118_1D0_7624g	P
UniProtKB	C8Z669	EC1118_1D0_8306g	GO:0004362		643680	EC1118_1D0_8306g	F
UniProtKB	C8Z669	EC1118_1D0_8306g	GO:0098869		643680	EC1118_1D0_8306g	P
UniProtKB	C8Z7L9	EC1118_1F14_0100g	GO:1990961		643680	EC1118_1F14_0100g	P
UniProtKB	C8Z8Y2	EC1118_1G1_3994g	GO:0004096		643680	EC1118_1G1_3994g	F
UniProtKB	C8Z8Y2	EC1118_1G1_3994g	GO:0004601		643680	EC1118_1G1_3994g	F
UniProtKB	C8Z8Y2	EC1118_1G1_3994g	GO:0004096		643680	EC1118_1G1_3994g	F
UniProtKB	C8Z8Y2	EC1118_1G1_3994g	GO:0004096		643680	EC1118_1G1_3994g	F
UniProtKB	C8Z8Y2	EC1118_1G1_3994g	GO:0098869		643680	EC1118_1G1_3994g	P
UniProtKB	C8Z8Y2	EC1118_1G1_3994g	GO:0098869		643680	EC1118_1G1_3994g	P
UniProtKB	C8Z8Y2	EC1118_1G1_3994g	GO:0098869		643680	EC1118_1G1_3994g	P
UniProtKB	C8Z8Y2	EC1118_1G1_3994g	GO:0098869		643680	EC1118_1G1_3994g	P
UniProtKB	C8Z9J0	EC1118_1H13_0023g	GO:0010273		643680	EC1118_1H13_0023g,EC1118_1H13_0045g	P
UniProtKB	C8Z9J0	EC1118_1H13_0023g	GO:0071585		643680	EC1118_1H13_0023g,EC1118_1H13_0045g	P
UniProtKB	C8Z9P9	EC1118_1H13_0716g	GO:0019430		643680	EC1118_1H13_0716g	P
UniProtKB	C8Z9P9	EC1118_1H13_0716g	GO:0004791		643680	EC1118_1H13_0716g	F
UniProtKB	C8Z9P9	EC1118_1H13_0716g	GO:0004791		643680	EC1118_1H13_0716g	F
UniProtKB	C8Z9P9	EC1118_1H13_0716g	GO:0004791		643680	EC1118_1H13_0716g	F
UniProtKB	C8Z9P9	EC1118_1H13_0716g	GO:0019430		643680	EC1118_1H13_0716g	P
UniProtKB	C8Z9P9	EC1118_1H13_0716g	GO:0004791		643680	EC1118_1H13_0716g	F
UniProtKB	C8Z9P9	EC1118_1H13_0716g	GO:0004791		643680	EC1118_1H13_0716g	F
UniProtKB	C8ZA75	EC1118_1H21_0716g	GO:0004784		643680	EC1118_1H21_0716g	F
UniProtKB	C8ZA75	EC1118_1H21_0716g	GO:0004784		643680	EC1118_1H21_0716g	F
UniProtKB	C8ZA75	EC1118_1H21_0716g	GO:0004784		643680	EC1118_1H21_0716g	F
UniProtKB	C8ZA75	EC1118_1H21_0716g	GO:0019430		643680	EC1118_1H21_0716g	P
UniProtKB	C8ZA75	EC1118_1H21_0716g	GO:0019430		643680	EC1118_1H21_0716g	P
UniProtKB	C8ZA75	EC1118_1H21_0716g	GO:0019430		643680	EC1118_1H21_0716g	P
UniProtKB	C8ZAA1	EC1118_1H23_0034g	GO:1990961		643680	EC1118_1H23_0034g	P
UniProtKB	C8ZAN9	EC1118_1I12_1926g	GO:0016209		643680	EC1118_1I12_1926g	F
UniProtKB	C8ZAN9	EC1118_1I12_1926g	GO:0098869		643680	EC1118_1I12_1926g	P
UniProtKB	C8ZAU0	EC1118_1I12_2542g	GO:0004602		643680	EC1118_1I12_2542g	F
UniProtKB	C8ZAU0	EC1118_1I12_2542g	GO:0016209		643680	EC1118_1I12_2542g	F
UniProtKB	C8ZAU0	EC1118_1I12_2542g	GO:0004601		643680	EC1118_1I12_2542g	F
UniProtKB	C8ZAU0	EC1118_1I12_2542g	GO:0051920		643680	EC1118_1I12_2542g	F
UniProtKB	C8ZAU0	EC1118_1I12_2542g	GO:0098869		643680	EC1118_1I12_2542g	P
UniProtKB	C8ZAU0	EC1118_1I12_2542g	GO:0098869		643680	EC1118_1I12_2542g	P
UniProtKB	C8ZAU0	EC1118_1I12_2542g	GO:0098869		643680	EC1118_1I12_2542g	P
UniProtKB	C8ZAU0	EC1118_1I12_2542g	GO:0098869		643680	EC1118_1I12_2542g	P
UniProtKB	C8ZBE5	EC1118_1J11_1827g	GO:0046294		643680	EC1118_1J11_1827g	P
UniProtKB	C8ZBP8	EC1118_1J19_0485g	GO:0004784		643680	EC1118_1J19_0485g	F
UniProtKB	C8ZBP8	EC1118_1J19_0485g	GO:0019430		643680	EC1118_1J19_0485g	P
UniProtKB	C8ZBQ1	EC1118_1J19_0518g	GO:0004784		643680	EC1118_1J19_0518g	F
UniProtKB	C8ZBQ1	EC1118_1J19_0518g	GO:0004784		643680	EC1118_1J19_0518g	F
UniProtKB	C8ZBQ1	EC1118_1J19_0518g	GO:0019430		643680	EC1118_1J19_0518g	P
UniProtKB	C8ZBQ1	EC1118_1J19_0518g	GO:0019430		643680	EC1118_1J19_0518g	P
UniProtKB	C8ZBQ9	EC1118_1J19_0606g	GO:0051920		643680	EC1118_1J19_0606g	F
UniProtKB	C8ZBQ9	EC1118_1J19_0606g	GO:0098869		643680	EC1118_1J19_0606g	P
UniProtKB	C8ZC88	EC1118_1K5_1552g	GO:0032542		643680	EC1118_1K5_1552g	F
UniProtKB	C8ZC88	EC1118_1K5_1552g	GO:0016209		643680	EC1118_1K5_1552g	F
UniProtKB	C8ZC88	EC1118_1K5_1552g	GO:0032542		643680	EC1118_1K5_1552g	F
UniProtKB	C8ZC88	EC1118_1K5_1552g	GO:0032542		643680	EC1118_1K5_1552g	F
UniProtKB	C8ZC88	EC1118_1K5_1552g	GO:0098869		643680	EC1118_1K5_1552g	P
UniProtKB	C8ZC88	EC1118_1K5_1552g	GO:0098869		643680	EC1118_1K5_1552g	P
UniProtKB	C8ZC88	EC1118_1K5_1552g	GO:0098869		643680	EC1118_1K5_1552g	P
UniProtKB	C8ZC88	EC1118_1K5_1552g	GO:0098869		643680	EC1118_1K5_1552g	P
UniProtKB	C8ZCE1	EC1118_1K5_2256g	GO:0004602		643680	EC1118_1K5_2256g	F
UniProtKB	C8ZCE1	EC1118_1K5_2256g	GO:0016209		643680	EC1118_1K5_2256g	F
UniProtKB	C8ZCE1	EC1118_1K5_2256g	GO:0004601		643680	EC1118_1K5_2256g	F
UniProtKB	C8ZCE1	EC1118_1K5_2256g	GO:0051920		643680	EC1118_1K5_2256g	F
UniProtKB	C8ZCE1	EC1118_1K5_2256g	GO:0098869		643680	EC1118_1K5_2256g	P
UniProtKB	C8ZCE1	EC1118_1K5_2256g	GO:0098869		643680	EC1118_1K5_2256g	P
UniProtKB	C8ZCE1	EC1118_1K5_2256g	GO:0098869		643680	EC1118_1K5_2256g	P
UniProtKB	C8ZCE1	EC1118_1K5_2256g	GO:0098869		643680	EC1118_1K5_2256g	P
UniProtKB	C8ZCM8	EC1118_1K5_3301g	GO:0004601		643680	EC1118_1K5_3301g	F
UniProtKB	C8ZCM8	EC1118_1K5_3301g	GO:0004601		643680	EC1118_1K5_3301g	F
UniProtKB	C8ZCM8	EC1118_1K5_3301g	GO:0098869		643680	EC1118_1K5_3301g	P
UniProtKB	C8ZCM8	EC1118_1K5_3301g	GO:0098869		643680	EC1118_1K5_3301g	P
UniProtKB	C8ZD80	EC1118_1L10_1904g	GO:0016209		643680	EC1118_1L10_1904g	F
UniProtKB	C8ZD80	EC1118_1L10_1904g	GO:0004601		643680	EC1118_1L10_1904g	F
UniProtKB	C8ZD80	EC1118_1L10_1904g	GO:0098869		643680	EC1118_1L10_1904g	P
UniProtKB	C8ZD80	EC1118_1L10_1904g	GO:0098869		643680	EC1118_1L10_1904g	P
UniProtKB	C8ZEH6	EC1118_1M3_1222g	GO:0016209		643680	EC1118_1M3_1222g	F
UniProtKB	C8ZEH6	EC1118_1M3_1222g	GO:0051920		643680	EC1118_1M3_1222g	F
UniProtKB	C8ZEH6	EC1118_1M3_1222g	GO:0016209		643680	EC1118_1M3_1222g	F
UniProtKB	C8ZEH6	EC1118_1M3_1222g	GO:0004601		643680	EC1118_1M3_1222g	F
UniProtKB	C8ZEH6	EC1118_1M3_1222g	GO:0004601		643680	EC1118_1M3_1222g	F
UniProtKB	C8ZEH6	EC1118_1M3_1222g	GO:0098869		643680	EC1118_1M3_1222g	P
UniProtKB	C8ZEH6	EC1118_1M3_1222g	GO:0098869		643680	EC1118_1M3_1222g	P
UniProtKB	C8ZEH6	EC1118_1M3_1222g	GO:0098869		643680	EC1118_1M3_1222g	P
UniProtKB	C8ZEH6	EC1118_1M3_1222g	GO:0098869		643680	EC1118_1M3_1222g	P
UniProtKB	C8ZEH6	EC1118_1M3_1222g	GO:0098869		643680	EC1118_1M3_1222g	P
UniProtKB	C8ZGR1	EC1118_1O4_3675g	GO:1990961		643680	EC1118_1O4_3675g	P
UniProtKB	C8ZH79	EC1118_1O4_5699g	GO:1990961		643680	EC1118_1O4_5699g	P
UniProtKB	C8ZHE5	EC1118_1O4_6524g	GO:0004784		643680	EC1118_1O4_6524g	F
UniProtKB	C8ZHE5	EC1118_1O4_6524g	GO:0004784		643680	EC1118_1O4_6524g	F
UniProtKB	C8ZHE5	EC1118_1O4_6524g	GO:0004784		643680	EC1118_1O4_6524g	F
UniProtKB	C8ZHE5	EC1118_1O4_6524g	GO:0019430		643680	EC1118_1O4_6524g	P
UniProtKB	C8ZHE5	EC1118_1O4_6524g	GO:0019430		643680	EC1118_1O4_6524g	P
UniProtKB	C8ZHE5	EC1118_1O4_6524g	GO:0019430		643680	EC1118_1O4_6524g	P
UniProtKB	C8ZIT9	EC1118_1P2_2102g	GO:0004362		643680	EC1118_1P2_2102g	F
UniProtKB	C8ZIT9	EC1118_1P2_2102g	GO:0004362		643680	EC1118_1P2_2102g	F
UniProtKB	C8ZIT9	EC1118_1P2_2102g	GO:0004362		643680	EC1118_1P2_2102g	F
UniProtKB	C8ZIT9	EC1118_1P2_2102g	GO:0098869		643680	EC1118_1P2_2102g	P
UniProtKB	C8ZIT9	EC1118_1P2_2102g	GO:0098869		643680	EC1118_1P2_2102g	P
UniProtKB	C8ZIT9	EC1118_1P2_2102g	GO:0098869		643680	EC1118_1P2_2102g	P
UniProtKB	E9P9Z6	E9P9Z6	GO:0016209		4932		F
UniProtKB	E9P9Z6	E9P9Z6	GO:0098869		4932		P
UniProtKB	G2W8U5	K7_PRX1	GO:0098869		721032	K7_PRX1,SYK7_001931	P
UniProtKB	G2W8U5	K7_PRX1	GO:0008379		721032	K7_PRX1,SYK7_001931	F
UniProtKB	G2W8U5	K7_PRX1	GO:0016209		721032	K7_PRX1,SYK7_001931	F
UniProtKB	G2W8U5	K7_PRX1	GO:0051920		721032	K7_PRX1,SYK7_001931	F
UniProtKB	G2W8U5	K7_PRX1	GO:0016209		721032	K7_PRX1,SYK7_001931	F
UniProtKB	G2W8U5	K7_PRX1	GO:0004601		721032	K7_PRX1,SYK7_001931	F
UniProtKB	G2W8U5	K7_PRX1	GO:0004601		721032	K7_PRX1,SYK7_001931	F
UniProtKB	G2W9P7	K7_GPX2	GO:0004602		721032	K7_GPX2,SYK7_005521	F
UniProtKB	G2W9P7	K7_GPX2	GO:0016209		721032	K7_GPX2,SYK7_005521	F
UniProtKB	G2W9P7	K7_GPX2	GO:0004601		721032	K7_GPX2,SYK7_005521	F
UniProtKB	G2W9P7	K7_GPX2	GO:0051920		721032	K7_GPX2,SYK7_005521	F
UniProtKB	G2W9P7	K7_GPX2	GO:0098869		721032	K7_GPX2,SYK7_005521	P
UniProtKB	G2W9P7	K7_GPX2	GO:0098869		721032	K7_GPX2,SYK7_005521	P
UniProtKB	G2W9P7	K7_GPX2	GO:0098869		721032	K7_GPX2,SYK7_005521	P
UniProtKB	G2W9P7	K7_GPX2	GO:0098869		721032	K7_GPX2,SYK7_005521	P
UniProtKB	G2W9Z0	K7_GRX1	GO:0004362		721032	K7_GRX1,SYK7_006761	F
UniProtKB	G2W9Z0	K7_GRX1	GO:0098869		721032	K7_GRX1,SYK7_006761	P
UniProtKB	G2WAB8	K7_SNQ2	GO:1990961		721032	K7_SNQ2,SYK7_011581	P
UniProtKB	G2WAZ9	K7_CTA1	GO:0004096		721032	K7_CTA1,SYK7_014301	F
UniProtKB	G2WAZ9	K7_CTA1	GO:0004601		721032	K7_CTA1,SYK7_014301	F
UniProtKB	G2WAZ9	K7_CTA1	GO:0004096		721032	K7_CTA1,SYK7_014301	F
UniProtKB	G2WAZ9	K7_CTA1	GO:0004096		721032	K7_CTA1,SYK7_014301	F
UniProtKB	G2WAZ9	K7_CTA1	GO:0098869		721032	K7_CTA1,SYK7_014301	P
UniProtKB	G2WAZ9	K7_CTA1	GO:0098869		721032	K7_CTA1,SYK7_014301	P
UniProtKB	G2WAZ9	K7_CTA1	GO:0098869		721032	K7_CTA1,SYK7_014301	P
UniProtKB	G2WAZ9	K7_CTA1	GO:0098869		721032	K7_CTA1,SYK7_014301	P
UniProtKB	G2WB78	K7_YDR338C	GO:1990961		721032	K7_YDR338C,SYK7_015401	P
UniProtKB	G2WB85	K7_MRP1	GO:0004784		721032	K7_MRP1,SYK7_015621	F
UniProtKB	G2WB85	K7_MRP1	GO:0019430		721032	K7_MRP1,SYK7_015621	P
UniProtKB	G2WB91	K7_TRR1	GO:0019430		721032	K7_TRR1,SYK7_015721	P
UniProtKB	G2WB91	K7_TRR1	GO:0004791		721032	K7_TRR1,SYK7_015721	F
UniProtKB	G2WB91	K7_TRR1	GO:0004791		721032	K7_TRR1,SYK7_015721	F
UniProtKB	G2WB91	K7_TRR1	GO:0004791		721032	K7_TRR1,SYK7_015721	F
UniProtKB	G2WB91	K7_TRR1	GO:0019430		721032	K7_TRR1,SYK7_015721	P
UniProtKB	G2WB91	K7_TRR1	GO:0004791		721032	K7_TRR1,SYK7_015721	F
UniProtKB	G2WB91	K7_TRR1	GO:0004791		721032	K7_TRR1,SYK7_015721	F
UniProtKB	G2WBE4	K7_PDR15	GO:1990961		721032	K7_PDR15,SYK7_016341	P
UniProtKB	G2WBI4	K7_TSA2	GO:0016209		721032	K7_TSA2,SYK7_016761	F
UniProtKB	G2WBI4	K7_TSA2	GO:0051920		721032	K7_TSA2,SYK7_016761	F
UniProtKB	G2WBI4	K7_TSA2	GO:0016209		721032	K7_TSA2,SYK7_016761	F
UniProtKB	G2WBI4	K7_TSA2	GO:0004601		721032	K7_TSA2,SYK7_016761	F
UniProtKB	G2WBI4	K7_TSA2	GO:0004601		721032	K7_TSA2,SYK7_016761	F
UniProtKB	G2WBI4	K7_TSA2	GO:0098869		721032	K7_TSA2,SYK7_016761	P
UniProtKB	G2WBI4	K7_TSA2	GO:0098869		721032	K7_TSA2,SYK7_016761	P
UniProtKB	G2WBI4	K7_TSA2	GO:0098869		721032	K7_TSA2,SYK7_016761	P
UniProtKB	G2WBI4	K7_TSA2	GO:0098869		721032	K7_TSA2,SYK7_016761	P
UniProtKB	G2WBI4	K7_TSA2	GO:0098869		721032	K7_TSA2,SYK7_016761	P
UniProtKB	G2WBP0	K7_GRX2	GO:0004362		721032	K7_GRX2,SYK7_017511	F
UniProtKB	G2WBP0	K7_GRX2	GO:0098869		721032	K7_GRX2,SYK7_017511	P
UniProtKB	G2WEH3	K7_CTT1	GO:0004096		721032	K7_CTT1,SYK7_027631	F
UniProtKB	G2WEH3	K7_CTT1	GO:0004601		721032	K7_CTT1,SYK7_027631	F
UniProtKB	G2WEH3	K7_CTT1	GO:0004096		721032	K7_CTT1,SYK7_027631	F
UniProtKB	G2WEH3	K7_CTT1	GO:0004096		721032	K7_CTT1,SYK7_027631	F
UniProtKB	G2WEH3	K7_CTT1	GO:0098869		721032	K7_CTT1,SYK7_027631	P
UniProtKB	G2WEH3	K7_CTT1	GO:0098869		721032	K7_CTT1,SYK7_027631	P
UniProtKB	G2WEH3	K7_CTT1	GO:0098869		721032	K7_CTT1,SYK7_027631	P
UniProtKB	G2WEH3	K7_CTT1	GO:0098869		721032	K7_CTT1,SYK7_027631	P
UniProtKB	G2WF76	K7_SOD2	GO:0004784		721032	K7_SOD2,SYK7_031021	F
UniProtKB	G2WF76	K7_SOD2	GO:0004784		721032	K7_SOD2,SYK7_031021	F
UniProtKB	G2WF76	K7_SOD2	GO:0004784		721032	K7_SOD2,SYK7_031021	F
UniProtKB	G2WF76	K7_SOD2	GO:0019430		721032	K7_SOD2,SYK7_031021	P
UniProtKB	G2WF76	K7_SOD2	GO:0019430		721032	K7_SOD2,SYK7_031021	P
UniProtKB	G2WF76	K7_SOD2	GO:0019430		721032	K7_SOD2,SYK7_031021	P
UniProtKB	G2WFA4	K7_YHR032W	GO:1990961		721032	K7_YHR032W,SYK7_031431	P
UniProtKB	G2WFC7	K7_CUP1	GO:0010273		721032	K7_CUP1,SYK7_031661	P
UniProtKB	G2WFC7	K7_CUP1	GO:0071585		721032	K7_CUP1,SYK7_031661	P
UniProtKB	G2WFI0	K7_TRR2	GO:0019430		721032	K7_TRR2,SYK7_032291	P
UniProtKB	G2WFI0	K7_TRR2	GO:0004791		721032	K7_TRR2,SYK7_032291	F
UniProtKB	G2WFI0	K7_TRR2	GO:0004791		721032	K7_TRR2,SYK7_032291	F
UniProtKB	G2WFI0	K7_TRR2	GO:0004791		721032	K7_TRR2,SYK7_032291	F
UniProtKB	G2WFI0	K7_TRR2	GO:0019430		721032	K7_TRR2,SYK7_032291	P
UniProtKB	G2WFI0	K7_TRR2	GO:0004791		721032	K7_TRR2,SYK7_032291	F
UniProtKB	G2WFI0	K7_TRR2	GO:0004791		721032	K7_TRR2,SYK7_032291	F
UniProtKB	G2WFW5	K7_HYR1	GO:0004602		721032	K7_HYR1,SYK7_036471	F
UniProtKB	G2WFW5	K7_HYR1	GO:0016209		721032	K7_HYR1,SYK7_036471	F
UniProtKB	G2WFW5	K7_HYR1	GO:0004601		721032	K7_HYR1,SYK7_036471	F
UniProtKB	G2WFW5	K7_HYR1	GO:0051920		721032	K7_HYR1,SYK7_036471	F
UniProtKB	G2WFW5	K7_HYR1	GO:0098869		721032	K7_HYR1,SYK7_036471	P
UniProtKB	G2WFW5	K7_HYR1	GO:0098869		721032	K7_HYR1,SYK7_036471	P
UniProtKB	G2WFW5	K7_HYR1	GO:0098869		721032	K7_HYR1,SYK7_036471	P
UniProtKB	G2WFW5	K7_HYR1	GO:0098869		721032	K7_HYR1,SYK7_036471	P
UniProtKB	G2WGD5	K7_DOT5	GO:0016209		721032	K7_DOT5,SYK7_035891	F
UniProtKB	G2WGD5	K7_DOT5	GO:0098869		721032	K7_DOT5,SYK7_035891	P
UniProtKB	G2WGU9	K7_YJL068C	GO:0046294		721032	K7_YJL068C,SYK7_038261	P
UniProtKB	G2WHA4	K7_RSM26	GO:0004784		721032	K7_RSM26,SYK7_040241	F
UniProtKB	G2WHA4	K7_RSM26	GO:0019430		721032	K7_RSM26,SYK7_040241	P
UniProtKB	G2WHA7	K7_SOD1	GO:0004784		721032	K7_SOD1,SYK7_040271	F
UniProtKB	G2WHA7	K7_SOD1	GO:0004784		721032	K7_SOD1,SYK7_040271	F
UniProtKB	G2WHA7	K7_SOD1	GO:0019430		721032	K7_SOD1,SYK7_040271	P
UniProtKB	G2WHA7	K7_SOD1	GO:0019430		721032	K7_SOD1,SYK7_040271	P
UniProtKB	G2WHB4	K7_YJR111C	GO:0051920		721032	K7_YJR111C,SYK7_040341	F
UniProtKB	G2WHB4	K7_YJR111C	GO:0098869		721032	K7_YJR111C,SYK7_040341	P
UniProtKB	G2WHU7	K7_SRX1	GO:0032542		721032	K7_SRX1,SYK7_042581	F
UniProtKB	G2WHU7	K7_SRX1	GO:0016209		721032	K7_SRX1,SYK7_042581	F
UniProtKB	G2WHU7	K7_SRX1	GO:0032542		721032	K7_SRX1,SYK7_042581	F
UniProtKB	G2WHU7	K7_SRX1	GO:0032542		721032	K7_SRX1,SYK7_042581	F
UniProtKB	G2WHU7	K7_SRX1	GO:0098869		721032	K7_SRX1,SYK7_042581	P
UniProtKB	G2WHU7	K7_SRX1	GO:0098869		721032	K7_SRX1,SYK7_042581	P
UniProtKB	G2WHU7	K7_SRX1	GO:0098869		721032	K7_SRX1,SYK7_042581	P
UniProtKB	G2WHU7	K7_SRX1	GO:0098869		721032	K7_SRX1,SYK7_042581	P
UniProtKB	G2WI03	K7_GPX1	GO:0004602		721032	K7_GPX1,SYK7_043241	F
UniProtKB	G2WI03	K7_GPX1	GO:0016209		721032	K7_GPX1,SYK7_043241	F
UniProtKB	G2WI03	K7_GPX1	GO:0004601		721032	K7_GPX1,SYK7_043241	F
UniProtKB	G2WI03	K7_GPX1	GO:0051920		721032	K7_GPX1,SYK7_043241	F
UniProtKB	G2WI03	K7_GPX1	GO:0098869		721032	K7_GPX1,SYK7_043241	P
UniProtKB	G2WI03	K7_GPX1	GO:0098869		721032	K7_GPX1,SYK7_043241	P
UniProtKB	G2WI03	K7_GPX1	GO:0098869		721032	K7_GPX1,SYK7_043241	P
UniProtKB	G2WI03	K7_GPX1	GO:0098869		721032	K7_GPX1,SYK7_043241	P
UniProtKB	G2WI94	K7_CCP1	GO:0004601		721032	K7_CCP1,SYK7_044311	F
UniProtKB	G2WI94	K7_CCP1	GO:0004601		721032	K7_CCP1,SYK7_044311	F
UniProtKB	G2WI94	K7_CCP1	GO:0098869		721032	K7_CCP1,SYK7_044311	P
UniProtKB	G2WI94	K7_CCP1	GO:0098869		721032	K7_CCP1,SYK7_044311	P
UniProtKB	G2WIV3	K7_AHP1	GO:0016209		721032	K7_AHP1,SYK7_112091	F
UniProtKB	G2WIV3	K7_AHP1	GO:0004601		721032	K7_AHP1,SYK7_112091	F
UniProtKB	G2WIV3	K7_AHP1	GO:0098869		721032	K7_AHP1,SYK7_112091	P
UniProtKB	G2WIV3	K7_AHP1	GO:0098869		721032	K7_AHP1,SYK7_112091	P
UniProtKB	G2WK24	K7_TSA1	GO:0016209		721032	K7_TSA1,SYK7_052491	F
UniProtKB	G2WK24	K7_TSA1	GO:0051920		721032	K7_TSA1,SYK7_052491	F
UniProtKB	G2WK24	K7_TSA1	GO:0016209		721032	K7_TSA1,SYK7_052491	F
UniProtKB	G2WK24	K7_TSA1	GO:0004601		721032	K7_TSA1,SYK7_052491	F
UniProtKB	G2WK24	K7_TSA1	GO:0004601		721032	K7_TSA1,SYK7_052491	F
UniProtKB	G2WK24	K7_TSA1	GO:0098869		721032	K7_TSA1,SYK7_052491	P
UniProtKB	G2WK24	K7_TSA1	GO:0098869		721032	K7_TSA1,SYK7_052491	P
UniProtKB	G2WK24	K7_TSA1	GO:0098869		721032	K7_TSA1,SYK7_052491	P
UniProtKB	G2WK24	K7_TSA1	GO:0098869		721032	K7_TSA1,SYK7_052491	P
UniProtKB	G2WK24	K7_TSA1	GO:0098869		721032	K7_TSA1,SYK7_052491	P
UniProtKB	G2WN25	K7_PDR5	GO:1990961		721032	K7_PDR5,SYK7_065381	P
UniProtKB	G2WNJ2	K7_PDR10	GO:1990961		721032	K7_PDR10,SYK7_067281	P
UniProtKB	G2WP90	K7_GLR1	GO:0004362		721032	K7_GLR1,SYK7_070301	F
UniProtKB	G2WP90	K7_GLR1	GO:0004362		721032	K7_GLR1,SYK7_070301	F
UniProtKB	G2WP90	K7_GLR1	GO:0004362		721032	K7_GLR1,SYK7_070301	F
UniProtKB	G2WP90	K7_GLR1	GO:0098869		721032	K7_GLR1,SYK7_070301	P
UniProtKB	G2WP90	K7_GLR1	GO:0098869		721032	K7_GLR1,SYK7_070301	P
UniProtKB	G2WP90	K7_GLR1	GO:0098869		721032	K7_GLR1,SYK7_070301	P
UniProtKB	G3EJN8	G3EJN8	GO:1990961		4932		P
UniProtKB	G3EJN9	G3EJN9	GO:1990961		4932		P
UniProtKB	N1NX10	CENPK1137D_2345	GO:1990961		889517	CENPK1137D_2345	P
UniProtKB	N1NX64	CENPK1137D_1609	GO:0004362		889517	CENPK1137D_1609	F
UniProtKB	N1NX64	CENPK1137D_1609	GO:0004362		889517	CENPK1137D_1609	F
UniProtKB	N1NX64	CENPK1137D_1609	GO:0004362		889517	CENPK1137D_1609	F
UniProtKB	N1NX64	CENPK1137D_1609	GO:0098869		889517	CENPK1137D_1609	P
UniProtKB	N1NX64	CENPK1137D_1609	GO:0098869		889517	CENPK1137D_1609	P
UniProtKB	N1NX64	CENPK1137D_1609	GO:0098869		889517	CENPK1137D_1609	P
UniProtKB	N1NY02	CENPK1137D_424	GO:0016209		889517	CENPK1137D_424	F
UniProtKB	N1NY02	CENPK1137D_424	GO:0051920		889517	CENPK1137D_424	F
UniProtKB	N1NY02	CENPK1137D_424	GO:0016209		889517	CENPK1137D_424	F
UniProtKB	N1NY02	CENPK1137D_424	GO:0004601		889517	CENPK1137D_424	F
UniProtKB	N1NY02	CENPK1137D_424	GO:0004601		889517	CENPK1137D_424	F
UniProtKB	N1NY02	CENPK1137D_424	GO:0098869		889517	CENPK1137D_424	P
UniProtKB	N1NY02	CENPK1137D_424	GO:0098869		889517	CENPK1137D_424	P
UniProtKB	N1NY02	CENPK1137D_424	GO:0098869		889517	CENPK1137D_424	P
UniProtKB	N1NY02	CENPK1137D_424	GO:0098869		889517	CENPK1137D_424	P
UniProtKB	N1NY02	CENPK1137D_424	GO:0098869		889517	CENPK1137D_424	P
UniProtKB	N1NYH8	CENPK1137D_2169	GO:1990961		889517	CENPK1137D_2169	P
UniProtKB	N1NZ91	CENPK1137D_498	GO:0016209		889517	CENPK1137D_498	F
UniProtKB	N1NZ91	CENPK1137D_498	GO:0004601		889517	CENPK1137D_498	F
UniProtKB	N1NZ91	CENPK1137D_498	GO:0098869		889517	CENPK1137D_498	P
UniProtKB	N1NZ91	CENPK1137D_498	GO:0098869		889517	CENPK1137D_498	P
UniProtKB	N1P067	CENPK1137D_918	GO:0032542		889517	CENPK1137D_918	F
UniProtKB	N1P067	CENPK1137D_918	GO:0016209		889517	CENPK1137D_918	F
UniProtKB	N1P067	CENPK1137D_918	GO:0032542		889517	CENPK1137D_918	F
UniProtKB	N1P067	CENPK1137D_918	GO:0032542		889517	CENPK1137D_918	F
UniProtKB	N1P067	CENPK1137D_918	GO:0098869		889517	CENPK1137D_918	P
UniProtKB	N1P067	CENPK1137D_918	GO:0098869		889517	CENPK1137D_918	P
UniProtKB	N1P067	CENPK1137D_918	GO:0098869		889517	CENPK1137D_918	P
UniProtKB	N1P067	CENPK1137D_918	GO:0098869		889517	CENPK1137D_918	P
UniProtKB	N1P078	CENPK1137D_1394	GO:0004784		889517	CENPK1137D_1394	F
UniProtKB	N1P078	CENPK1137D_1394	GO:0019430		889517	CENPK1137D_1394	P
UniProtKB	N1P0C0	CENPK1137D_978	GO:0004602		889517	CENPK1137D_978	F
UniProtKB	N1P0C0	CENPK1137D_978	GO:0016209		889517	CENPK1137D_978	F
UniProtKB	N1P0C0	CENPK1137D_978	GO:0004601		889517	CENPK1137D_978	F
UniProtKB	N1P0C0	CENPK1137D_978	GO:0051920		889517	CENPK1137D_978	F
UniProtKB	N1P0C0	CENPK1137D_978	GO:0098869		889517	CENPK1137D_978	P
UniProtKB	N1P0C0	CENPK1137D_978	GO:0098869		889517	CENPK1137D_978	P
UniProtKB	N1P0C0	CENPK1137D_978	GO:0098869		889517	CENPK1137D_978	P
UniProtKB	N1P0C0	CENPK1137D_978	GO:0098869		889517	CENPK1137D_978	P
UniProtKB	N1P0U8	CENPK1137D_1233	GO:0046294		889517	CENPK1137D_1233	P
UniProtKB	N1P0Z0	CENPK1137D_1076	GO:0004601		889517	CENPK1137D_1076	F
UniProtKB	N1P0Z0	CENPK1137D_1076	GO:0004601		889517	CENPK1137D_1076	F
UniProtKB	N1P0Z0	CENPK1137D_1076	GO:0098869		889517	CENPK1137D_1076	P
UniProtKB	N1P0Z0	CENPK1137D_1076	GO:0098869		889517	CENPK1137D_1076	P
UniProtKB	N1P179	CENPK1137D_1398	GO:0004784		889517	CENPK1137D_1398	F
UniProtKB	N1P179	CENPK1137D_1398	GO:0004784		889517	CENPK1137D_1398	F
UniProtKB	N1P179	CENPK1137D_1398	GO:0019430		889517	CENPK1137D_1398	P
UniProtKB	N1P179	CENPK1137D_1398	GO:0019430		889517	CENPK1137D_1398	P
UniProtKB	N1P1U2	CENPK1137D_5103	GO:0004602		889517	CENPK1137D_5103	F
UniProtKB	N1P1U2	CENPK1137D_5103	GO:0016209		889517	CENPK1137D_5103	F
UniProtKB	N1P1U2	CENPK1137D_5103	GO:0004601		889517	CENPK1137D_5103	F
UniProtKB	N1P1U2	CENPK1137D_5103	GO:0051920		889517	CENPK1137D_5103	F
UniProtKB	N1P1U2	CENPK1137D_5103	GO:0098869		889517	CENPK1137D_5103	P
UniProtKB	N1P1U2	CENPK1137D_5103	GO:0098869		889517	CENPK1137D_5103	P
UniProtKB	N1P1U2	CENPK1137D_5103	GO:0098869		889517	CENPK1137D_5103	P
UniProtKB	N1P1U2	CENPK1137D_5103	GO:0098869		889517	CENPK1137D_5103	P
UniProtKB	N1P2R5	CENPK1137D_5251	GO:0019430		889517	CENPK1137D_5251	P
UniProtKB	N1P2R5	CENPK1137D_5251	GO:0004791		889517	CENPK1137D_5251	F
UniProtKB	N1P2R5	CENPK1137D_5251	GO:0004791		889517	CENPK1137D_5251	F
UniProtKB	N1P2R5	CENPK1137D_5251	GO:0004791		889517	CENPK1137D_5251	F
UniProtKB	N1P2R5	CENPK1137D_5251	GO:0019430		889517	CENPK1137D_5251	P
UniProtKB	N1P2R5	CENPK1137D_5251	GO:0004791		889517	CENPK1137D_5251	F
UniProtKB	N1P2R5	CENPK1137D_5251	GO:0004791		889517	CENPK1137D_5251	F
UniProtKB	N1P3Y8	CENPK1137D_3054	GO:0004096		889517	CENPK1137D_3054	F
UniProtKB	N1P3Y8	CENPK1137D_3054	GO:0004601		889517	CENPK1137D_3054	F
UniProtKB	N1P3Y8	CENPK1137D_3054	GO:0004096		889517	CENPK1137D_3054	F
UniProtKB	N1P3Y8	CENPK1137D_3054	GO:0004096		889517	CENPK1137D_3054	F
UniProtKB	N1P3Y8	CENPK1137D_3054	GO:0098869		889517	CENPK1137D_3054	P
UniProtKB	N1P3Y8	CENPK1137D_3054	GO:0098869		889517	CENPK1137D_3054	P
UniProtKB	N1P3Y8	CENPK1137D_3054	GO:0098869		889517	CENPK1137D_3054	P
UniProtKB	N1P3Y8	CENPK1137D_3054	GO:0098869		889517	CENPK1137D_3054	P
UniProtKB	N1P558	CENPK1137D_5427	GO:1990961		889517	CENPK1137D_5427	P
UniProtKB	N1P5B0	CENPK1137D_4167	GO:1990961		889517	CENPK1137D_4167	P
UniProtKB	N1P5B6	CENPK1137D_4172	GO:0004784		889517	CENPK1137D_4172	F
UniProtKB	N1P5B6	CENPK1137D_4172	GO:0019430		889517	CENPK1137D_4172	P
UniProtKB	N1P6B2	CENPK1137D_3834	GO:1990961		889517	CENPK1137D_3834	P
UniProtKB	N1P789	CENPK1137D_4179	GO:0019430		889517	CENPK1137D_4179	P
UniProtKB	N1P789	CENPK1137D_4179	GO:0004791		889517	CENPK1137D_4179	F
UniProtKB	N1P789	CENPK1137D_4179	GO:0004791		889517	CENPK1137D_4179	F
UniProtKB	N1P789	CENPK1137D_4179	GO:0004791		889517	CENPK1137D_4179	F
UniProtKB	N1P789	CENPK1137D_4179	GO:0019430		889517	CENPK1137D_4179	P
UniProtKB	N1P789	CENPK1137D_4179	GO:0004791		889517	CENPK1137D_4179	F
UniProtKB	N1P789	CENPK1137D_4179	GO:0004791		889517	CENPK1137D_4179	F
UniProtKB	N1P7E2	CENPK1137D_4234	GO:1990961		889517	CENPK1137D_4234	P
UniProtKB	N1P7J0	CENPK1137D_4279	GO:0016209		889517	CENPK1137D_4279	F
UniProtKB	N1P7J0	CENPK1137D_4279	GO:0051920		889517	CENPK1137D_4279	F
UniProtKB	N1P7J0	CENPK1137D_4279	GO:0016209		889517	CENPK1137D_4279	F
UniProtKB	N1P7J0	CENPK1137D_4279	GO:0004601		889517	CENPK1137D_4279	F
UniProtKB	N1P7J0	CENPK1137D_4279	GO:0004601		889517	CENPK1137D_4279	F
UniProtKB	N1P7J0	CENPK1137D_4279	GO:0098869		889517	CENPK1137D_4279	P
UniProtKB	N1P7J0	CENPK1137D_4279	GO:0098869		889517	CENPK1137D_4279	P
UniProtKB	N1P7J0	CENPK1137D_4279	GO:0098869		889517	CENPK1137D_4279	P
UniProtKB	N1P7J0	CENPK1137D_4279	GO:0098869		889517	CENPK1137D_4279	P
UniProtKB	N1P7J0	CENPK1137D_4279	GO:0098869		889517	CENPK1137D_4279	P
UniProtKB	N1P7Z5	CENPK1137D_4464	GO:0004362		889517	CENPK1137D_4464	F
UniProtKB	N1P7Z5	CENPK1137D_4464	GO:0098869		889517	CENPK1137D_4464	P
UniProtKB	N1P8H9	CENPK1137D_4080	GO:0004096		889517	CENPK1137D_4080	F
UniProtKB	N1P8H9	CENPK1137D_4080	GO:0004601		889517	CENPK1137D_4080	F
UniProtKB	N1P8H9	CENPK1137D_4080	GO:0004096		889517	CENPK1137D_4080	F
UniProtKB	N1P8H9	CENPK1137D_4080	GO:0004096		889517	CENPK1137D_4080	F
UniProtKB	N1P8H9	CENPK1137D_4080	GO:0098869		889517	CENPK1137D_4080	P
UniProtKB	N1P8H9	CENPK1137D_4080	GO:0098869		889517	CENPK1137D_4080	P
UniProtKB	N1P8H9	CENPK1137D_4080	GO:0098869		889517	CENPK1137D_4080	P
UniProtKB	N1P8H9	CENPK1137D_4080	GO:0098869		889517	CENPK1137D_4080	P
UniProtKB	N1P8J4	CENPK1137D_4801	GO:0004602		889517	CENPK1137D_4801	F
UniProtKB	N1P8J4	CENPK1137D_4801	GO:0016209		889517	CENPK1137D_4801	F
UniProtKB	N1P8J4	CENPK1137D_4801	GO:0004601		889517	CENPK1137D_4801	F
UniProtKB	N1P8J4	CENPK1137D_4801	GO:0051920		889517	CENPK1137D_4801	F
UniProtKB	N1P8J4	CENPK1137D_4801	GO:0098869		889517	CENPK1137D_4801	P
UniProtKB	N1P8J4	CENPK1137D_4801	GO:0098869		889517	CENPK1137D_4801	P
UniProtKB	N1P8J4	CENPK1137D_4801	GO:0098869		889517	CENPK1137D_4801	P
UniProtKB	N1P8J4	CENPK1137D_4801	GO:0098869		889517	CENPK1137D_4801	P
UniProtKB	N1P8V3	CENPK1137D_1405	GO:0051920		889517	CENPK1137D_1405	F
UniProtKB	N1P8V3	CENPK1137D_1405	GO:0098869		889517	CENPK1137D_1405	P
UniProtKB	N1P967	CENPK1137D_5050	GO:0016209		889517	CENPK1137D_5050	F
UniProtKB	N1P967	CENPK1137D_5050	GO:0098869		889517	CENPK1137D_5050	P
UniProtKB	N1P9K8	CENPK1137D_5400	GO:0004784		889517	CENPK1137D_5400	F
UniProtKB	N1P9K8	CENPK1137D_5400	GO:0004784		889517	CENPK1137D_5400	F
UniProtKB	N1P9K8	CENPK1137D_5400	GO:0004784		889517	CENPK1137D_5400	F
UniProtKB	N1P9K8	CENPK1137D_5400	GO:0019430		889517	CENPK1137D_5400	P
UniProtKB	N1P9K8	CENPK1137D_5400	GO:0019430		889517	CENPK1137D_5400	P
UniProtKB	N1P9K8	CENPK1137D_5400	GO:0019430		889517	CENPK1137D_5400	P
UniProtKB	N1PAW7	CENPK1137D_4843	GO:0098869		889517	CENPK1137D_4843	P
UniProtKB	N1PAW7	CENPK1137D_4843	GO:0008379		889517	CENPK1137D_4843	F
UniProtKB	N1PAW7	CENPK1137D_4843	GO:0016209		889517	CENPK1137D_4843	F
UniProtKB	N1PAW7	CENPK1137D_4843	GO:0051920		889517	CENPK1137D_4843	F
UniProtKB	N1PAW7	CENPK1137D_4843	GO:0016209		889517	CENPK1137D_4843	F
UniProtKB	N1PAW7	CENPK1137D_4843	GO:0004601		889517	CENPK1137D_4843	F
UniProtKB	N1PAW7	CENPK1137D_4843	GO:0004601		889517	CENPK1137D_4843	F
UniProtKB	P00431	CCP1	GO:0004601		559292	CCP1,CCP,CPO,YKR066C	F
UniProtKB	P00431	CCP1	GO:0004601		559292	CCP1,CCP,CPO,YKR066C	F
UniProtKB	P00431	CCP1	GO:0004601		559292	CCP1,CCP,CPO,YKR066C	F
UniProtKB	P00431	CCP1	GO:0004130		559292	CCP1,CCP,CPO,YKR066C	F
UniProtKB	P00431	CCP1	GO:0004130		559292	CCP1,CCP,CPO,YKR066C	F
UniProtKB	P00431	CCP1	GO:0004130		559292	CCP1,CCP,CPO,YKR066C	F
UniProtKB	P00431	CCP1	GO:0004130		559292	CCP1,CCP,CPO,YKR066C	F
UniProtKB	P00431	CCP1	GO:0004130		559292	CCP1,CCP,CPO,YKR066C	F
UniProtKB	P00431	CCP1	GO:0004130		559292	CCP1,CCP,CPO,YKR066C	F
UniProtKB	P00431	CCP1	GO:0098869		559292	CCP1,CCP,CPO,YKR066C	P
UniProtKB	P00431	CCP1	GO:0098869		559292	CCP1,CCP,CPO,YKR066C	P
UniProtKB	P00431	CCP1	GO:0098869		559292	CCP1,CCP,CPO,YKR066C	P
UniProtKB	P00431	CCP1	GO:0098869		559292	CCP1,CCP,CPO,YKR066C	P
UniProtKB	P00431	CCP1	GO:0098869		559292	CCP1,CCP,CPO,YKR066C	P
UniProtKB	P00431	CCP1	GO:0098869		559292	CCP1,CCP,CPO,YKR066C	P
UniProtKB	P00431	CCP1	GO:0098869		559292	CCP1,CCP,CPO,YKR066C	P
UniProtKB	P00431	CCP1	GO:0098869		559292	CCP1,CCP,CPO,YKR066C	P
UniProtKB	P00431	CCP1	GO:0098869		559292	CCP1,CCP,CPO,YKR066C	P
UniProtKB	P00445	SOD1	GO:0019430		559292	SOD1,YJR104C,J1968	P
UniProtKB	P00445	SOD1	GO:0004784		559292	SOD1,YJR104C,J1968	F
UniProtKB	P00445	SOD1	GO:0016209		559292	SOD1,YJR104C,J1968	F
UniProtKB	P00445	SOD1	GO:0004784		559292	SOD1,YJR104C,J1968	F
UniProtKB	P00445	SOD1	GO:0004784		559292	SOD1,YJR104C,J1968	F
UniProtKB	P00445	SOD1	GO:0019430		559292	SOD1,YJR104C,J1968	P
UniProtKB	P00445	SOD1	GO:0019430		559292	SOD1,YJR104C,J1968	P
UniProtKB	P00445	SOD1	GO:0004784		559292	SOD1,YJR104C,J1968	F
UniProtKB	P00447	SOD2	GO:0004784		559292	SOD2,YHR008C	F
UniProtKB	P00447	SOD2	GO:0004784		559292	SOD2,YHR008C	F
UniProtKB	P00447	SOD2	GO:0016209		559292	SOD2,YHR008C	F
UniProtKB	P00447	SOD2	GO:0004784		559292	SOD2,YHR008C	F
UniProtKB	P00447	SOD2	GO:0004784		559292	SOD2,YHR008C	F
UniProtKB	P00447	SOD2	GO:0004784		559292	SOD2,YHR008C	F
UniProtKB	P00447	SOD2	GO:0004784		559292	SOD2,YHR008C	F
UniProtKB	P00447	SOD2	GO:0098869		559292	SOD2,YHR008C	P
UniProtKB	P00447	SOD2	GO:0019430		559292	SOD2,YHR008C	P
UniProtKB	P00447	SOD2	GO:0019430		559292	SOD2,YHR008C	P
UniProtKB	P00447	SOD2	GO:0019430		559292	SOD2,YHR008C	P
UniProtKB	P00447	SOD2	GO:0019430		559292	SOD2,YHR008C	P
UniProtKB	P00447	SOD2	GO:0019430		559292	SOD2,YHR008C	P
UniProtKB	P00447	SOD2	GO:0019430		559292	SOD2,YHR008C	P
UniProtKB	P06115	CTT1	GO:0004096		559292	CTT1,YGR088W	F
UniProtKB	P06115	CTT1	GO:0004096		559292	CTT1,YGR088W	F
UniProtKB	P06115	CTT1	GO:0004601		559292	CTT1,YGR088W	F
UniProtKB	P06115	CTT1	GO:0004096		559292	CTT1,YGR088W	F
UniProtKB	P06115	CTT1	GO:0004096		559292	CTT1,YGR088W	F
UniProtKB	P06115	CTT1	GO:0004096		559292	CTT1,YGR088W	F
UniProtKB	P06115	CTT1	GO:0098869		559292	CTT1,YGR088W	P
UniProtKB	P06115	CTT1	GO:0098869		559292	CTT1,YGR088W	P
UniProtKB	P06115	CTT1	GO:0098869		559292	CTT1,YGR088W	P
UniProtKB	P06115	CTT1	GO:0098869		559292	CTT1,YGR088W	P
UniProtKB	P06115	CTT1	GO:0098869		559292	CTT1,YGR088W	P
UniProtKB	P06115	CTT1	GO:0098869		559292	CTT1,YGR088W	P
UniProtKB	P0CX80	CUP1-1	GO:0010273		559292	CUP1-1,MTH1,YHR053C	P
UniProtKB	P0CX80	CUP1-1	GO:0071585		559292	CUP1-1,MTH1,YHR053C	P
UniProtKB	P0CX80	CUP1-1	GO:0016209		559292	CUP1-1,MTH1,YHR053C	F
UniProtKB	P0CX80	CUP1-1	GO:0019430		559292	CUP1-1,MTH1,YHR053C	P
UniProtKB	P0CX80	CUP1-1	GO:0019430		559292	CUP1-1,MTH1,YHR053C	P
UniProtKB	P0CX80	CUP1-1	GO:0010273		559292	CUP1-1,MTH1,YHR053C	P
UniProtKB	P0CX80	CUP1-1	GO:0071585		559292	CUP1-1,MTH1,YHR053C	P
UniProtKB	P0CX80	CUP1-1	GO:0004784		559292	CUP1-1,MTH1,YHR053C	F
UniProtKB	P0CX81	CUP1-2	GO:0010273		559292	CUP1-2,MTH1,YHR055C	P
UniProtKB	P0CX81	CUP1-2	GO:0071585		559292	CUP1-2,MTH1,YHR055C	P
UniProtKB	P0CX81	CUP1-2	GO:0016209		559292	CUP1-2,MTH1,YHR055C	F
UniProtKB	P0CX81	CUP1-2	GO:0019430		559292	CUP1-2,MTH1,YHR055C	P
UniProtKB	P0CX81	CUP1-2	GO:0019430		559292	CUP1-2,MTH1,YHR055C	P
UniProtKB	P0CX81	CUP1-2	GO:0010273		559292	CUP1-2,MTH1,YHR055C	P
UniProtKB	P0CX81	CUP1-2	GO:0071585		559292	CUP1-2,MTH1,YHR055C	P
UniProtKB	P0CX81	CUP1-2	GO:0004784		559292	CUP1-2,MTH1,YHR055C	F
UniProtKB	P10662	MRP1	GO:0004784		559292	MRP1,YDR347W,D9651.1	F
UniProtKB	P10662	MRP1	GO:0019430		559292	MRP1,YDR347W,D9651.1	P
UniProtKB	P15202	CTA1	GO:0004096		559292	CTA1,YDR256C,YD9320A.06C	F
UniProtKB	P15202	CTA1	GO:0004096		559292	CTA1,YDR256C,YD9320A.06C	F
UniProtKB	P15202	CTA1	GO:0004601		559292	CTA1,YDR256C,YD9320A.06C	F
UniProtKB	P15202	CTA1	GO:0004096		559292	CTA1,YDR256C,YD9320A.06C	F
UniProtKB	P15202	CTA1	GO:0004096		559292	CTA1,YDR256C,YD9320A.06C	F
UniProtKB	P15202	CTA1	GO:0004096		559292	CTA1,YDR256C,YD9320A.06C	F
UniProtKB	P15202	CTA1	GO:0004096		559292	CTA1,YDR256C,YD9320A.06C	F
UniProtKB	P15202	CTA1	GO:0004096		559292	CTA1,YDR256C,YD9320A.06C	F
UniProtKB	P15202	CTA1	GO:0098869		559292	CTA1,YDR256C,YD9320A.06C	P
UniProtKB	P15202	CTA1	GO:0098869		559292	CTA1,YDR256C,YD9320A.06C	P
UniProtKB	P15202	CTA1	GO:0098869		559292	CTA1,YDR256C,YD9320A.06C	P
UniProtKB	P15202	CTA1	GO:0098869		559292	CTA1,YDR256C,YD9320A.06C	P
UniProtKB	P15202	CTA1	GO:0098869		559292	CTA1,YDR256C,YD9320A.06C	P
UniProtKB	P15202	CTA1	GO:0098869		559292	CTA1,YDR256C,YD9320A.06C	P
UniProtKB	P15202	CTA1	GO:0098869		559292	CTA1,YDR256C,YD9320A.06C	P
UniProtKB	P15202	CTA1	GO:0098869		559292	CTA1,YDR256C,YD9320A.06C	P
UniProtKB	P17695	GRX2	GO:0004362		559292	GRX2,TTR,TTR1,YDR513W,D9719.17	F
UniProtKB	P17695	GRX2	GO:0004602		559292	GRX2,TTR,TTR1,YDR513W,D9719.17	F
UniProtKB	P17695	GRX2	GO:0004602		559292	GRX2,TTR,TTR1,YDR513W,D9719.17	F
UniProtKB	P17695	GRX2	GO:0004602		559292	GRX2,TTR,TTR1,YDR513W,D9719.17	F
UniProtKB	P17695	GRX2	GO:0004602		559292	GRX2,TTR,TTR1,YDR513W,D9719.17	F
UniProtKB	P17695	GRX2	GO:0098869		559292	GRX2,TTR,TTR1,YDR513W,D9719.17	P
UniProtKB	P17695	GRX2	GO:0098869		559292	GRX2,TTR,TTR1,YDR513W,D9719.17	P
UniProtKB	P17695	GRX2	GO:0098869		559292	GRX2,TTR,TTR1,YDR513W,D9719.17	P
UniProtKB	P17695	GRX2	GO:0098869		559292	GRX2,TTR,TTR1,YDR513W,D9719.17	P
UniProtKB	P17695	GRX2	GO:0098869		559292	GRX2,TTR,TTR1,YDR513W,D9719.17	P
UniProtKB	P23202	URE2	GO:0004602		559292	URE2,YNL229C,N1165	F
UniProtKB	P23202	URE2	GO:0004602		559292	URE2,YNL229C,N1165	F
UniProtKB	P23202	URE2	GO:0004602		559292	URE2,YNL229C,N1165	F
UniProtKB	P23202	URE2	GO:0098869		559292	URE2,YNL229C,N1165	P
UniProtKB	P23202	URE2	GO:0098869		559292	URE2,YNL229C,N1165	P
UniProtKB	P23202	URE2	GO:0098869		559292	URE2,YNL229C,N1165	P
UniProtKB	P25373	GRX1	GO:0004362		559292	GRX1,YCL035C,YCL35C	F
UniProtKB	P25373	GRX1	GO:0004602		559292	GRX1,YCL035C,YCL35C	F
UniProtKB	P25373	GRX1	GO:0004602		559292	GRX1,YCL035C,YCL35C	F
UniProtKB	P25373	GRX1	GO:0004602		559292	GRX1,YCL035C,YCL35C	F
UniProtKB	P25373	GRX1	GO:0004602		559292	GRX1,YCL035C,YCL35C	F
UniProtKB	P25373	GRX1	GO:0004602		559292	GRX1,YCL035C,YCL35C	F
UniProtKB	P25373	GRX1	GO:0098869		559292	GRX1,YCL035C,YCL35C	P
UniProtKB	P25373	GRX1	GO:0098869		559292	GRX1,YCL035C,YCL35C	P
UniProtKB	P25373	GRX1	GO:0098869		559292	GRX1,YCL035C,YCL35C	P
UniProtKB	P25373	GRX1	GO:0098869		559292	GRX1,YCL035C,YCL35C	P
UniProtKB	P25373	GRX1	GO:0098869		559292	GRX1,YCL035C,YCL35C	P
UniProtKB	P25373	GRX1	GO:0098869		559292	GRX1,YCL035C,YCL35C	P
UniProtKB	P29509	TRR1	GO:0004791		559292	TRR1,YDR353W,D9476.5	F
UniProtKB	P29509	TRR1	GO:0019430		559292	TRR1,YDR353W,D9476.5	P
UniProtKB	P29509	TRR1	GO:0004791		559292	TRR1,YDR353W,D9476.5	F
UniProtKB	P29509	TRR1	GO:0004791		559292	TRR1,YDR353W,D9476.5	F
UniProtKB	P29509	TRR1	GO:0004791		559292	TRR1,YDR353W,D9476.5	F
UniProtKB	P29509	TRR1	GO:0004791		559292	TRR1,YDR353W,D9476.5	F
UniProtKB	P29509	TRR1	GO:0004791		559292	TRR1,YDR353W,D9476.5	F
UniProtKB	P32568	SNQ2	GO:1990961		559292	SNQ2,YDR011W,YD8119.16	P
UniProtKB	P32771	SFA1	GO:0046294		559292	SFA1,SFA,YDL168W	P
UniProtKB	P32771	SFA1	GO:0046294		559292	SFA1,SFA,YDL168W	P
UniProtKB	P33302	PDR5	GO:1990961		559292	PDR5,LEM1,STS1,YDR1,YOR153W	P
UniProtKB	P33302	PDR5	GO:1990961		559292	PDR5,LEM1,STS1,YDR1,YOR153W	P
UniProtKB	P34227	PRX1	GO:0008379		559292	PRX1,YBL064C,YBL0503,YBL0524	F
UniProtKB	P34227	PRX1	GO:0004601		559292	PRX1,YBL064C,YBL0503,YBL0524	F
UniProtKB	P34227	PRX1	GO:0098869		559292	PRX1,YBL064C,YBL0503,YBL0524	P
UniProtKB	P34227	PRX1	GO:0008379		559292	PRX1,YBL064C,YBL0503,YBL0524	F
UniProtKB	P34227	PRX1	GO:0016209		559292	PRX1,YBL064C,YBL0503,YBL0524	F
UniProtKB	P34227	PRX1	GO:0051920		559292	PRX1,YBL064C,YBL0503,YBL0524	F
UniProtKB	P34227	PRX1	GO:0016209		559292	PRX1,YBL064C,YBL0503,YBL0524	F
UniProtKB	P34227	PRX1	GO:0004601		559292	PRX1,YBL064C,YBL0503,YBL0524	F
UniProtKB	P34227	PRX1	GO:0008379		559292	PRX1,YBL064C,YBL0503,YBL0524	F
UniProtKB	P34227	PRX1	GO:0008379		559292	PRX1,YBL064C,YBL0503,YBL0524	F
UniProtKB	P34227	PRX1	GO:0008379		559292	PRX1,YBL064C,YBL0503,YBL0524	F
UniProtKB	P34760	TSA1	GO:0016209		559292	TSA1,TPX1,TSA,ZRG14,YML028W	F
UniProtKB	P34760	TSA1	GO:0051920		559292	TSA1,TPX1,TSA,ZRG14,YML028W	F
UniProtKB	P34760	TSA1	GO:0016209		559292	TSA1,TPX1,TSA,ZRG14,YML028W	F
UniProtKB	P34760	TSA1	GO:0004601		559292	TSA1,TPX1,TSA,ZRG14,YML028W	F
UniProtKB	P34760	TSA1	GO:0051920		559292	TSA1,TPX1,TSA,ZRG14,YML028W	F
UniProtKB	P34760	TSA1	GO:0008379		559292	TSA1,TPX1,TSA,ZRG14,YML028W	F
UniProtKB	P34760	TSA1	GO:0008379		559292	TSA1,TPX1,TSA,ZRG14,YML028W	F
UniProtKB	P34760	TSA1	GO:0051920		559292	TSA1,TPX1,TSA,ZRG14,YML028W	F
UniProtKB	P34760	TSA1	GO:0008379		559292	TSA1,TPX1,TSA,ZRG14,YML028W	F
UniProtKB	P34760	TSA1	GO:0008379		559292	TSA1,TPX1,TSA,ZRG14,YML028W	F
UniProtKB	P34760	TSA1	GO:0098869		559292	TSA1,TPX1,TSA,ZRG14,YML028W	P
UniProtKB	P34760	TSA1	GO:0098869		559292	TSA1,TPX1,TSA,ZRG14,YML028W	P
UniProtKB	P34760	TSA1	GO:0098869		559292	TSA1,TPX1,TSA,ZRG14,YML028W	P
UniProtKB	P34760	TSA1	GO:0098869		559292	TSA1,TPX1,TSA,ZRG14,YML028W	P
UniProtKB	P34760	TSA1	GO:0098869		559292	TSA1,TPX1,TSA,ZRG14,YML028W	P
UniProtKB	P34760	TSA1	GO:0098869		559292	TSA1,TPX1,TSA,ZRG14,YML028W	P
UniProtKB	P34760	TSA1	GO:0098869		559292	TSA1,TPX1,TSA,ZRG14,YML028W	P
UniProtKB	P34760	TSA1	GO:0098869		559292	TSA1,TPX1,TSA,ZRG14,YML028W	P
UniProtKB	P34760	TSA1	GO:0098869		559292	TSA1,TPX1,TSA,ZRG14,YML028W	P
UniProtKB	P34760	TSA1	GO:0098869		559292	TSA1,TPX1,TSA,ZRG14,YML028W	P
UniProtKB	P34760	TSA1	GO:0098869		559292	TSA1,TPX1,TSA,ZRG14,YML028W	P
UniProtKB	P34760	TSA1	GO:0008379		559292	TSA1,TPX1,TSA,ZRG14,YML028W	F
UniProtKB	P36014	GPX1	GO:0004601		559292	GPX1,YKL026C	F
UniProtKB	P36014	GPX1	GO:0004602		559292	GPX1,YKL026C	F
UniProtKB	P36014	GPX1	GO:0016209		559292	GPX1,YKL026C	F
UniProtKB	P36014	GPX1	GO:0004601		559292	GPX1,YKL026C	F
UniProtKB	P36014	GPX1	GO:0004602		559292	GPX1,YKL026C	F
UniProtKB	P36014	GPX1	GO:0051920		559292	GPX1,YKL026C	F
UniProtKB	P36014	GPX1	GO:0047066		559292	GPX1,YKL026C	F
UniProtKB	P36014	GPX1	GO:0004602		559292	GPX1,YKL026C	F
UniProtKB	P36014	GPX1	GO:0047066		559292	GPX1,YKL026C	F
UniProtKB	P36014	GPX1	GO:0004602		559292	GPX1,YKL026C	F
UniProtKB	P36014	GPX1	GO:0098869		559292	GPX1,YKL026C	P
UniProtKB	P36014	GPX1	GO:0098869		559292	GPX1,YKL026C	P
UniProtKB	P36014	GPX1	GO:0098869		559292	GPX1,YKL026C	P
UniProtKB	P36014	GPX1	GO:0098869		559292	GPX1,YKL026C	P
UniProtKB	P36014	GPX1	GO:0098869		559292	GPX1,YKL026C	P
UniProtKB	P36014	GPX1	GO:0098869		559292	GPX1,YKL026C	P
UniProtKB	P36014	GPX1	GO:0098869		559292	GPX1,YKL026C	P
UniProtKB	P36014	GPX1	GO:0098869		559292	GPX1,YKL026C	P
UniProtKB	P36077	SRX1	GO:0032542		559292	SRX1,YKL086W	F
UniProtKB	P36077	SRX1	GO:0032542		559292	SRX1,YKL086W	F
UniProtKB	P36077	SRX1	GO:0016209		559292	SRX1,YKL086W	F
UniProtKB	P36077	SRX1	GO:0032542		559292	SRX1,YKL086W	F
UniProtKB	P36077	SRX1	GO:0032542		559292	SRX1,YKL086W	F
UniProtKB	P36077	SRX1	GO:0032542		559292	SRX1,YKL086W	F
UniProtKB	P36077	SRX1	GO:0098869		559292	SRX1,YKL086W	P
UniProtKB	P36077	SRX1	GO:0098869		559292	SRX1,YKL086W	P
UniProtKB	P36077	SRX1	GO:0098869		559292	SRX1,YKL086W	P
UniProtKB	P36077	SRX1	GO:0098869		559292	SRX1,YKL086W	P
UniProtKB	P36077	SRX1	GO:0098869		559292	SRX1,YKL086W	P
UniProtKB	P36077	SRX1	GO:0098869		559292	SRX1,YKL086W	P
UniProtKB	P36086	YKL071W	GO:0110095		559292	YKL071W	P
UniProtKB	P36156	ECM4	GO:0045174		559292	ECM4,GTO2,YKR076W	F
UniProtKB	P36156	ECM4	GO:0045174		559292	ECM4,GTO2,YKR076W	F
UniProtKB	P36156	ECM4	GO:0098869		559292	ECM4,GTO2,YKR076W	P
UniProtKB	P36156	ECM4	GO:0098869		559292	ECM4,GTO2,YKR076W	P
UniProtKB	P38013	AHP1	GO:0008379		559292	AHP1,YLR109W,L2916,L9354.5	F
UniProtKB	P38013	AHP1	GO:0016209		559292	AHP1,YLR109W,L2916,L9354.5	F
UniProtKB	P38013	AHP1	GO:0004601		559292	AHP1,YLR109W,L2916,L9354.5	F
UniProtKB	P38013	AHP1	GO:0051920		559292	AHP1,YLR109W,L2916,L9354.5	F
UniProtKB	P38013	AHP1	GO:0008379		559292	AHP1,YLR109W,L2916,L9354.5	F
UniProtKB	P38013	AHP1	GO:0008379		559292	AHP1,YLR109W,L2916,L9354.5	F
UniProtKB	P38013	AHP1	GO:0098869		559292	AHP1,YLR109W,L2916,L9354.5	P
UniProtKB	P38013	AHP1	GO:0098869		559292	AHP1,YLR109W,L2916,L9354.5	P
UniProtKB	P38013	AHP1	GO:0098869		559292	AHP1,YLR109W,L2916,L9354.5	P
UniProtKB	P38013	AHP1	GO:0098869		559292	AHP1,YLR109W,L2916,L9354.5	P
UniProtKB	P38013	AHP1	GO:0098869		559292	AHP1,YLR109W,L2916,L9354.5	P
UniProtKB	P38013	AHP1	GO:0098869		559292	AHP1,YLR109W,L2916,L9354.5	P
UniProtKB	P38068	GRX7	GO:0004362		559292	GRX7,GRX6,YBR014C,YBR0219	F
UniProtKB	P38068	GRX7	GO:0098869		559292	GRX7,GRX6,YBR014C,YBR0219	P
UniProtKB	P38124	FLR1	GO:1990961		559292	FLR1,YBR008C,YBR0120	P
UniProtKB	P38124	FLR1	GO:1990961		559292	FLR1,YBR008C,YBR0120	P
UniProtKB	P38124	FLR1	GO:1990961		559292	FLR1,YBR008C,YBR0120	P
UniProtKB	P38124	FLR1	GO:1990961		559292	FLR1,YBR008C,YBR0120	P
UniProtKB	P38143	GPX2	GO:0004601		559292	GPX2,YBR244W,YBR1632	F
UniProtKB	P38143	GPX2	GO:0004602		559292	GPX2,YBR244W,YBR1632	F
UniProtKB	P38143	GPX2	GO:0016209		559292	GPX2,YBR244W,YBR1632	F
UniProtKB	P38143	GPX2	GO:0004601		559292	GPX2,YBR244W,YBR1632	F
UniProtKB	P38143	GPX2	GO:0051920		559292	GPX2,YBR244W,YBR1632	F
UniProtKB	P38143	GPX2	GO:0004602		559292	GPX2,YBR244W,YBR1632	F
UniProtKB	P38143	GPX2	GO:0004602		559292	GPX2,YBR244W,YBR1632	F
UniProtKB	P38143	GPX2	GO:0047066		559292	GPX2,YBR244W,YBR1632	F
UniProtKB	P38143	GPX2	GO:0004602		559292	GPX2,YBR244W,YBR1632	F
UniProtKB	P38143	GPX2	GO:0047066		559292	GPX2,YBR244W,YBR1632	F
UniProtKB	P38143	GPX2	GO:0098869		559292	GPX2,YBR244W,YBR1632	P
UniProtKB	P38143	GPX2	GO:0098869		559292	GPX2,YBR244W,YBR1632	P
UniProtKB	P38143	GPX2	GO:0098869		559292	GPX2,YBR244W,YBR1632	P
UniProtKB	P38143	GPX2	GO:0098869		559292	GPX2,YBR244W,YBR1632	P
UniProtKB	P38143	GPX2	GO:0098869		559292	GPX2,YBR244W,YBR1632	P
UniProtKB	P38143	GPX2	GO:0098869		559292	GPX2,YBR244W,YBR1632	P
UniProtKB	P38143	GPX2	GO:0098869		559292	GPX2,YBR244W,YBR1632	P
UniProtKB	P38143	GPX2	GO:0098869		559292	GPX2,YBR244W,YBR1632	P
UniProtKB	P38735	VMR1	GO:1990961		559292	VMR1,YHL035C	P
UniProtKB	P38735	VMR1	GO:1990961		559292	VMR1,YHL035C	P
UniProtKB	P38767	ERC1	GO:1990961		559292	ERC1,YHR032W	P
UniProtKB	P38776	YHK8	GO:1990961		559292	YHK8,YHR048W	P
UniProtKB	P38816	TRR2	GO:0004791		559292	TRR2,YHR106W	F
UniProtKB	P38816	TRR2	GO:0019430		559292	TRR2,YHR106W	P
UniProtKB	P38816	TRR2	GO:0004791		559292	TRR2,YHR106W	F
UniProtKB	P38816	TRR2	GO:0004791		559292	TRR2,YHR106W	F
UniProtKB	P38816	TRR2	GO:0004791		559292	TRR2,YHR106W	F
UniProtKB	P38816	TRR2	GO:0004791		559292	TRR2,YHR106W	F
UniProtKB	P38816	TRR2	GO:0004791		559292	TRR2,YHR106W	F
UniProtKB	P39979	HPA3	GO:0070458		559292	HPA3,YEL066W	P
UniProtKB	P39979	HPA3	GO:0070458		559292	HPA3,YEL066W	P
UniProtKB	P40202	CCS1	GO:0019430		559292	CCS1,LYS7,YMR038C,YM9532.03C	P
UniProtKB	P40202	CCS1	GO:0004784		559292	CCS1,LYS7,YMR038C,YM9532.03C	F
UniProtKB	P40202	CCS1	GO:0019430		559292	CCS1,LYS7,YMR038C,YM9532.03C	P
UniProtKB	P40363	YJL068C	GO:0046294		559292	YJL068C,HRE299,J1102	P
UniProtKB	P40363	YJL068C	GO:0046294		559292	YJL068C,HRE299,J1102	P
UniProtKB	P40553	DOT5	GO:0008379		559292	DOT5,YIL010W	F
UniProtKB	P40553	DOT5	GO:0016209		559292	DOT5,YIL010W	F
UniProtKB	P40553	DOT5	GO:0016209		559292	DOT5,YIL010W	F
UniProtKB	P40553	DOT5	GO:0004601		559292	DOT5,YIL010W	F
UniProtKB	P40553	DOT5	GO:0051920		559292	DOT5,YIL010W	F
UniProtKB	P40553	DOT5	GO:0008379		559292	DOT5,YIL010W	F
UniProtKB	P40553	DOT5	GO:0008379		559292	DOT5,YIL010W	F
UniProtKB	P40553	DOT5	GO:0098869		559292	DOT5,YIL010W	P
UniProtKB	P40553	DOT5	GO:0098869		559292	DOT5,YIL010W	P
UniProtKB	P40553	DOT5	GO:0098869		559292	DOT5,YIL010W	P
UniProtKB	P40553	DOT5	GO:0098869		559292	DOT5,YIL010W	P
UniProtKB	P40553	DOT5	GO:0098869		559292	DOT5,YIL010W	P
UniProtKB	P40553	DOT5	GO:0098869		559292	DOT5,YIL010W	P
UniProtKB	P40553	DOT5	GO:0098869		559292	DOT5,YIL010W	P
UniProtKB	P40581	HYR1	GO:0004601		559292	HYR1,GPX3,ORP1,YIR037W	F
UniProtKB	P40581	HYR1	GO:0004602		559292	HYR1,GPX3,ORP1,YIR037W	F
UniProtKB	P40581	HYR1	GO:0016209		559292	HYR1,GPX3,ORP1,YIR037W	F
UniProtKB	P40581	HYR1	GO:0004601		559292	HYR1,GPX3,ORP1,YIR037W	F
UniProtKB	P40581	HYR1	GO:0051920		559292	HYR1,GPX3,ORP1,YIR037W	F
UniProtKB	P40581	HYR1	GO:0004602		559292	HYR1,GPX3,ORP1,YIR037W	F
UniProtKB	P40581	HYR1	GO:0047066		559292	HYR1,GPX3,ORP1,YIR037W	F
UniProtKB	P40581	HYR1	GO:0004602		559292	HYR1,GPX3,ORP1,YIR037W	F
UniProtKB	P40581	HYR1	GO:0047066		559292	HYR1,GPX3,ORP1,YIR037W	F
UniProtKB	P40581	HYR1	GO:0098869		559292	HYR1,GPX3,ORP1,YIR037W	P
UniProtKB	P40581	HYR1	GO:0098869		559292	HYR1,GPX3,ORP1,YIR037W	P
UniProtKB	P40581	HYR1	GO:0098869		559292	HYR1,GPX3,ORP1,YIR037W	P
UniProtKB	P40581	HYR1	GO:0098869		559292	HYR1,GPX3,ORP1,YIR037W	P
UniProtKB	P40581	HYR1	GO:0098869		559292	HYR1,GPX3,ORP1,YIR037W	P
UniProtKB	P40581	HYR1	GO:0098869		559292	HYR1,GPX3,ORP1,YIR037W	P
UniProtKB	P40581	HYR1	GO:0098869		559292	HYR1,GPX3,ORP1,YIR037W	P
UniProtKB	P40582	GTT1	GO:0004602		559292	GTT1,YIR038C	F
UniProtKB	P40582	GTT1	GO:0098869		559292	GTT1,YIR038C	P
UniProtKB	P41921	GLR1	GO:0004362		559292	GLR1,YPL091W,LPG17W	F
UniProtKB	P41921	GLR1	GO:0004362		559292	GLR1,YPL091W,LPG17W	F
UniProtKB	P41921	GLR1	GO:0004362		559292	GLR1,YPL091W,LPG17W	F
UniProtKB	P41921	GLR1	GO:0004362		559292	GLR1,YPL091W,LPG17W	F
UniProtKB	P41921	GLR1	GO:0004362		559292	GLR1,YPL091W,LPG17W	F
UniProtKB	P41921	GLR1	GO:0004362		559292	GLR1,YPL091W,LPG17W	F
UniProtKB	P41921	GLR1	GO:0098869		559292	GLR1,YPL091W,LPG17W	P
UniProtKB	P41921	GLR1	GO:0098869		559292	GLR1,YPL091W,LPG17W	P
UniProtKB	P41921	GLR1	GO:0098869		559292	GLR1,YPL091W,LPG17W	P
UniProtKB	P41921	GLR1	GO:0098869		559292	GLR1,YPL091W,LPG17W	P
UniProtKB	P41921	GLR1	GO:0098869		559292	GLR1,YPL091W,LPG17W	P
UniProtKB	P41921	GLR1	GO:0098869		559292	GLR1,YPL091W,LPG17W	P
UniProtKB	P47141	RSM26	GO:0004784		559292	RSM26,YJR101W,J1952	F
UniProtKB	P47141	RSM26	GO:0019430		559292	RSM26,YJR101W,J1952	P
UniProtKB	P47148	PXP2	GO:0051920		559292	PXP2,YJR111C,J2009	F
UniProtKB	P47148	PXP2	GO:0098869		559292	PXP2,YJR111C,J2009	P
UniProtKB	P48239	GTO1	GO:0045174		559292	GTO1,YGR154C,G6664	F
UniProtKB	P48239	GTO1	GO:0045174		559292	GTO1,YGR154C,G6664	F
UniProtKB	P48239	GTO1	GO:0098869		559292	GTO1,YGR154C,G6664	P
UniProtKB	P48239	GTO1	GO:0098869		559292	GTO1,YGR154C,G6664	P
UniProtKB	P51533	PDR10	GO:1990961		559292	PDR10,YOR328W	P
UniProtKB	P51533	PDR10	GO:1990961		559292	PDR10,YOR328W	P
UniProtKB	Q04120	TSA2	GO:0016209		559292	TSA2,YDR453C,D9461.38	F
UniProtKB	Q04120	TSA2	GO:0051920		559292	TSA2,YDR453C,D9461.38	F
UniProtKB	Q04120	TSA2	GO:0016209		559292	TSA2,YDR453C,D9461.38	F
UniProtKB	Q04120	TSA2	GO:0004601		559292	TSA2,YDR453C,D9461.38	F
UniProtKB	Q04120	TSA2	GO:0051920		559292	TSA2,YDR453C,D9461.38	F
UniProtKB	Q04120	TSA2	GO:0008379		559292	TSA2,YDR453C,D9461.38	F
UniProtKB	Q04120	TSA2	GO:0051920		559292	TSA2,YDR453C,D9461.38	F
UniProtKB	Q04120	TSA2	GO:0051920		559292	TSA2,YDR453C,D9461.38	F
UniProtKB	Q04120	TSA2	GO:0008379		559292	TSA2,YDR453C,D9461.38	F
UniProtKB	Q04120	TSA2	GO:0098869		559292	TSA2,YDR453C,D9461.38	P
UniProtKB	Q04120	TSA2	GO:0098869		559292	TSA2,YDR453C,D9461.38	P
UniProtKB	Q04120	TSA2	GO:0098869		559292	TSA2,YDR453C,D9461.38	P
UniProtKB	Q04120	TSA2	GO:0098869		559292	TSA2,YDR453C,D9461.38	P
UniProtKB	Q04120	TSA2	GO:0098869		559292	TSA2,YDR453C,D9461.38	P
UniProtKB	Q04120	TSA2	GO:0098869		559292	TSA2,YDR453C,D9461.38	P
UniProtKB	Q04120	TSA2	GO:0098869		559292	TSA2,YDR453C,D9461.38	P
UniProtKB	Q04120	TSA2	GO:0098869		559292	TSA2,YDR453C,D9461.38	P
UniProtKB	Q04120	TSA2	GO:0098869		559292	TSA2,YDR453C,D9461.38	P
UniProtKB	Q04182	PDR15	GO:1990961		559292	PDR15,YDR406W,D9509.24	P
UniProtKB	Q05497	YDR338C	GO:1990961		559292	YDR338C,D9651.8	P
UniProtKB	Q05497	YDR338C	GO:1990961		559292	YDR338C,D9651.8	P
UniProtKB	Q05926	GRX8	GO:0004362		559292	GRX8,YLR364W	F
UniProtKB	Q05926	GRX8	GO:0098869		559292	GRX8,YLR364W	P
UniProtKB	Q12226	AYT1	GO:0043387		559292	AYT1,YLL063C,L0549	P
UniProtKB	Q12438	GRX6	GO:0004362		559292	GRX6,YDL010W,D2890	F
UniProtKB	Q12438	GRX6	GO:0004362		559292	GRX6,YDL010W,D2890	F
UniProtKB	Q12438	GRX6	GO:0098869		559292	GRX6,YDL010W,D2890	P
UniProtKB	Q12438	GRX6	GO:0098869		559292	GRX6,YDL010W,D2890	P
UniProtKB	S4VIJ3	sod2	GO:0004784		1348153	sod2	F
UniProtKB	S4VIJ3	sod2	GO:0004784		1348153	sod2	F
UniProtKB	S4VIJ3	sod2	GO:0004784		1348153	sod2	F
UniProtKB	S4VIJ3	sod2	GO:0019430		1348153	sod2	P
UniProtKB	S4VIJ3	sod2	GO:0019430		1348153	sod2	P
UniProtKB	S4VIJ3	sod2	GO:0019430		1348153	sod2	P
UniProtKB	S4VPL7	sod2	GO:0004784		4932	sod2,SOD2,GI527_G0002794	F
UniProtKB	S4VPL7	sod2	GO:0004784		4932	sod2,SOD2,GI527_G0002794	F
UniProtKB	S4VPL7	sod2	GO:0019430		4932	sod2,SOD2,GI527_G0002794	P
UniProtKB	S4VPL7	sod2	GO:0019430		4932	sod2,SOD2,GI527_G0002794	P
ComplexPortal	CPX-2267	sod1-ccs1_yeast	GO:0019430		559292	CCS1:SOD1	P
ComplexPortal	CPX-2896	sod1_yeast	GO:0004784		559292	SOD1 dimer,Copper???zinc superoxide dismutase	F
ComplexPortal	CPX-2896	sod1_yeast	GO:0019430		559292	SOD1 dimer,Copper???zinc superoxide dismutase	P
UniProtKB	O13693	SPAC11E3.14	GO:1990748		284812	SPAC11E3.14	P
UniProtKB	O13890	SPAC20G4.05c	GO:0098869		284812	SPAC20G4.05c	P
UniProtKB	O13918	zhf1	GO:0098849		284812	zhf1,zhf,SPAC23C11.14	P
UniProtKB	O14034	SPAC29B12.13	GO:0046294		284812	SPAC29B12.13	P
UniProtKB	O14115	ptl2	GO:1990748		284812	ptl2,SPAC1786.01c,SPAC31G5.20c	P
UniProtKB	O14141	SPAC3G6.03c	GO:1990748		284812	SPAC3G6.03c	P
UniProtKB	O14194	ggt2	GO:1990748		284812	ggt2,SPAC56E4.06c	P
UniProtKB	O14313	pmp20	GO:0016209		284812	pmp20,SPCC330.06c	F
UniProtKB	O14313	pmp20	GO:0004601		284812	pmp20,SPCC330.06c	F
UniProtKB	O14313	pmp20	GO:0008379		284812	pmp20,SPCC330.06c	F
UniProtKB	O14313	pmp20	GO:0004602		284812	pmp20,SPCC330.06c	F
UniProtKB	O14313	pmp20	GO:0098869		284812	pmp20,SPCC330.06c	P
UniProtKB	O14313	pmp20	GO:0098869		284812	pmp20,SPCC330.06c	P
UniProtKB	O14463	trx1	GO:0016209		284812	trx1,trx2,SPAC7D4.07c	F
UniProtKB	O14463	trx1	GO:0061692		284812	trx1,trx2,SPAC7D4.07c	P
UniProtKB	O36032	grx1	GO:0004362		284812	grx1,SPAC4F10.20	F
UniProtKB	O36032	grx1	GO:0004602		284812	grx1,SPAC4F10.20	F
UniProtKB	O36032	grx1	GO:0019430		284812	grx1,SPAC4F10.20	P
UniProtKB	O42666	but1	GO:0016209		284812	but1,mug107,SPAC27D7.12c	F
UniProtKB	O42666	but1	GO:0008379		284812	but1,mug107,SPAC27D7.12c	F
UniProtKB	O42666	but1	GO:0061692		284812	but1,mug107,SPAC27D7.12c	P
UniProtKB	O42888	SPBC8E4.04	GO:0110095		284812	SPBC8E4.04	P
UniProtKB	O42890	cao2	GO:1990748		284812	cao2,spao2,SPBC1289.16c,SPBC8E4.06	P
UniProtKB	O42919	SPBC16A3.14	GO:0004784		284812	SPBC16A3.14	F
UniProtKB	O42919	SPBC16A3.14	GO:0004784		284812	SPBC16A3.14	F
UniProtKB	O42919	SPBC16A3.14	GO:0019430		284812	SPBC16A3.14	P
UniProtKB	O42919	SPBC16A3.14	GO:0019430		284812	SPBC16A3.14	P
UniProtKB	O59808	meu8	GO:0070458		284812	meu8,SPCC550.10	P
UniProtKB	O59827	gst2	GO:1990748		284812	gst2,SPCC965.07c	P
UniProtKB	O59829	SPCC965.09	GO:1990748		284812	SPCC965.09	P
UniProtKB	O59858	gpx1	GO:0004601		284812	gpx1,SPBC32F12.03c	F
UniProtKB	O59858	gpx1	GO:0016209		284812	gpx1,SPBC32F12.03c	F
UniProtKB	O59858	gpx1	GO:0004601		284812	gpx1,SPBC32F12.03c	F
UniProtKB	O59858	gpx1	GO:0051920		284812	gpx1,SPBC32F12.03c	F
UniProtKB	O59858	gpx1	GO:0008379		284812	gpx1,SPBC32F12.03c	F
UniProtKB	O59858	gpx1	GO:0008379		284812	gpx1,SPBC32F12.03c	F
UniProtKB	O59858	gpx1	GO:0061692		284812	gpx1,SPBC32F12.03c	P
UniProtKB	O59858	gpx1	GO:0004602		284812	gpx1,SPBC32F12.03c	F
UniProtKB	O59858	gpx1	GO:0004602		284812	gpx1,SPBC32F12.03c	F
UniProtKB	O74379	SPBC3H7.04	GO:0004784		284812	SPBC3H7.04	F
UniProtKB	O74379	SPBC3H7.04	GO:0004784		284812	SPBC3H7.04	F
UniProtKB	O74379	SPBC3H7.04	GO:0019430		284812	SPBC3H7.04	P
UniProtKB	O74379	SPBC3H7.04	GO:0019430		284812	SPBC3H7.04	P
UniProtKB	O74489	zta1	GO:1990748		284812	zta1,SPCC1442.16c,SPCC285.01c	P
UniProtKB	O74540	SPCC13B11.04c	GO:0046294		284812	SPCC13B11.04c,SPCC777.01c	P
UniProtKB	O74540	SPCC13B11.04c	GO:0046294		284812	SPCC13B11.04c,SPCC777.01c	P
UniProtKB	O74758	SPBC17D11.03c	GO:0051920		284812	SPBC17D11.03c	F
UniProtKB	O74758	SPBC17D11.03c	GO:0098869		284812	SPBC17D11.03c	P
UniProtKB	O74887	tpx1	GO:0016209		284812	tpx1,tsa1,SPCC576.03c	F
UniProtKB	O74887	tpx1	GO:0051920		284812	tpx1,tsa1,SPCC576.03c	F
UniProtKB	O74887	tpx1	GO:0016209		284812	tpx1,tsa1,SPCC576.03c	F
UniProtKB	O74887	tpx1	GO:0004601		284812	tpx1,tsa1,SPCC576.03c	F
UniProtKB	O74887	tpx1	GO:0051920		284812	tpx1,tsa1,SPCC576.03c	F
UniProtKB	O74887	tpx1	GO:0008379		284812	tpx1,tsa1,SPCC576.03c	F
UniProtKB	O74887	tpx1	GO:0004601		284812	tpx1,tsa1,SPCC576.03c	F
UniProtKB	O74887	tpx1	GO:0051920		284812	tpx1,tsa1,SPCC576.03c	F
UniProtKB	O74887	tpx1	GO:0008379		284812	tpx1,tsa1,SPCC576.03c	F
UniProtKB	O74887	tpx1	GO:0061692		284812	tpx1,tsa1,SPCC576.03c	P
UniProtKB	O74914	hsp3101	GO:1990748		284812	hsp3101,SPCC757.03c	P
UniProtKB	O74916	SPCC757.05c	GO:1990748		284812	SPCC757.05c	P
UniProtKB	O94246	SPCC737.06c	GO:1990748		284812	SPCC737.06c	P
UniProtKB	O94250	SPCC13B11.03c	GO:1990748		284812	SPCC13B11.03c	P
UniProtKB	O94255	SPBP8B7.05c	GO:1990748		284812	SPBP8B7.05c	P
UniProtKB	O94284	hmt2	GO:0098849		284812	hmt2,cad1,SPBC2G5.06c	P
UniProtKB	O94284	hmt2	GO:0098849		284812	hmt2,cad1,SPBC2G5.06c	P
UniProtKB	O94504	trx2	GO:1990748		284812	trx2,SPBC12D12.07c	P
UniProtKB	O94524	gto2	GO:0045174		284812	gto2,SPCC1281.07c	F
UniProtKB	O94524	gto2	GO:0098869		284812	gto2,SPCC1281.07c	P
UniProtKB	O94524	gto2	GO:0045174		284812	gto2,SPCC1281.07c	F
UniProtKB	O94528	caf5	GO:1990961		284812	caf5,SPBC609.04	P
UniProtKB	O94561	bcp1	GO:0008379		284812	bcp1,SPBC1773.02c	F
UniProtKB	O94561	bcp1	GO:0016209		284812	bcp1,SPBC1773.02c	F
UniProtKB	O94561	bcp1	GO:0016209		284812	bcp1,SPBC1773.02c	F
UniProtKB	O94561	bcp1	GO:0004601		284812	bcp1,SPBC1773.02c	F
UniProtKB	O94561	bcp1	GO:0051920		284812	bcp1,SPBC1773.02c	F
UniProtKB	O94561	bcp1	GO:0008379		284812	bcp1,SPBC1773.02c	F
UniProtKB	O94561	bcp1	GO:0061692		284812	bcp1,SPBC1773.02c	P
UniProtKB	O94561	bcp1	GO:0019430		284812	bcp1,SPBC1773.02c	P
UniProtKB	O94563	SPBC1773.04	GO:0140041		284812	SPBC1773.04	P
UniProtKB	O94699	SPBC83.16c	GO:1990748		284812	SPBC83.16c	P
UniProtKB	O94725	SPCC1393.13	GO:1990748		284812	SPCC1393.13	P
UniProtKB	P0CU19	fex1	GO:0140114		284812	fex1,SPAC977.11	P
UniProtKB	P0CU20	fex2	GO:0140114		284812	fex2,SPBPB8B6.06c	P
UniProtKB	P28758	sod1	GO:0019430		284812	sod1,SPAC821.10c	P
UniProtKB	P28758	sod1	GO:0004784		284812	sod1,SPAC821.10c	F
UniProtKB	P28758	sod1	GO:0016209		284812	sod1,SPAC821.10c	F
UniProtKB	P28758	sod1	GO:0004784		284812	sod1,SPAC821.10c	F
UniProtKB	P28758	sod1	GO:0019430		284812	sod1,SPAC821.10c	P
UniProtKB	P28758	sod1	GO:0004784		284812	sod1,SPAC821.10c	F
UniProtKB	P28758	sod1	GO:0004784		284812	sod1,SPAC821.10c	F
UniProtKB	P35669	gsa1	GO:0098849		284812	gsa1,gsh2,SPAC3F10.04	P
UniProtKB	P35669	gsa1	GO:0098849		284812	gsa1,gsh2,SPAC3F10.04	P
UniProtKB	P36619	pmd1	GO:1990961		284812	pmd1,SPCC663.03	P
UniProtKB	P41820	bfr1	GO:1990961		284812	bfr1,hba2,SPCC18B5.01c,SPCPJ732.04c	P
UniProtKB	P55306	cta1	GO:0004096		284812	cta1,SPCC757.07c	F
UniProtKB	P55306	cta1	GO:0004096		284812	cta1,SPCC757.07c	F
UniProtKB	P55306	cta1	GO:0004601		284812	cta1,SPCC757.07c	F
UniProtKB	P55306	cta1	GO:0004096		284812	cta1,SPCC757.07c	F
UniProtKB	P55306	cta1	GO:0004096		284812	cta1,SPCC757.07c	F
UniProtKB	P55306	cta1	GO:0061692		284812	cta1,SPCC757.07c	P
UniProtKB	P55306	cta1	GO:0004096		284812	cta1,SPCC757.07c	F
UniProtKB	P78870	SPBC1539.07c	GO:0046294		284812	SPBC1539.07c	P
UniProtKB	P78870	SPBC1539.07c	GO:0046294		284812	SPBC1539.07c	P
UniProtKB	P78965	pgr1	GO:0004362		284812	pgr1,SPBC17A3.07,pi039	F
UniProtKB	P78965	pgr1	GO:0004362		284812	pgr1,SPBC17A3.07,pi039	F
UniProtKB	P78965	pgr1	GO:0004362		284812	pgr1,SPBC17A3.07,pi039	F
UniProtKB	P78965	pgr1	GO:0098869		284812	pgr1,SPBC17A3.07,pi039	P
UniProtKB	P78965	pgr1	GO:0004362		284812	pgr1,SPBC17A3.07,pi039	F
UniProtKB	P78965	pgr1	GO:0004362		284812	pgr1,SPBC17A3.07,pi039	F
UniProtKB	P87305	SPBC31F10.03	GO:1990748		284812	SPBC31F10.03	P
UniProtKB	Q00472	pho2	GO:1990748		284812	pho2,SPBC15D4.15	P
UniProtKB	Q02592	hmt1	GO:0098849		284812	hmt1,SPCC737.09c,SPCC74.08c	P
UniProtKB	Q02592	hmt1	GO:0098849		284812	hmt1,SPCC737.09c,SPCC74.08c	P
UniProtKB	Q02592	hmt1	GO:0098849		284812	hmt1,SPCC737.09c,SPCC74.08c	P
UniProtKB	Q02592	hmt1	GO:0098849		284812	hmt1,SPCC737.09c,SPCC74.08c	P
UniProtKB	Q02592	hmt1	GO:0044604		284812	hmt1,SPCC737.09c,SPCC74.08c	F
UniProtKB	Q02592	hmt1	GO:0044604		284812	hmt1,SPCC737.09c,SPCC74.08c	F
UniProtKB	Q09670	SPAC5H10.04	GO:0110095		284812	SPAC5H10.04	P
UniProtKB	Q09671	SPAC5H10.10	GO:1990748		284812	SPAC5H10.10	P
UniProtKB	Q09675	hsp3102	GO:1990748		284812	hsp3102,SPAC5H10.02c	P
UniProtKB	Q09751	glo1	GO:1990748		284812	glo1,SPBC12C2.12c,SPBC21D10.03c	P
UniProtKB	Q09768	gcs1	GO:0098849		284812	gcs1,SPAC22F3.10c	P
UniProtKB	Q10075	SPAC3H1.10	GO:0098849		284812	SPAC3H1.10	P
UniProtKB	Q10075	SPAC3H1.10	GO:0010273		284812	SPAC3H1.10	P
UniProtKB	Q10075	SPAC3H1.10	GO:0098849		284812	SPAC3H1.10	P
UniProtKB	Q10075	SPAC3H1.10	GO:0098849		284812	SPAC3H1.10	P
UniProtKB	Q10075	SPAC3H1.10	GO:0098849		284812	SPAC3H1.10	P
UniProtKB	Q10075	SPAC3H1.10	GO:0010273		284812	SPAC3H1.10	P
UniProtKB	Q10085	SPAC11D3.06	GO:1990961		284812	SPAC11D3.06	P
UniProtKB	Q10093	SPAC11D3.14c	GO:1990748		284812	SPAC11D3.14c	P
UniProtKB	Q10094	SPAC11D3.15	GO:1990748		284812	SPAC11D3.15	P
UniProtKB	Q10166	SPAC26A3.11	GO:1990748		284812	SPAC26A3.11	P
UniProtKB	Q10185	abc2	GO:0098849		284812	abc2,SPAC3F10.11c	P
UniProtKB	Q10185	abc2	GO:0044604		284812	abc2,SPAC3F10.11c	F
UniProtKB	Q10356	hsp3106	GO:1990748		284812	hsp3106,spDJ-1,SPAC22E12.03c	P
UniProtKB	Q10357	ccs1	GO:0019430		284812	ccs1,pccs,SPAC22E12.04	P
UniProtKB	Q10357	ccs1	GO:0004784		284812	ccs1,pccs,SPAC22E12.04	F
UniProtKB	Q10357	ccs1	GO:0019430		284812	ccs1,pccs,SPAC22E12.04	P
UniProtKB	Q10487	mfs1	GO:1990961		284812	mfs1,SPAC17C9.16c,SPAC9E9.16	P
UniProtKB	Q10494	SPAC26F1.07	GO:1990748		284812	SPAC26F1.07	P
UniProtKB	Q7Z9I2	SPCC663.09c	GO:0110095		284812	SPCC663.09c	P
UniProtKB	Q7Z9I3	SPCC663.08c	GO:0110095		284812	SPCC663.08c	P
UniProtKB	Q7Z9I4	SPCC663.06c	GO:0110095		284812	SPCC663.06c	P
UniProtKB	Q92350	SPAC6G9.05	GO:1990748		284812	SPAC6G9.05	P
UniProtKB	Q92375	trr1	GO:0004791		284812	trr1,caf4,SPBC3F6.03	F
UniProtKB	Q92375	trr1	GO:0019430		284812	trr1,caf4,SPBC3F6.03	P
UniProtKB	Q92375	trr1	GO:0004791		284812	trr1,caf4,SPBC3F6.03	F
UniProtKB	Q92375	trr1	GO:0004791		284812	trr1,caf4,SPBC3F6.03	F
UniProtKB	Q92375	trr1	GO:0004791		284812	trr1,caf4,SPBC3F6.03	F
UniProtKB	Q92375	trr1	GO:0019430		284812	trr1,caf4,SPBC3F6.03	P
UniProtKB	Q92375	trr1	GO:0004791		284812	trr1,caf4,SPBC3F6.03	F
UniProtKB	Q92375	trr1	GO:0004791		284812	trr1,caf4,SPBC3F6.03	F
UniProtKB	Q92375	trr1	GO:0004791		284812	trr1,caf4,SPBC3F6.03	F
UniProtKB	Q9HDX2	SPAPB1A11.03	GO:1990748		284812	SPAPB1A11.03	P
UniProtKB	Q9P6I8	SPBC1198.01	GO:0070458		284812	SPBC1198.01	P
UniProtKB	Q9P6M1	gst3	GO:0019430		284812	gst3,SPAC688.04c	P
UniProtKB	Q9P6M1	gst3	GO:0004602		284812	gst3,SPAC688.04c	F
UniProtKB	Q9P6Q2	utr4	GO:1990748		284812	utr4,SPAC644.08	P
UniProtKB	Q9P7D2	ppe1	GO:1990748		284812	ppe1,SPBP4H10.17c	P
UniProtKB	Q9P7F2	cao1	GO:1990748		284812	cao1,spao1,SPAC2E1P3.04	P
UniProtKB	Q9P7I6	SPCC24B10.20	GO:0110095		284812	SPCC24B10.20	P
UniProtKB	Q9P7L1	SPBC21C3.12c	GO:0004601		284812	SPBC21C3.12c	F
UniProtKB	Q9P7L1	SPBC21C3.12c	GO:0098869		284812	SPBC21C3.12c	P
UniProtKB	Q9P7L1	SPBC21C3.12c	GO:0004601		284812	SPBC21C3.12c	F
UniProtKB	Q9P7P7	SPAC186.08c	GO:1990748		284812	SPAC186.08c	P
UniProtKB	Q9UQX0	sod2	GO:0004784		284812	sod2,SPAC1486.01	F
UniProtKB	Q9UQX0	sod2	GO:0004784		284812	sod2,SPAC1486.01	F
UniProtKB	Q9UQX0	sod2	GO:0016209		284812	sod2,SPAC1486.01	F
UniProtKB	Q9UQX0	sod2	GO:0004784		284812	sod2,SPAC1486.01	F
UniProtKB	Q9UQX0	sod2	GO:0004784		284812	sod2,SPAC1486.01	F
UniProtKB	Q9UQX0	sod2	GO:0004784		284812	sod2,SPAC1486.01	F
UniProtKB	Q9UQX0	sod2	GO:0019430		284812	sod2,SPAC1486.01	P
UniProtKB	Q9UQX0	sod2	GO:0019430		284812	sod2,SPAC1486.01	P
UniProtKB	Q9UQX0	sod2	GO:0004784		284812	sod2,SPAC1486.01	F
UniProtKB	Q9URV9	srx1	GO:0032542		284812	srx1,SPBC106.02c	F
UniProtKB	Q9URV9	srx1	GO:0032542		284812	srx1,SPBC106.02c	F
UniProtKB	Q9URV9	srx1	GO:0016209		284812	srx1,SPBC106.02c	F
UniProtKB	Q9URV9	srx1	GO:0032542		284812	srx1,SPBC106.02c	F
UniProtKB	Q9URV9	srx1	GO:1990748		284812	srx1,SPBC106.02c	P
UniProtKB	Q9URV9	srx1	GO:0032542		284812	srx1,SPBC106.02c	F
UniProtKB	Q9URV9	srx1	GO:0032542		284812	srx1,SPBC106.02c	F
UniProtKB	Q9URV9	srx1	GO:0098869		284812	srx1,SPBC106.02c	P
UniProtKB	Q9URV9	srx1	GO:0098869		284812	srx1,SPBC106.02c	P
UniProtKB	Q9URV9	srx1	GO:0098869		284812	srx1,SPBC106.02c	P
UniProtKB	Q9URV9	srx1	GO:0098869		284812	srx1,SPBC106.02c	P
UniProtKB	Q9URV9	srx1	GO:0098869		284812	srx1,SPBC106.02c	P
UniProtKB	Q9URV9	srx1	GO:0098869		284812	srx1,SPBC106.02c	P
UniProtKB	Q9URX3	SPAC922.03	GO:1990748		284812	SPAC922.03	P
UniProtKB	Q9URY5	SPAC869.02c	GO:0070458		284812	SPAC869.02c	P
UniProtKB	Q9URZ1	pcm2	GO:1990748		284812	pcm2,SPAC869.08	P
UniProtKB	Q9US04	ggt1	GO:1990748		284812	ggt1,SPAC664.09	P
UniProtKB	Q9USK3	SPCC4B3.13	GO:1990961		284812	SPCC4B3.13	P
UniProtKB	Q9USR1	txl1	GO:0004791		284812	txl1,trx3,SPBC577.08c	F
UniProtKB	Q9USR1	txl1	GO:0004791		284812	txl1,trx3,SPBC577.08c	F
UniProtKB	Q9USR1	txl1	GO:0098869		284812	txl1,trx3,SPBC577.08c	P
UniProtKB	Q9UT36	SPAC824.07	GO:1990748		284812	SPAC824.07	P
UniProtKB	Q9UT55	SPAC806.04c	GO:1990748		284812	SPAC806.04c	P
UniProtKB	Q9UT59	SPAC513.07	GO:0140041		284812	SPAC513.07	P
UniProtKB	Q9UT92	SPAC323.07c	GO:1990961		284812	SPAC323.07c	P
UniProtKB	Q9UTA8	SPAC25B8.10	GO:1990748		284812	SPAC25B8.10	P
UniProtKB	Q9UTA9	SPAC25B8.09	GO:1990748		284812	SPAC25B8.09	P
UniProtKB	Q9UTC0	zym1	GO:1990748		284812	zym1,SPAC22H10.13	P
UniProtKB	Q9UTI2	grx2	GO:0004362		284812	grx2,SPAC15E1.09	F
UniProtKB	Q9UTI2	grx2	GO:0019430		284812	grx2,SPAC15E1.09	P
UniProtKB	Q9UTI2	grx2	GO:0004602		284812	grx2,SPAC15E1.09	F
UniProtKB	Q9UU89	SPCC830.10	GO:1990748		284812	SPCC830.10	P
UniProtKB	Q9Y7K1	SPBC216.04c	GO:1990748		284812	SPBC216.04c	P
UniProtKB	Q9Y7K4	SPBC2A9.02	GO:1990748		284812	SPBC2A9.02	P
UniProtKB	Q9Y7Q2	gst1	GO:1990748		284812	gst1,SPCC191.09c	P
UniProtKB	Q9Y7Q2	gst1	GO:0004602		284812	gst1,SPCC191.09c	F
UniProtKB	P00431	CCP1	GO:0004601		559292	CCP1,CCP,CPO,YKR066C	F
UniProtKB	P00431	CCP1	GO:0004601		559292	CCP1,CCP,CPO,YKR066C	F
UniProtKB	P00431	CCP1	GO:0004601		559292	CCP1,CCP,CPO,YKR066C	F
UniProtKB	P00431	CCP1	GO:0004130		559292	CCP1,CCP,CPO,YKR066C	F
UniProtKB	P00431	CCP1	GO:0004130		559292	CCP1,CCP,CPO,YKR066C	F
UniProtKB	P00431	CCP1	GO:0004130		559292	CCP1,CCP,CPO,YKR066C	F
UniProtKB	P00431	CCP1	GO:0004130		559292	CCP1,CCP,CPO,YKR066C	F
UniProtKB	P00431	CCP1	GO:0004130		559292	CCP1,CCP,CPO,YKR066C	F
UniProtKB	P00431	CCP1	GO:0004130		559292	CCP1,CCP,CPO,YKR066C	F
UniProtKB	P00431	CCP1	GO:0098869		559292	CCP1,CCP,CPO,YKR066C	P
UniProtKB	P00431	CCP1	GO:0098869		559292	CCP1,CCP,CPO,YKR066C	P
UniProtKB	P00431	CCP1	GO:0098869		559292	CCP1,CCP,CPO,YKR066C	P
UniProtKB	P00431	CCP1	GO:0098869		559292	CCP1,CCP,CPO,YKR066C	P
UniProtKB	P00431	CCP1	GO:0098869		559292	CCP1,CCP,CPO,YKR066C	P
UniProtKB	P00431	CCP1	GO:0098869		559292	CCP1,CCP,CPO,YKR066C	P
UniProtKB	P00431	CCP1	GO:0098869		559292	CCP1,CCP,CPO,YKR066C	P
UniProtKB	P00431	CCP1	GO:0098869		559292	CCP1,CCP,CPO,YKR066C	P
UniProtKB	P00431	CCP1	GO:0098869		559292	CCP1,CCP,CPO,YKR066C	P
UniProtKB	P00445	SOD1	GO:0019430		559292	SOD1,YJR104C,J1968	P
UniProtKB	P00445	SOD1	GO:0004784		559292	SOD1,YJR104C,J1968	F
UniProtKB	P00445	SOD1	GO:0016209		559292	SOD1,YJR104C,J1968	F
UniProtKB	P00445	SOD1	GO:0004784		559292	SOD1,YJR104C,J1968	F
UniProtKB	P00445	SOD1	GO:0004784		559292	SOD1,YJR104C,J1968	F
UniProtKB	P00445	SOD1	GO:0019430		559292	SOD1,YJR104C,J1968	P
UniProtKB	P00445	SOD1	GO:0019430		559292	SOD1,YJR104C,J1968	P
UniProtKB	P00445	SOD1	GO:0004784		559292	SOD1,YJR104C,J1968	F
UniProtKB	P00447	SOD2	GO:0004784		559292	SOD2,YHR008C	F
UniProtKB	P00447	SOD2	GO:0004784		559292	SOD2,YHR008C	F
UniProtKB	P00447	SOD2	GO:0016209		559292	SOD2,YHR008C	F
UniProtKB	P00447	SOD2	GO:0004784		559292	SOD2,YHR008C	F
UniProtKB	P00447	SOD2	GO:0004784		559292	SOD2,YHR008C	F
UniProtKB	P00447	SOD2	GO:0004784		559292	SOD2,YHR008C	F
UniProtKB	P00447	SOD2	GO:0004784		559292	SOD2,YHR008C	F
UniProtKB	P00447	SOD2	GO:0098869		559292	SOD2,YHR008C	P
UniProtKB	P00447	SOD2	GO:0019430		559292	SOD2,YHR008C	P
UniProtKB	P00447	SOD2	GO:0019430		559292	SOD2,YHR008C	P
UniProtKB	P00447	SOD2	GO:0019430		559292	SOD2,YHR008C	P
UniProtKB	P00447	SOD2	GO:0019430		559292	SOD2,YHR008C	P
UniProtKB	P00447	SOD2	GO:0019430		559292	SOD2,YHR008C	P
UniProtKB	P00447	SOD2	GO:0019430		559292	SOD2,YHR008C	P
UniProtKB	P06115	CTT1	GO:0004096		559292	CTT1,YGR088W	F
UniProtKB	P06115	CTT1	GO:0004096		559292	CTT1,YGR088W	F
UniProtKB	P06115	CTT1	GO:0004601		559292	CTT1,YGR088W	F
UniProtKB	P06115	CTT1	GO:0004096		559292	CTT1,YGR088W	F
UniProtKB	P06115	CTT1	GO:0004096		559292	CTT1,YGR088W	F
UniProtKB	P06115	CTT1	GO:0004096		559292	CTT1,YGR088W	F
UniProtKB	P06115	CTT1	GO:0098869		559292	CTT1,YGR088W	P
UniProtKB	P06115	CTT1	GO:0098869		559292	CTT1,YGR088W	P
UniProtKB	P06115	CTT1	GO:0098869		559292	CTT1,YGR088W	P
UniProtKB	P06115	CTT1	GO:0098869		559292	CTT1,YGR088W	P
UniProtKB	P06115	CTT1	GO:0098869		559292	CTT1,YGR088W	P
UniProtKB	P06115	CTT1	GO:0098869		559292	CTT1,YGR088W	P
UniProtKB	P0CX80	CUP1-1	GO:0010273		559292	CUP1-1,MTH1,YHR053C	P
UniProtKB	P0CX80	CUP1-1	GO:0071585		559292	CUP1-1,MTH1,YHR053C	P
UniProtKB	P0CX80	CUP1-1	GO:0016209		559292	CUP1-1,MTH1,YHR053C	F
UniProtKB	P0CX80	CUP1-1	GO:0019430		559292	CUP1-1,MTH1,YHR053C	P
UniProtKB	P0CX80	CUP1-1	GO:0019430		559292	CUP1-1,MTH1,YHR053C	P
UniProtKB	P0CX80	CUP1-1	GO:0010273		559292	CUP1-1,MTH1,YHR053C	P
UniProtKB	P0CX80	CUP1-1	GO:0071585		559292	CUP1-1,MTH1,YHR053C	P
UniProtKB	P0CX80	CUP1-1	GO:0004784		559292	CUP1-1,MTH1,YHR053C	F
UniProtKB	P0CX81	CUP1-2	GO:0010273		559292	CUP1-2,MTH1,YHR055C	P
UniProtKB	P0CX81	CUP1-2	GO:0071585		559292	CUP1-2,MTH1,YHR055C	P
UniProtKB	P0CX81	CUP1-2	GO:0016209		559292	CUP1-2,MTH1,YHR055C	F
UniProtKB	P0CX81	CUP1-2	GO:0019430		559292	CUP1-2,MTH1,YHR055C	P
UniProtKB	P0CX81	CUP1-2	GO:0019430		559292	CUP1-2,MTH1,YHR055C	P
UniProtKB	P0CX81	CUP1-2	GO:0010273		559292	CUP1-2,MTH1,YHR055C	P
UniProtKB	P0CX81	CUP1-2	GO:0071585		559292	CUP1-2,MTH1,YHR055C	P
UniProtKB	P0CX81	CUP1-2	GO:0004784		559292	CUP1-2,MTH1,YHR055C	F
UniProtKB	P10662	MRP1	GO:0004784		559292	MRP1,YDR347W,D9651.1	F
UniProtKB	P10662	MRP1	GO:0019430		559292	MRP1,YDR347W,D9651.1	P
UniProtKB	P15202	CTA1	GO:0004096		559292	CTA1,YDR256C,YD9320A.06C	F
UniProtKB	P15202	CTA1	GO:0004096		559292	CTA1,YDR256C,YD9320A.06C	F
UniProtKB	P15202	CTA1	GO:0004601		559292	CTA1,YDR256C,YD9320A.06C	F
UniProtKB	P15202	CTA1	GO:0004096		559292	CTA1,YDR256C,YD9320A.06C	F
UniProtKB	P15202	CTA1	GO:0004096		559292	CTA1,YDR256C,YD9320A.06C	F
UniProtKB	P15202	CTA1	GO:0004096		559292	CTA1,YDR256C,YD9320A.06C	F
UniProtKB	P15202	CTA1	GO:0004096		559292	CTA1,YDR256C,YD9320A.06C	F
UniProtKB	P15202	CTA1	GO:0004096		559292	CTA1,YDR256C,YD9320A.06C	F
UniProtKB	P15202	CTA1	GO:0098869		559292	CTA1,YDR256C,YD9320A.06C	P
UniProtKB	P15202	CTA1	GO:0098869		559292	CTA1,YDR256C,YD9320A.06C	P
UniProtKB	P15202	CTA1	GO:0098869		559292	CTA1,YDR256C,YD9320A.06C	P
UniProtKB	P15202	CTA1	GO:0098869		559292	CTA1,YDR256C,YD9320A.06C	P
UniProtKB	P15202	CTA1	GO:0098869		559292	CTA1,YDR256C,YD9320A.06C	P
UniProtKB	P15202	CTA1	GO:0098869		559292	CTA1,YDR256C,YD9320A.06C	P
UniProtKB	P15202	CTA1	GO:0098869		559292	CTA1,YDR256C,YD9320A.06C	P
UniProtKB	P15202	CTA1	GO:0098869		559292	CTA1,YDR256C,YD9320A.06C	P
UniProtKB	P17695	GRX2	GO:0004362		559292	GRX2,TTR,TTR1,YDR513W,D9719.17	F
UniProtKB	P17695	GRX2	GO:0004602		559292	GRX2,TTR,TTR1,YDR513W,D9719.17	F
UniProtKB	P17695	GRX2	GO:0004602		559292	GRX2,TTR,TTR1,YDR513W,D9719.17	F
UniProtKB	P17695	GRX2	GO:0004602		559292	GRX2,TTR,TTR1,YDR513W,D9719.17	F
UniProtKB	P17695	GRX2	GO:0004602		559292	GRX2,TTR,TTR1,YDR513W,D9719.17	F
UniProtKB	P17695	GRX2	GO:0098869		559292	GRX2,TTR,TTR1,YDR513W,D9719.17	P
UniProtKB	P17695	GRX2	GO:0098869		559292	GRX2,TTR,TTR1,YDR513W,D9719.17	P
UniProtKB	P17695	GRX2	GO:0098869		559292	GRX2,TTR,TTR1,YDR513W,D9719.17	P
UniProtKB	P17695	GRX2	GO:0098869		559292	GRX2,TTR,TTR1,YDR513W,D9719.17	P
UniProtKB	P17695	GRX2	GO:0098869		559292	GRX2,TTR,TTR1,YDR513W,D9719.17	P
UniProtKB	P23202	URE2	GO:0004602		559292	URE2,YNL229C,N1165	F
UniProtKB	P23202	URE2	GO:0004602		559292	URE2,YNL229C,N1165	F
UniProtKB	P23202	URE2	GO:0004602		559292	URE2,YNL229C,N1165	F
UniProtKB	P23202	URE2	GO:0098869		559292	URE2,YNL229C,N1165	P
UniProtKB	P23202	URE2	GO:0098869		559292	URE2,YNL229C,N1165	P
UniProtKB	P23202	URE2	GO:0098869		559292	URE2,YNL229C,N1165	P
UniProtKB	P25373	GRX1	GO:0004362		559292	GRX1,YCL035C,YCL35C	F
UniProtKB	P25373	GRX1	GO:0004602		559292	GRX1,YCL035C,YCL35C	F
UniProtKB	P25373	GRX1	GO:0004602		559292	GRX1,YCL035C,YCL35C	F
UniProtKB	P25373	GRX1	GO:0004602		559292	GRX1,YCL035C,YCL35C	F
UniProtKB	P25373	GRX1	GO:0004602		559292	GRX1,YCL035C,YCL35C	F
UniProtKB	P25373	GRX1	GO:0004602		559292	GRX1,YCL035C,YCL35C	F
UniProtKB	P25373	GRX1	GO:0098869		559292	GRX1,YCL035C,YCL35C	P
UniProtKB	P25373	GRX1	GO:0098869		559292	GRX1,YCL035C,YCL35C	P
UniProtKB	P25373	GRX1	GO:0098869		559292	GRX1,YCL035C,YCL35C	P
UniProtKB	P25373	GRX1	GO:0098869		559292	GRX1,YCL035C,YCL35C	P
UniProtKB	P25373	GRX1	GO:0098869		559292	GRX1,YCL035C,YCL35C	P
UniProtKB	P25373	GRX1	GO:0098869		559292	GRX1,YCL035C,YCL35C	P
UniProtKB	P29509	TRR1	GO:0004791		559292	TRR1,YDR353W,D9476.5	F
UniProtKB	P29509	TRR1	GO:0019430		559292	TRR1,YDR353W,D9476.5	P
UniProtKB	P29509	TRR1	GO:0004791		559292	TRR1,YDR353W,D9476.5	F
UniProtKB	P29509	TRR1	GO:0004791		559292	TRR1,YDR353W,D9476.5	F
UniProtKB	P29509	TRR1	GO:0004791		559292	TRR1,YDR353W,D9476.5	F
UniProtKB	P29509	TRR1	GO:0004791		559292	TRR1,YDR353W,D9476.5	F
UniProtKB	P29509	TRR1	GO:0004791		559292	TRR1,YDR353W,D9476.5	F
UniProtKB	P32568	SNQ2	GO:1990961		559292	SNQ2,YDR011W,YD8119.16	P
UniProtKB	P32771	SFA1	GO:0046294		559292	SFA1,SFA,YDL168W	P
UniProtKB	P32771	SFA1	GO:0046294		559292	SFA1,SFA,YDL168W	P
UniProtKB	P33302	PDR5	GO:1990961		559292	PDR5,LEM1,STS1,YDR1,YOR153W	P
UniProtKB	P33302	PDR5	GO:1990961		559292	PDR5,LEM1,STS1,YDR1,YOR153W	P
UniProtKB	P34227	PRX1	GO:0008379		559292	PRX1,YBL064C,YBL0503,YBL0524	F
UniProtKB	P34227	PRX1	GO:0004601		559292	PRX1,YBL064C,YBL0503,YBL0524	F
UniProtKB	P34227	PRX1	GO:0098869		559292	PRX1,YBL064C,YBL0503,YBL0524	P
UniProtKB	P34227	PRX1	GO:0008379		559292	PRX1,YBL064C,YBL0503,YBL0524	F
UniProtKB	P34227	PRX1	GO:0016209		559292	PRX1,YBL064C,YBL0503,YBL0524	F
UniProtKB	P34227	PRX1	GO:0051920		559292	PRX1,YBL064C,YBL0503,YBL0524	F
UniProtKB	P34227	PRX1	GO:0016209		559292	PRX1,YBL064C,YBL0503,YBL0524	F
UniProtKB	P34227	PRX1	GO:0004601		559292	PRX1,YBL064C,YBL0503,YBL0524	F
UniProtKB	P34227	PRX1	GO:0008379		559292	PRX1,YBL064C,YBL0503,YBL0524	F
UniProtKB	P34227	PRX1	GO:0008379		559292	PRX1,YBL064C,YBL0503,YBL0524	F
UniProtKB	P34227	PRX1	GO:0008379		559292	PRX1,YBL064C,YBL0503,YBL0524	F
UniProtKB	P34760	TSA1	GO:0016209		559292	TSA1,TPX1,TSA,ZRG14,YML028W	F
UniProtKB	P34760	TSA1	GO:0051920		559292	TSA1,TPX1,TSA,ZRG14,YML028W	F
UniProtKB	P34760	TSA1	GO:0016209		559292	TSA1,TPX1,TSA,ZRG14,YML028W	F
UniProtKB	P34760	TSA1	GO:0004601		559292	TSA1,TPX1,TSA,ZRG14,YML028W	F
UniProtKB	P34760	TSA1	GO:0051920		559292	TSA1,TPX1,TSA,ZRG14,YML028W	F
UniProtKB	P34760	TSA1	GO:0008379		559292	TSA1,TPX1,TSA,ZRG14,YML028W	F
UniProtKB	P34760	TSA1	GO:0008379		559292	TSA1,TPX1,TSA,ZRG14,YML028W	F
UniProtKB	P34760	TSA1	GO:0051920		559292	TSA1,TPX1,TSA,ZRG14,YML028W	F
UniProtKB	P34760	TSA1	GO:0008379		559292	TSA1,TPX1,TSA,ZRG14,YML028W	F
UniProtKB	P34760	TSA1	GO:0008379		559292	TSA1,TPX1,TSA,ZRG14,YML028W	F
UniProtKB	P34760	TSA1	GO:0098869		559292	TSA1,TPX1,TSA,ZRG14,YML028W	P
UniProtKB	P34760	TSA1	GO:0098869		559292	TSA1,TPX1,TSA,ZRG14,YML028W	P
UniProtKB	P34760	TSA1	GO:0098869		559292	TSA1,TPX1,TSA,ZRG14,YML028W	P
UniProtKB	P34760	TSA1	GO:0098869		559292	TSA1,TPX1,TSA,ZRG14,YML028W	P
UniProtKB	P34760	TSA1	GO:0098869		559292	TSA1,TPX1,TSA,ZRG14,YML028W	P
UniProtKB	P34760	TSA1	GO:0098869		559292	TSA1,TPX1,TSA,ZRG14,YML028W	P
UniProtKB	P34760	TSA1	GO:0098869		559292	TSA1,TPX1,TSA,ZRG14,YML028W	P
UniProtKB	P34760	TSA1	GO:0098869		559292	TSA1,TPX1,TSA,ZRG14,YML028W	P
UniProtKB	P34760	TSA1	GO:0098869		559292	TSA1,TPX1,TSA,ZRG14,YML028W	P
UniProtKB	P34760	TSA1	GO:0098869		559292	TSA1,TPX1,TSA,ZRG14,YML028W	P
UniProtKB	P34760	TSA1	GO:0098869		559292	TSA1,TPX1,TSA,ZRG14,YML028W	P
UniProtKB	P34760	TSA1	GO:0008379		559292	TSA1,TPX1,TSA,ZRG14,YML028W	F
UniProtKB	P36014	GPX1	GO:0004601		559292	GPX1,YKL026C	F
UniProtKB	P36014	GPX1	GO:0004602		559292	GPX1,YKL026C	F
UniProtKB	P36014	GPX1	GO:0016209		559292	GPX1,YKL026C	F
UniProtKB	P36014	GPX1	GO:0004601		559292	GPX1,YKL026C	F
UniProtKB	P36014	GPX1	GO:0004602		559292	GPX1,YKL026C	F
UniProtKB	P36014	GPX1	GO:0051920		559292	GPX1,YKL026C	F
UniProtKB	P36014	GPX1	GO:0047066		559292	GPX1,YKL026C	F
UniProtKB	P36014	GPX1	GO:0004602		559292	GPX1,YKL026C	F
UniProtKB	P36014	GPX1	GO:0047066		559292	GPX1,YKL026C	F
UniProtKB	P36014	GPX1	GO:0004602		559292	GPX1,YKL026C	F
UniProtKB	P36014	GPX1	GO:0098869		559292	GPX1,YKL026C	P
UniProtKB	P36014	GPX1	GO:0098869		559292	GPX1,YKL026C	P
UniProtKB	P36014	GPX1	GO:0098869		559292	GPX1,YKL026C	P
UniProtKB	P36014	GPX1	GO:0098869		559292	GPX1,YKL026C	P
UniProtKB	P36014	GPX1	GO:0098869		559292	GPX1,YKL026C	P
UniProtKB	P36014	GPX1	GO:0098869		559292	GPX1,YKL026C	P
UniProtKB	P36014	GPX1	GO:0098869		559292	GPX1,YKL026C	P
UniProtKB	P36014	GPX1	GO:0098869		559292	GPX1,YKL026C	P
UniProtKB	P36077	SRX1	GO:0032542		559292	SRX1,YKL086W	F
UniProtKB	P36077	SRX1	GO:0032542		559292	SRX1,YKL086W	F
UniProtKB	P36077	SRX1	GO:0016209		559292	SRX1,YKL086W	F
UniProtKB	P36077	SRX1	GO:0032542		559292	SRX1,YKL086W	F
UniProtKB	P36077	SRX1	GO:0032542		559292	SRX1,YKL086W	F
UniProtKB	P36077	SRX1	GO:0032542		559292	SRX1,YKL086W	F
UniProtKB	P36077	SRX1	GO:0098869		559292	SRX1,YKL086W	P
UniProtKB	P36077	SRX1	GO:0098869		559292	SRX1,YKL086W	P
UniProtKB	P36077	SRX1	GO:0098869		559292	SRX1,YKL086W	P
UniProtKB	P36077	SRX1	GO:0098869		559292	SRX1,YKL086W	P
UniProtKB	P36077	SRX1	GO:0098869		559292	SRX1,YKL086W	P
UniProtKB	P36077	SRX1	GO:0098869		559292	SRX1,YKL086W	P
UniProtKB	P36086	YKL071W	GO:0110095		559292	YKL071W	P
UniProtKB	P36156	ECM4	GO:0045174		559292	ECM4,GTO2,YKR076W	F
UniProtKB	P36156	ECM4	GO:0045174		559292	ECM4,GTO2,YKR076W	F
UniProtKB	P36156	ECM4	GO:0098869		559292	ECM4,GTO2,YKR076W	P
UniProtKB	P36156	ECM4	GO:0098869		559292	ECM4,GTO2,YKR076W	P
UniProtKB	P38013	AHP1	GO:0008379		559292	AHP1,YLR109W,L2916,L9354.5	F
UniProtKB	P38013	AHP1	GO:0016209		559292	AHP1,YLR109W,L2916,L9354.5	F
UniProtKB	P38013	AHP1	GO:0004601		559292	AHP1,YLR109W,L2916,L9354.5	F
UniProtKB	P38013	AHP1	GO:0051920		559292	AHP1,YLR109W,L2916,L9354.5	F
UniProtKB	P38013	AHP1	GO:0008379		559292	AHP1,YLR109W,L2916,L9354.5	F
UniProtKB	P38013	AHP1	GO:0008379		559292	AHP1,YLR109W,L2916,L9354.5	F
UniProtKB	P38013	AHP1	GO:0098869		559292	AHP1,YLR109W,L2916,L9354.5	P
UniProtKB	P38013	AHP1	GO:0098869		559292	AHP1,YLR109W,L2916,L9354.5	P
UniProtKB	P38013	AHP1	GO:0098869		559292	AHP1,YLR109W,L2916,L9354.5	P
UniProtKB	P38013	AHP1	GO:0098869		559292	AHP1,YLR109W,L2916,L9354.5	P
UniProtKB	P38013	AHP1	GO:0098869		559292	AHP1,YLR109W,L2916,L9354.5	P
UniProtKB	P38013	AHP1	GO:0098869		559292	AHP1,YLR109W,L2916,L9354.5	P
UniProtKB	P38068	GRX7	GO:0004362		559292	GRX7,GRX6,YBR014C,YBR0219	F
UniProtKB	P38068	GRX7	GO:0098869		559292	GRX7,GRX6,YBR014C,YBR0219	P
UniProtKB	P38124	FLR1	GO:1990961		559292	FLR1,YBR008C,YBR0120	P
UniProtKB	P38124	FLR1	GO:1990961		559292	FLR1,YBR008C,YBR0120	P
UniProtKB	P38124	FLR1	GO:1990961		559292	FLR1,YBR008C,YBR0120	P
UniProtKB	P38124	FLR1	GO:1990961		559292	FLR1,YBR008C,YBR0120	P
UniProtKB	P38143	GPX2	GO:0004601		559292	GPX2,YBR244W,YBR1632	F
UniProtKB	P38143	GPX2	GO:0004602		559292	GPX2,YBR244W,YBR1632	F
UniProtKB	P38143	GPX2	GO:0016209		559292	GPX2,YBR244W,YBR1632	F
UniProtKB	P38143	GPX2	GO:0004601		559292	GPX2,YBR244W,YBR1632	F
UniProtKB	P38143	GPX2	GO:0051920		559292	GPX2,YBR244W,YBR1632	F
UniProtKB	P38143	GPX2	GO:0004602		559292	GPX2,YBR244W,YBR1632	F
UniProtKB	P38143	GPX2	GO:0004602		559292	GPX2,YBR244W,YBR1632	F
UniProtKB	P38143	GPX2	GO:0047066		559292	GPX2,YBR244W,YBR1632	F
UniProtKB	P38143	GPX2	GO:0004602		559292	GPX2,YBR244W,YBR1632	F
UniProtKB	P38143	GPX2	GO:0047066		559292	GPX2,YBR244W,YBR1632	F
UniProtKB	P38143	GPX2	GO:0098869		559292	GPX2,YBR244W,YBR1632	P
UniProtKB	P38143	GPX2	GO:0098869		559292	GPX2,YBR244W,YBR1632	P
UniProtKB	P38143	GPX2	GO:0098869		559292	GPX2,YBR244W,YBR1632	P
UniProtKB	P38143	GPX2	GO:0098869		559292	GPX2,YBR244W,YBR1632	P
UniProtKB	P38143	GPX2	GO:0098869		559292	GPX2,YBR244W,YBR1632	P
UniProtKB	P38143	GPX2	GO:0098869		559292	GPX2,YBR244W,YBR1632	P
UniProtKB	P38143	GPX2	GO:0098869		559292	GPX2,YBR244W,YBR1632	P
UniProtKB	P38143	GPX2	GO:0098869		559292	GPX2,YBR244W,YBR1632	P
UniProtKB	P38735	VMR1	GO:1990961		559292	VMR1,YHL035C	P
UniProtKB	P38735	VMR1	GO:1990961		559292	VMR1,YHL035C	P
UniProtKB	P38767	ERC1	GO:1990961		559292	ERC1,YHR032W	P
UniProtKB	P38776	YHK8	GO:1990961		559292	YHK8,YHR048W	P
UniProtKB	P38816	TRR2	GO:0004791		559292	TRR2,YHR106W	F
UniProtKB	P38816	TRR2	GO:0019430		559292	TRR2,YHR106W	P
UniProtKB	P38816	TRR2	GO:0004791		559292	TRR2,YHR106W	F
UniProtKB	P38816	TRR2	GO:0004791		559292	TRR2,YHR106W	F
UniProtKB	P38816	TRR2	GO:0004791		559292	TRR2,YHR106W	F
UniProtKB	P38816	TRR2	GO:0004791		559292	TRR2,YHR106W	F
UniProtKB	P38816	TRR2	GO:0004791		559292	TRR2,YHR106W	F
UniProtKB	P39979	HPA3	GO:0070458		559292	HPA3,YEL066W	P
UniProtKB	P39979	HPA3	GO:0070458		559292	HPA3,YEL066W	P
UniProtKB	P40202	CCS1	GO:0019430		559292	CCS1,LYS7,YMR038C,YM9532.03C	P
UniProtKB	P40202	CCS1	GO:0004784		559292	CCS1,LYS7,YMR038C,YM9532.03C	F
UniProtKB	P40202	CCS1	GO:0019430		559292	CCS1,LYS7,YMR038C,YM9532.03C	P
UniProtKB	P40363	YJL068C	GO:0046294		559292	YJL068C,HRE299,J1102	P
UniProtKB	P40363	YJL068C	GO:0046294		559292	YJL068C,HRE299,J1102	P
UniProtKB	P40553	DOT5	GO:0008379		559292	DOT5,YIL010W	F
UniProtKB	P40553	DOT5	GO:0016209		559292	DOT5,YIL010W	F
UniProtKB	P40553	DOT5	GO:0016209		559292	DOT5,YIL010W	F
UniProtKB	P40553	DOT5	GO:0004601		559292	DOT5,YIL010W	F
UniProtKB	P40553	DOT5	GO:0051920		559292	DOT5,YIL010W	F
UniProtKB	P40553	DOT5	GO:0008379		559292	DOT5,YIL010W	F
UniProtKB	P40553	DOT5	GO:0008379		559292	DOT5,YIL010W	F
UniProtKB	P40553	DOT5	GO:0098869		559292	DOT5,YIL010W	P
UniProtKB	P40553	DOT5	GO:0098869		559292	DOT5,YIL010W	P
UniProtKB	P40553	DOT5	GO:0098869		559292	DOT5,YIL010W	P
UniProtKB	P40553	DOT5	GO:0098869		559292	DOT5,YIL010W	P
UniProtKB	P40553	DOT5	GO:0098869		559292	DOT5,YIL010W	P
UniProtKB	P40553	DOT5	GO:0098869		559292	DOT5,YIL010W	P
UniProtKB	P40553	DOT5	GO:0098869		559292	DOT5,YIL010W	P
UniProtKB	P40581	HYR1	GO:0004601		559292	HYR1,GPX3,ORP1,YIR037W	F
UniProtKB	P40581	HYR1	GO:0004602		559292	HYR1,GPX3,ORP1,YIR037W	F
UniProtKB	P40581	HYR1	GO:0016209		559292	HYR1,GPX3,ORP1,YIR037W	F
UniProtKB	P40581	HYR1	GO:0004601		559292	HYR1,GPX3,ORP1,YIR037W	F
UniProtKB	P40581	HYR1	GO:0051920		559292	HYR1,GPX3,ORP1,YIR037W	F
UniProtKB	P40581	HYR1	GO:0004602		559292	HYR1,GPX3,ORP1,YIR037W	F
UniProtKB	P40581	HYR1	GO:0047066		559292	HYR1,GPX3,ORP1,YIR037W	F
UniProtKB	P40581	HYR1	GO:0004602		559292	HYR1,GPX3,ORP1,YIR037W	F
UniProtKB	P40581	HYR1	GO:0047066		559292	HYR1,GPX3,ORP1,YIR037W	F
UniProtKB	P40581	HYR1	GO:0098869		559292	HYR1,GPX3,ORP1,YIR037W	P
UniProtKB	P40581	HYR1	GO:0098869		559292	HYR1,GPX3,ORP1,YIR037W	P
UniProtKB	P40581	HYR1	GO:0098869		559292	HYR1,GPX3,ORP1,YIR037W	P
UniProtKB	P40581	HYR1	GO:0098869		559292	HYR1,GPX3,ORP1,YIR037W	P
UniProtKB	P40581	HYR1	GO:0098869		559292	HYR1,GPX3,ORP1,YIR037W	P
UniProtKB	P40581	HYR1	GO:0098869		559292	HYR1,GPX3,ORP1,YIR037W	P
UniProtKB	P40581	HYR1	GO:0098869		559292	HYR1,GPX3,ORP1,YIR037W	P
UniProtKB	P40582	GTT1	GO:0004602		559292	GTT1,YIR038C	F
UniProtKB	P40582	GTT1	GO:0098869		559292	GTT1,YIR038C	P
UniProtKB	P41921	GLR1	GO:0004362		559292	GLR1,YPL091W,LPG17W	F
UniProtKB	P41921	GLR1	GO:0004362		559292	GLR1,YPL091W,LPG17W	F
UniProtKB	P41921	GLR1	GO:0004362		559292	GLR1,YPL091W,LPG17W	F
UniProtKB	P41921	GLR1	GO:0004362		559292	GLR1,YPL091W,LPG17W	F
UniProtKB	P41921	GLR1	GO:0004362		559292	GLR1,YPL091W,LPG17W	F
UniProtKB	P41921	GLR1	GO:0004362		559292	GLR1,YPL091W,LPG17W	F
UniProtKB	P41921	GLR1	GO:0098869		559292	GLR1,YPL091W,LPG17W	P
UniProtKB	P41921	GLR1	GO:0098869		559292	GLR1,YPL091W,LPG17W	P
UniProtKB	P41921	GLR1	GO:0098869		559292	GLR1,YPL091W,LPG17W	P
UniProtKB	P41921	GLR1	GO:0098869		559292	GLR1,YPL091W,LPG17W	P
UniProtKB	P41921	GLR1	GO:0098869		559292	GLR1,YPL091W,LPG17W	P
UniProtKB	P41921	GLR1	GO:0098869		559292	GLR1,YPL091W,LPG17W	P
UniProtKB	P47141	RSM26	GO:0004784		559292	RSM26,YJR101W,J1952	F
UniProtKB	P47141	RSM26	GO:0019430		559292	RSM26,YJR101W,J1952	P
UniProtKB	P47148	PXP2	GO:0051920		559292	PXP2,YJR111C,J2009	F
UniProtKB	P47148	PXP2	GO:0098869		559292	PXP2,YJR111C,J2009	P
UniProtKB	P48239	GTO1	GO:0045174		559292	GTO1,YGR154C,G6664	F
UniProtKB	P48239	GTO1	GO:0045174		559292	GTO1,YGR154C,G6664	F
UniProtKB	P48239	GTO1	GO:0098869		559292	GTO1,YGR154C,G6664	P
UniProtKB	P48239	GTO1	GO:0098869		559292	GTO1,YGR154C,G6664	P
UniProtKB	P51533	PDR10	GO:1990961		559292	PDR10,YOR328W	P
UniProtKB	P51533	PDR10	GO:1990961		559292	PDR10,YOR328W	P
UniProtKB	Q04120	TSA2	GO:0016209		559292	TSA2,YDR453C,D9461.38	F
UniProtKB	Q04120	TSA2	GO:0051920		559292	TSA2,YDR453C,D9461.38	F
UniProtKB	Q04120	TSA2	GO:0016209		559292	TSA2,YDR453C,D9461.38	F
UniProtKB	Q04120	TSA2	GO:0004601		559292	TSA2,YDR453C,D9461.38	F
UniProtKB	Q04120	TSA2	GO:0051920		559292	TSA2,YDR453C,D9461.38	F
UniProtKB	Q04120	TSA2	GO:0008379		559292	TSA2,YDR453C,D9461.38	F
UniProtKB	Q04120	TSA2	GO:0051920		559292	TSA2,YDR453C,D9461.38	F
UniProtKB	Q04120	TSA2	GO:0051920		559292	TSA2,YDR453C,D9461.38	F
UniProtKB	Q04120	TSA2	GO:0008379		559292	TSA2,YDR453C,D9461.38	F
UniProtKB	Q04120	TSA2	GO:0098869		559292	TSA2,YDR453C,D9461.38	P
UniProtKB	Q04120	TSA2	GO:0098869		559292	TSA2,YDR453C,D9461.38	P
UniProtKB	Q04120	TSA2	GO:0098869		559292	TSA2,YDR453C,D9461.38	P
UniProtKB	Q04120	TSA2	GO:0098869		559292	TSA2,YDR453C,D9461.38	P
UniProtKB	Q04120	TSA2	GO:0098869		559292	TSA2,YDR453C,D9461.38	P
UniProtKB	Q04120	TSA2	GO:0098869		559292	TSA2,YDR453C,D9461.38	P
UniProtKB	Q04120	TSA2	GO:0098869		559292	TSA2,YDR453C,D9461.38	P
UniProtKB	Q04120	TSA2	GO:0098869		559292	TSA2,YDR453C,D9461.38	P
UniProtKB	Q04120	TSA2	GO:0098869		559292	TSA2,YDR453C,D9461.38	P
UniProtKB	Q04182	PDR15	GO:1990961		559292	PDR15,YDR406W,D9509.24	P
UniProtKB	Q05497	YDR338C	GO:1990961		559292	YDR338C,D9651.8	P
UniProtKB	Q05497	YDR338C	GO:1990961		559292	YDR338C,D9651.8	P
UniProtKB	Q05926	GRX8	GO:0004362		559292	GRX8,YLR364W	F
UniProtKB	Q05926	GRX8	GO:0098869		559292	GRX8,YLR364W	P
UniProtKB	Q12226	AYT1	GO:0043387		559292	AYT1,YLL063C,L0549	P
UniProtKB	Q12438	GRX6	GO:0004362		559292	GRX6,YDL010W,D2890	F
UniProtKB	Q12438	GRX6	GO:0004362		559292	GRX6,YDL010W,D2890	F
UniProtKB	Q12438	GRX6	GO:0098869		559292	GRX6,YDL010W,D2890	P
UniProtKB	Q12438	GRX6	GO:0098869		559292	GRX6,YDL010W,D2890	P
ComplexPortal	CPX-2267	sod1-ccs1_yeast	GO:0019430		559292	CCS1:SOD1	P
ComplexPortal	CPX-2896	sod1_yeast	GO:0004784		559292	SOD1 dimer,Copper???zinc superoxide dismutase	F
ComplexPortal	CPX-2896	sod1_yeast	GO:0019430		559292	SOD1 dimer,Copper???zinc superoxide dismutase	P
